N = 3, P = 1, g = 1.000000, T = 1.000000, l = 10, Block = 1, Number of Blocks = 1, Number of Steps = 100000
MC Step, Potential Energy, Correlation
1,-4.000000,2.000000
2,-3.123202,0.900969
3,-3.304955,1.652478
4,-3.911146,1.955573
5,-2.605388,-0.134659
6,-3.478716,2.000000
7,-2.060606,1.030303
8,-2.835050,1.320914
9,-3.365341,0.730682
10,-2.826042,1.911146
11,-2.730682,1.365341
12,-2.883745,1.030303
13,-2.873202,0.400969
14,-1.607199,0.123490
15,-1.396440,0.698220
16,-1.794458,-1.889800
17,-0.427724,0.054604
18,-2.184738,-0.367711
19,-1.306849,1.246980
20,-2.598822,-0.147791
21,-2.155959,-0.425270
22,-3.563623,1.781812
23,-3.656250,1.579063
24,-2.941449,0.149460
25,-2.793116,1.623490
26,-1.593993,0.988831
27,-2.106074,-0.658322
28,-3.158125,1.579063
29,-1.207436,0.603718
30,-1.647948,-0.445042
31,-2.316833,-1.233052
32,-1.225625,-1.123490
33,-1.773241,0.455573
34,-3.333174,1.320914
35,-3.911146,1.955573
36,-1.762008,1.191580
37,-3.158125,1.579063
38,-3.427775,0.988831
39,-3.658223,1.449729
40,-3.656250,1.579063
41,-1.568917,-1.211352
42,-2.383160,1.191580
43,-2.711958,1.074730
44,-3.478716,2.000000
45,-3.158125,1.579063
46,-2.874250,1.652478
47,-3.333174,1.320914
48,-2.635719,0.400969
49,-2.826042,1.911146
50,-2.700489,1.826239
51,-3.304955,1.652478
52,-1.813332,-0.722521
53,-3.826239,1.652478
54,-2.168944,1.246980
55,-3.822291,1.911146
56,-2.883745,1.030303
57,-3.335148,1.191580
58,-3.335148,1.191580
59,-3.324167,1.911146
60,-3.335148,1.191580
61,-2.883745,1.030303
62,-3.822291,1.911146
63,-0.434577,-0.109562
64,-1.833963,0.093187
65,-2.826042,1.911146
66,-1.396440,0.698220
67,-3.215828,0.698220
68,-2.056191,-1.233052
69,-3.153395,0.440071
70,-3.822291,1.911146
71,-0.801938,0.400969
72,-1.934194,0.777479
73,-2.859464,-0.147791
74,-2.885719,0.900969
75,-3.779838,1.826239
76,-2.431855,0.900969
77,-1.661706,-1.634021
78,-1.668109,-1.400969
79,-1.607199,0.123490
80,-3.123202,0.900969
81,-3.427775,0.988831
82,-2.793116,1.623490
83,-2.641828,1.320914
84,-3.397582,1.449729
85,-3.326140,1.781812
86,-1.014727,-0.162592
87,-3.158125,1.579063
88,-2.163198,1.623490
89,-2.941449,0.149460
90,-0.437586,-0.445042
91,-1.300576,-0.365341
92,-3.326140,1.781812
93,-3.528889,1.579063
94,-3.167133,0.988831
95,-2.440004,0.142820
96,-2.563163,1.030303
97,-3.563623,1.781812
98,-1.551012,1.781812
99,-2.793116,1.623490
100,-2.892753,0.440071
101,-0.399093,-1.400969
102,-3.658223,1.449729
103,-1.044797,-0.109562
104,-2.065597,-0.826239
105,-3.658223,1.449729
106,-3.911146,1.955573
107,-2.109756,0.123490
108,-3.563623,1.781812
109,-2.993868,1.030303
110,1.027496,1.579063
111,-1.760035,1.320914
112,-2.835050,1.320914
113,-2.181855,0.400969
114,0.531149,-0.658322
115,-1.634892,-0.826239
116,-1.086885,-1.400969
117,-0.147870,-0.074730
118,-2.563163,1.030303
119,-2.837543,1.579063
120,-2.899457,1.449729
121,-2.837543,1.579063
122,-3.088468,0.698220
123,-3.694931,1.911146
124,-2.466259,1.191580
125,-1.849772,0.733052
126,-0.831764,-0.535628
127,0.325184,-0.162592
128,-3.824265,1.781812
129,-3.324167,1.911146
130,-0.828197,0.988831
131,-2.706235,1.449729
132,-3.152379,1.955573
133,-3.335148,1.191580
134,-3.158125,1.579063
135,-3.826239,1.652478
136,-3.095692,1.320914
137,-3.397582,1.449729
138,-3.095692,1.320914
139,-3.822291,1.911146
140,-2.873202,0.400969
141,-1.864156,-0.367711
142,-3.427775,0.988831
143,-3.911146,1.955573
144,-3.484462,1.623490
145,-3.324167,1.911146
146,-3.152379,1.955573
147,-3.478716,2.000000
148,-0.109208,0.054604
149,-3.462508,1.191580
150,-2.184738,-0.367711
151,-2.184738,-0.367711
152,-2.872277,1.781812
153,0.556688,1.365341
154,-2.336959,1.449729
155,-3.065499,1.781812
156,-2.993868,1.030303
157,-2.572099,-0.722521
158,-1.461364,0.730682
159,-2.717704,0.698220
160,-2.367905,-0.134659
161,-4.000000,2.000000
162,-1.212812,0.093187
163,-2.208111,1.449729
164,-4.000000,2.000000
165,-3.167133,0.988831
166,-3.652478,1.826239
167,-3.824265,1.781812
168,-3.333174,1.320914
169,-3.656250,1.579063
170,-3.324167,1.911146
171,-2.700489,1.826239
172,-3.652478,1.826239
173,-2.872277,1.781812
174,-3.490208,1.246980
175,-3.490208,1.246980
176,-2.119812,-0.109562
177,-2.176109,0.777479
178,-2.385621,1.030303
179,-3.065499,1.781812
180,-3.161387,1.365341
181,-3.652478,1.826239
182,-2.163198,1.623490
183,-3.824265,1.781812
184,-2.367905,-0.134659
185,-3.824265,1.781812
186,-3.779838,1.826239
187,-2.670453,0.603718
188,-3.123202,0.900969
189,-1.634892,-0.826239
190,-1.419626,-1.123490
191,-3.123202,0.900969
192,-2.696708,1.652478
193,-1.462714,0.222521
194,-1.044797,-0.109562
195,-3.911146,1.955573
196,-2.541119,0.733052
197,-2.388932,-0.955573
198,-1.474108,-1.400969
199,-2.835050,1.320914
200,-3.397582,1.449729
201,-2.793116,1.623490
202,-2.742943,1.911146
203,-3.268248,1.579063
204,-2.598822,-0.147791
205,-2.065597,-0.826239
206,-3.484462,1.623490
207,-2.605388,-0.134659
208,-0.928928,-1.233052
209,-0.928928,-1.233052
210,-1.683887,-1.977662
211,-1.824442,1.449729
212,-3.528889,1.579063
213,-2.181855,0.400969
214,-1.214222,1.449729
215,-0.828197,0.988831
216,-2.336959,1.449729
217,-2.015156,0.455573
218,-1.845869,0.988831
219,-3.051264,1.365341
220,-1.233709,-0.623490
221,-1.921819,-1.889800
222,-1.185762,-1.977662
223,-2.899457,1.449729
224,-3.652478,1.826239
225,-3.563623,1.781812
226,-3.304955,1.652478
227,-3.333174,1.320914
228,-3.215828,0.698220
229,-2.711958,1.074730
230,-3.652478,1.826239
231,-3.324167,1.911146
232,-3.158125,1.579063
233,-2.208111,1.449729
234,-3.484462,1.623490
235,-0.642527,-0.914101
236,-1.231001,-1.634021
237,-2.526723,-0.425270
238,-1.593993,0.988831
239,-1.914041,-0.134659
240,-3.088468,0.698220
241,-1.719513,1.246980
242,-1.412671,0.730682
243,-3.088468,0.698220
244,-3.484462,1.623490
245,-1.643120,1.191580
246,-3.326140,1.781812
247,-3.528889,1.579063
248,-3.694931,1.911146
249,-3.434289,1.911146
250,-2.208111,1.449729
251,-2.938128,0.142820
252,-2.835050,1.320914
253,-1.928302,-1.488831
254,-2.056191,-1.233052
255,-1.960449,1.826239
256,-2.228125,1.365341
257,-2.938128,0.142820
258,-2.576901,1.579063
259,-1.934194,0.777479
260,-2.336959,1.449729
261,-3.484462,1.623490
262,-3.692957,1.652478
263,-0.916907,-0.365341
264,-1.233709,-0.623490
265,-0.842470,-1.889800
266,-1.878417,-1.721883
267,-2.892753,0.440071
268,-2.563163,1.030303
269,-2.374152,1.781812
270,-3.281713,1.826239
271,-3.095692,1.320914
272,-2.461033,1.955573
273,-1.244415,0.988831
274,-3.281713,1.826239
275,-3.824265,1.781812
276,-3.326140,1.781812
277,-2.051596,1.911146
278,-3.528889,1.579063
279,-3.088468,0.698220
280,-2.964384,1.191580
281,-3.194833,1.652478
282,0.092933,0.142820
283,-1.284124,-0.134659
284,-2.002903,1.911146
285,-2.518736,1.074730
286,-2.119812,-0.109562
287,-3.652478,1.826239
288,-3.304955,1.652478
289,-3.658223,1.449729
290,-3.167133,0.988831
291,-2.155959,-0.425270
292,0.179425,-0.134659
293,-3.652478,1.826239
294,-2.119812,-0.109562
295,-3.326140,1.781812
296,-1.775215,0.326239
297,-3.161387,1.365341
298,-3.563623,1.781812
299,-2.883745,1.030303
300,-1.588247,1.365341
301,-1.824442,1.449729
302,-3.911146,1.955573
303,-1.593993,0.988831
304,-4.000000,2.000000
305,-3.563623,1.781812
306,-2.110972,-1.123490
307,-2.793116,1.623490
308,-1.349578,0.500000
309,-3.652478,1.826239
310,-2.383160,1.191580
311,-0.458468,1.320914
312,-2.336959,1.449729
313,-3.427775,0.988831
314,-3.427775,0.988831
315,-0.309692,0.455573
316,-2.349870,0.603718
317,-2.311457,-0.722521
318,-2.430339,0.123490
319,-2.844057,0.730682
320,-3.652478,1.826239
321,-3.563623,1.781812
322,-3.652478,1.826239
323,-1.703282,0.440071
324,2.801938,-1.400969
325,-3.365341,0.730682
326,-2.541119,0.733052
327,-2.334986,1.579063
328,-3.158125,1.579063
329,-1.955475,-0.826239
330,-3.246980,1.623490
331,-1.461364,0.730682
332,-3.167133,0.988831
333,-2.780575,0.603718
334,-3.911146,1.955573
335,-3.911146,1.955573
336,-3.911146,1.955573
337,-2.347897,0.733052
338,-3.065499,1.781812
339,-3.563623,1.781812
340,-3.427775,0.988831
341,-3.822291,1.911146
342,-2.872277,1.781812
343,-3.167133,0.988831
344,-1.703282,0.440071
345,-1.275116,0.455573
346,-3.304955,1.652478
347,-3.065499,1.781812
348,-2.242359,1.781812
349,-3.335148,1.191580
350,-1.801938,0.900969
351,-2.176109,0.777479
352,-1.588247,1.365341
353,-3.826239,1.652478
354,-3.335148,1.191580
355,-3.427775,0.988831
356,-2.168944,1.246980
357,-2.826042,1.911146
358,-1.801938,0.900969
359,-2.493959,1.246980
360,-3.652478,1.826239
361,-2.859464,-0.147791
362,-2.810768,0.142820
363,-1.406715,-0.277479
364,-2.700489,1.826239
365,-3.652478,1.826239
366,-3.563623,1.781812
367,-1.849772,0.733052
368,-3.065499,1.781812
369,-0.721721,-0.367711
370,1.338389,-1.400969
371,-0.642527,-0.914101
372,-2.343556,-0.658322
373,-3.051264,1.365341
374,-2.885719,0.900969
375,-1.914041,-0.134659
376,0.382628,-0.277479
377,-0.322099,-0.722521
378,-3.911146,1.955573
379,-3.650504,1.955573
380,-2.826042,1.911146
381,-2.899457,1.449729
382,-2.518736,1.074730
383,-1.554958,0.777479
384,-2.899457,1.449729
385,-3.822291,1.911146
386,-2.641828,1.320914
387,-2.654083,-0.425270
388,-3.365341,0.730682
389,-3.822291,1.911146
390,-3.333174,1.320914
391,-3.822291,1.911146
392,-1.733246,0.500000
393,-3.911146,1.955573
394,-3.333174,1.320914
395,-2.885719,0.900969
396,-3.304955,1.652478
397,-3.304955,1.652478
398,-3.822291,1.911146
399,-2.343556,-0.658322
400,-3.152379,1.955573
401,-3.152379,1.955573
402,-3.088468,0.698220
403,-2.993868,1.030303
404,-3.694931,1.911146
405,-1.733246,0.500000
406,-1.231001,-1.634021
407,-2.155959,-0.425270
408,-2.899457,1.449729
409,-3.652478,1.826239
410,-3.335148,1.191580
411,-3.656250,1.579063
412,-3.563623,1.781812
413,-3.335148,1.191580
414,-2.873202,0.400969
415,0.440819,0.988831
416,-1.824442,1.449729
417,-2.742943,1.911146
418,-3.528889,1.579063
419,-1.551012,1.781812
420,-3.427775,0.988831
421,-2.576901,1.579063
422,0.216586,0.054604
423,-0.916907,-0.365341
424,-1.557314,-0.109562
425,-1.801938,0.900969
426,-3.397582,1.449729
427,-1.550062,0.900969
428,-2.383160,1.191580
429,-3.167133,0.988831
430,-2.883745,1.030303
431,-3.123202,0.900969
432,-3.335148,1.191580
433,-3.304955,1.652478
434,-3.326140,1.781812
435,-3.911146,1.955573
436,-3.822291,1.911146
437,-3.158125,1.579063
438,-1.198511,1.030303
439,-2.844057,0.730682
440,-3.658223,1.449729
441,-2.261572,-0.955573
442,-0.604474,-1.123490
443,-1.330319,-0.914101
444,-2.367905,-0.134659
445,-3.822291,1.911146
446,-3.152379,1.955573
447,-3.652478,1.826239
448,-3.095692,1.320914
449,-3.826239,1.652478
450,-3.822291,1.911146
451,-2.883745,1.030303
452,-0.431016,0.698220
453,-3.152379,1.955573
454,-3.153395,0.440071
455,-3.490208,1.246980
456,-0.643478,-0.033258
457,-1.607199,0.123490
458,-2.343556,-0.658322
459,-3.822291,1.911146
460,-2.208111,1.449729
461,-3.490208,1.246980
462,-1.794458,-1.889800
463,-2.670453,0.603718
464,-3.088468,0.698220
465,-1.254687,0.698220
466,-3.779838,1.826239
467,-3.427775,0.988831
468,-0.147870,-0.074730
469,-2.116349,-1.634021
470,-2.133667,-1.466104
471,-1.361599,-0.367711
472,-3.326140,1.781812
473,-3.528889,1.579063
474,-3.281713,1.826239
475,-1.072099,0.777479
476,-2.149460,1.074730
477,-3.563623,1.781812
478,-1.466104,0.733052
479,-3.427775,0.988831
480,-3.232059,0.730682
481,-3.462508,1.191580
482,-3.528889,1.579063
483,-1.170844,-1.233052
484,-2.572099,-0.722521
485,-2.872277,1.781812
486,-2.872277,1.781812
487,-2.259209,0.777479
488,-3.232059,0.730682
489,-1.594507,0.222521
490,-1.928302,-1.488831
491,-0.866720,-1.233052
492,-2.518736,1.074730
493,1.005585,0.988831
494,1.266452,-0.365341
495,-3.650504,1.955573
496,-2.844057,0.730682
497,-2.116349,-1.634021
498,-2.941449,0.149460
499,-2.060606,1.030303
500,-3.563623,1.781812
501,-3.652478,1.826239
502,-2.730682,1.365341
503,-3.824265,1.781812
504,-2.883745,1.030303
505,-2.883745,1.030303
506,-1.032469,0.698220
507,-3.161387,1.365341
508,-3.326140,1.781812
509,-3.822291,1.911146
510,-3.824265,1.781812
511,-2.899457,1.449729
512,-3.824265,1.781812
513,-2.717704,0.698220
514,0.000835,0.222521
515,-1.643120,1.191580
516,-3.658223,1.449729
517,-2.553446,0.149460
518,-3.326140,1.781812
519,-2.100697,-0.147791
520,-3.427775,0.988831
521,-1.978716,-1.000000
522,-2.837543,1.579063
523,-1.121986,-0.722521
524,-3.095692,1.320914
525,-3.694931,1.911146
526,-0.643478,-0.033258
527,-0.669220,1.781812
528,-2.431855,0.900969
529,-3.397582,1.449729
530,-3.623490,1.246980
531,-3.462508,1.191580
532,-2.859464,-0.147791
533,-2.605388,-0.134659
534,-0.521367,-0.277479
535,-3.484462,1.623490
536,-3.658223,1.449729
537,-1.906779,-0.535628
538,-1.926590,-0.109562
539,-3.326140,1.781812
540,-1.933731,0.900969
541,-2.367905,-0.134659
542,-3.955573,1.911146
543,-2.015156,0.455573
544,-1.960449,1.826239
545,0.044302,0.011169
546,-0.589531,0.730682
547,-2.669008,0.988831
548,-2.011910,1.320914
549,-2.116349,-1.634021
550,-1.624178,-1.488831
551,-1.554958,0.777479
552,-1.977662,0.988831
553,-3.656250,1.579063
554,-3.822291,1.911146
555,-3.822291,1.911146
556,-3.246980,1.623490
557,-3.304955,1.652478
558,-3.658223,1.449729
559,-2.374152,1.781812
560,-3.652478,1.826239
561,-3.161387,1.365341
562,-3.563623,1.781812
563,-3.065499,1.781812
564,-3.335148,1.191580
565,-3.822291,1.911146
566,-1.771749,-1.801938
567,-2.038874,-1.400969
568,-2.730682,1.365341
569,-1.977662,0.988831
570,-3.153395,0.440071
571,-2.859464,-0.147791
572,-2.334986,1.579063
573,-2.706235,1.449729
574,-3.563623,1.781812
575,-3.824265,1.781812
576,-1.550062,0.900969
577,-2.883745,1.030303
578,-2.518736,1.074730
579,-3.158125,1.579063
580,-1.922262,1.652478
581,-2.119812,-0.109562
582,-0.146901,-0.134659
583,-2.572099,-0.722521
584,-1.833963,0.093187
585,-2.872277,1.781812
586,-3.911146,1.955573
587,-2.394628,0.440071
588,-3.335148,1.191580
589,-3.563623,1.781812
590,-3.911146,1.955573
591,-3.656250,1.579063
592,-3.123202,0.900969
593,-3.335148,1.191580
594,-3.652478,1.826239
595,-2.635719,0.400969
596,-3.822291,1.911146
597,-2.826042,1.911146
598,-3.822291,1.911146
599,-3.333174,1.320914
600,-0.854474,-0.623490
601,-1.207436,0.603718
602,-2.493959,1.246980
603,-3.333174,1.320914
604,-2.261572,-0.955573
605,-1.945199,0.149460
606,-2.383160,1.191580
607,-3.161387,1.365341
608,-3.158125,1.579063
609,-3.158125,1.579063
610,-3.652478,1.826239
611,-2.385621,1.030303
612,-3.304955,1.652478
613,-1.801938,0.900969
614,-3.652478,1.826239
615,-2.383160,1.191580
616,-3.167133,0.988831
617,-3.652478,1.826239
618,-3.822291,1.911146
619,-2.874250,1.652478
620,-3.158125,1.579063
621,-2.941449,0.149460
622,-3.563623,1.781812
623,-3.304955,1.652478
624,-3.911146,1.955573
625,-2.383160,1.191580
626,-3.911146,1.955573
627,-2.717704,0.698220
628,-2.883745,1.030303
629,-2.885719,0.900969
630,-3.822291,1.911146
631,-2.826042,1.911146
632,-1.637893,1.955573
633,-1.906779,-0.535628
634,-2.366718,-1.000000
635,-3.563623,1.781812
636,-2.272552,1.320914
637,-3.824265,1.781812
638,-2.883745,1.030303
639,-2.810768,0.142820
640,-3.065499,1.781812
641,-2.964384,1.191580
642,-3.462508,1.191580
643,-0.373022,1.074730
644,-3.866718,2.000000
645,-0.275975,0.123490
646,-1.652210,-0.658322
647,-2.526723,-0.425270
648,-2.526723,-0.425270
649,-1.577747,-1.801938
650,-1.647948,-0.445042
651,-2.993868,1.030303
652,-2.563163,1.030303
653,-2.706235,1.449729
654,-3.088468,0.698220
655,-3.397582,1.449729
656,-2.518736,1.074730
657,0.159941,0.123490
658,-1.813332,-0.722521
659,-2.383160,1.191580
660,-1.207436,0.603718
661,-3.563623,1.781812
662,-3.658223,1.449729
663,-3.656250,1.579063
664,-2.941449,0.149460
665,-3.065499,1.781812
666,-3.158125,1.579063
667,-3.652478,1.826239
668,-3.161387,1.365341
669,-1.773241,0.455573
670,-2.349870,0.603718
671,-3.911146,1.955573
672,-3.123202,0.900969
673,-3.215828,0.698220
674,-3.826239,1.652478
675,-3.656250,1.579063
676,-2.002903,1.911146
677,-2.598822,-0.147791
678,-3.911146,1.955573
679,-3.652478,1.826239
680,-3.822291,1.911146
681,-2.730682,1.365341
682,-2.872277,1.781812
683,-2.706235,1.449729
684,-3.167133,0.988831
685,-3.656250,1.579063
686,-3.478716,2.000000
687,-1.396440,0.698220
688,-1.489885,-1.977662
689,-2.899457,1.449729
690,-1.300576,-0.365341
691,-1.945199,0.149460
692,-2.641828,1.320914
693,-3.161387,1.365341
694,-2.641828,1.320914
695,-2.385621,1.030303
696,-3.215828,0.698220
697,-0.211190,0.142820
698,-1.914041,-0.134659
699,0.100765,-0.365341
700,-3.365341,0.730682
701,-3.335148,1.191580
702,-2.367905,-0.134659
703,-1.344281,-0.535628
704,-2.873202,0.400969
705,-2.835050,1.320914
706,-2.572099,-0.722521
707,-3.215828,0.698220
708,-3.490208,1.246980
709,-2.873202,0.400969
710,-2.242359,1.781812
711,-3.822291,1.911146
712,-2.635719,0.400969
713,-0.880142,0.440071
714,-2.349870,0.603718
715,-3.650504,1.955573
716,-2.899457,1.449729
717,-3.652478,1.826239
718,-3.065499,1.781812
719,-2.208111,1.449729
720,-2.518736,1.074730
721,-2.810768,0.142820
722,0.192876,1.781812
723,-0.712714,0.222521
724,-3.215828,0.698220
725,-3.652478,1.826239
726,-0.873667,-0.955573
727,-1.557314,-0.109562
728,-2.563163,1.030303
729,-1.051938,0.900969
730,-0.161161,-1.488831
731,-0.186374,0.093187
732,0.427744,-0.367711
733,-2.941449,0.149460
734,-3.153395,0.440071
735,-2.899457,1.449729
736,-3.490208,1.246980
737,-2.730682,1.365341
738,-3.478716,2.000000
739,-2.349870,0.603718
740,-3.490208,1.246980
741,-3.484462,1.623490
742,-3.652478,1.826239
743,-3.656250,1.579063
744,-0.151626,1.579063
745,-3.397582,1.449729
746,-3.822291,1.911146
747,-3.822291,1.911146
748,-2.826042,1.911146
749,-2.316833,-1.233052
750,-2.261572,-0.955573
751,-1.928302,-1.488831
752,-2.810768,0.142820
753,-2.654083,-0.425270
754,-0.553817,0.440071
755,-1.864156,-0.367711
756,-1.022292,-0.658322
757,-2.272552,1.320914
758,-2.011910,1.320914
759,-3.051264,1.365341
760,-2.742943,1.911146
761,-3.281713,1.826239
762,-2.837543,1.579063
763,-1.933731,0.900969
764,-3.434289,1.911146
765,-3.484462,1.623490
766,-0.503178,1.449729
767,-1.558725,-0.623490
768,-1.864156,-0.367711
769,-3.397582,1.449729
770,-1.466104,0.733052
771,-3.658223,1.449729
772,-1.551012,1.781812
773,-2.696708,1.652478
774,0.863746,0.440071
775,-1.713557,-0.535628
776,-3.153395,0.440071
777,-2.119812,-0.109562
778,-3.528889,1.579063
779,-1.960449,1.826239
780,-2.163198,1.623490
781,-0.873667,-0.955573
782,0.735422,-0.367711
783,-3.563623,1.781812
784,-3.335148,1.191580
785,-3.065499,1.781812
786,-3.324167,1.911146
787,-3.246980,1.623490
788,-1.442336,-1.211352
789,-2.110972,-1.123490
790,-0.816833,0.266948
791,-3.955573,1.911146
792,-3.955573,1.911146
793,-2.873202,0.400969
794,-3.051264,1.365341
795,-2.136480,0.698220
796,-3.333174,1.320914
797,-3.650504,1.955573
798,-3.824265,1.781812
799,-2.793116,1.623490
800,-2.892753,0.440071
801,-3.246980,1.623490
802,-2.235810,0.730682
803,-2.938128,0.142820
804,-1.005460,-0.955573
805,-2.810768,0.142820
806,-1.878417,-1.721883
807,-2.261572,-0.955573
808,-1.928302,-1.488831
809,-2.938128,0.142820
810,-2.993868,1.030303
811,-2.099031,-1.801938
812,-2.015156,0.455573
813,-3.955573,1.911146
814,-3.123202,0.900969
815,-1.713557,-0.535628
816,0.227885,-0.826239
817,-0.299901,-1.211352
818,-0.873667,-0.955573
819,-1.813332,-0.722521
820,-3.095692,1.320914
821,-3.822291,1.911146
822,-3.911146,1.955573
823,-3.563623,1.781812
824,-1.801938,0.900969
825,-2.885719,0.900969
826,-2.461033,1.955573
827,-3.822291,1.911146
828,-2.810768,0.142820
829,-2.872277,1.781812
830,-1.550062,0.900969
831,-2.810768,0.142820
832,-1.833963,0.093187
833,-2.383160,1.191580
834,-3.152379,1.955573
835,-3.123202,0.900969
836,-3.065499,1.781812
837,-3.397582,1.449729
838,-3.326140,1.781812
839,-2.873202,0.400969
840,-3.065499,1.781812
841,-3.326140,1.781812
842,-3.335148,1.191580
843,-3.652478,1.826239
844,-3.397582,1.449729
845,-3.304955,1.652478
846,-3.158125,1.579063
847,-3.304955,1.652478
848,-3.158125,1.579063
849,-1.624178,-1.488831
850,-0.604474,-1.123490
851,-2.873202,0.400969
852,-3.153395,0.440071
853,-3.167133,0.988831
854,-3.650504,1.955573
855,-1.717542,-0.914101
856,-1.003761,1.579063
857,-2.899457,1.449729
858,-2.670453,0.603718
859,-3.694931,1.911146
860,-3.623490,1.246980
861,-3.194833,1.652478
862,-3.866718,2.000000
863,-1.636943,1.074730
864,-3.427775,0.988831
865,-2.110972,-1.123490
866,-2.742943,1.911146
867,-1.934194,0.777479
868,-3.102206,1.246980
869,-3.427775,0.988831
870,-2.696708,1.652478
871,-3.281713,1.826239
872,-3.650504,1.955573
873,-3.484462,1.623490
874,-2.518736,1.074730
875,-3.779838,1.826239
876,-2.311457,-0.722521
877,0.066516,-0.033258
878,-3.484462,1.623490
879,-3.427775,0.988831
880,-3.694931,1.911146
881,-2.993868,1.030303
882,-1.873490,-1.123490
883,-1.878417,-1.721883
884,-2.056191,-1.233052
885,-3.397582,1.449729
886,-3.065499,1.781812
887,-2.261572,-0.955573
888,-2.163198,1.623490
889,-2.885719,0.900969
890,1.338389,-1.400969
891,-1.303596,-1.488831
892,-3.335148,1.191580
893,-2.874250,1.652478
894,-2.334986,1.579063
895,-2.941449,0.149460
896,-3.911146,1.955573
897,-2.334986,1.579063
898,-3.152379,1.955573
899,-3.656250,1.579063
900,-3.490208,1.246980
901,-3.397582,1.449729
902,-2.261572,-0.955573
903,-2.110972,-1.123490
904,-2.892753,0.440071
905,-2.374152,1.781812
906,-2.742943,1.911146
907,-3.281713,1.826239
908,-2.337712,0.326239
909,-3.232059,0.730682
910,-3.658223,1.449729
911,-3.333174,1.320914
912,-2.837543,1.579063
913,-2.466259,1.191580
914,-3.167133,0.988831
915,-3.866718,2.000000
916,-3.484462,1.623490
917,-3.153395,0.440071
918,-2.005777,-1.721883
919,-1.944528,-1.977662
920,-2.184738,-0.367711
921,-3.528889,1.579063
922,-1.847313,0.603718
923,-3.658223,1.449729
924,-3.281713,1.826239
925,-3.484462,1.623490
926,-2.964384,1.191580
927,-3.065499,1.781812
928,-3.281713,1.826239
929,-3.824265,1.781812
930,-0.596023,-1.000000
931,-3.955573,1.911146
932,-2.837543,1.579063
933,-2.670453,0.603718
934,-3.694931,1.911146
935,-2.859464,-0.147791
936,-3.694931,1.911146
937,-3.123202,0.900969
938,-2.964384,1.191580
939,-3.866718,2.000000
940,-2.541119,0.733052
941,-0.487094,0.603718
942,-3.152379,1.955573
943,-3.051264,1.365341
944,-3.427775,0.988831
945,-3.692957,1.652478
946,-3.563623,1.781812
947,-2.208111,1.449729
948,-2.572099,-0.722521
949,-3.779838,1.826239
950,-1.977662,0.988831
951,-0.001595,-0.425270
952,-1.734301,-1.488831
953,-3.246980,1.623490
954,-2.899457,1.449729
955,-3.650504,1.955573
956,-3.824265,1.781812
957,-2.793116,1.623490
958,-2.302521,1.030303
959,-3.427775,0.988831
960,-3.692957,1.652478
961,-2.964384,1.191580
962,-2.899457,1.449729
963,-3.333174,1.320914
964,-3.232059,0.730682
965,-3.955573,1.911146
966,-1.593993,0.988831
967,-2.374152,1.781812
968,-2.572099,-0.722521
969,-2.235810,0.730682
970,-3.232059,0.730682
971,-2.343556,-0.658322
972,-1.890808,-0.955573
973,-2.938128,0.142820
974,-2.374152,1.781812
975,-1.244415,0.988831
976,-3.397582,1.449729
977,-3.268248,1.579063
978,-3.281713,1.826239
979,-1.762918,-1.211352
980,-1.890808,-0.955573
981,-2.141244,1.191580
982,-1.695108,1.579063
983,-1.789708,1.246980
984,-3.911146,1.955573
985,-3.694931,1.911146
986,-3.694931,1.911146
987,-3.462508,1.191580
988,-2.641828,1.320914
989,-0.382320,0.988831
990,-3.658223,1.449729
991,-3.484462,1.623490
992,-2.711958,1.074730
993,-3.563623,1.781812
994,-3.866718,2.000000
995,-3.563623,1.781812
996,-2.641828,1.320914
997,-3.694931,1.911146
998,-3.528889,1.579063
999,-3.779838,1.826239
1000,-3.623490,1.246980
1001,-1.048700,0.730682
1002,-2.669008,0.988831
1003,-3.911146,1.955573
1004,-1.349189,0.603718
1005,-3.088468,0.698220
1006,-3.095692,1.320914
1007,-3.779838,1.826239
1008,-2.837543,1.579063
1009,-3.167133,0.988831
1010,-3.326140,1.781812
1011,-2.302521,1.030303
1012,-2.235810,0.730682
1013,-1.890808,-0.955573
1014,-2.526723,-0.425270
1015,-2.964384,1.191580
1016,-3.650504,1.955573
1017,-3.268248,1.579063
1018,-2.015156,0.455573
1019,-2.272552,1.320914
1020,-2.541119,0.733052
1021,-2.109756,0.123490
1022,-1.624178,-1.488831
1023,-0.911146,0.455573
1024,0.628854,-0.425270
1025,-3.065499,1.781812
1026,-3.158125,1.579063
1027,-3.427775,0.988831
1028,-3.652478,1.826239
1029,-3.158125,1.579063
1030,-3.656250,1.579063
1031,-3.652478,1.826239
1032,-2.541119,0.733052
1033,-1.988459,-1.889800
1034,-2.717704,0.698220
1035,-2.272552,1.320914
1036,-2.711958,1.074730
1037,-1.922262,1.652478
1038,-3.652478,1.826239
1039,-2.541119,0.733052
1040,-1.773241,0.455573
1041,-3.656250,1.579063
1042,-1.745664,-1.466104
1043,-3.304955,1.652478
1044,-2.700489,1.826239
1045,-3.167133,0.988831
1046,-3.656250,1.579063
1047,-1.306849,1.246980
1048,-3.911146,1.955573
1049,-0.298846,-0.722521
1050,-2.844057,0.730682
1051,-1.713557,-0.535628
1052,-1.849772,0.733052
1053,-3.484462,1.623490
1054,-2.844057,0.730682
1055,-2.383160,1.191580
1056,-2.635719,0.400969
1057,-2.793116,1.623490
1058,-2.149460,1.074730
1059,-3.911146,1.955573
1060,-3.167133,0.988831
1061,-3.158125,1.579063
1062,-3.484462,1.623490
1063,-1.280886,-1.400969
1064,0.447527,0.440071
1065,-3.051264,1.365341
1066,-3.434289,1.911146
1067,-3.102206,1.246980
1068,-3.528889,1.579063
1069,-2.899457,1.449729
1070,-2.964384,1.191580
1071,-3.694931,1.911146
1072,-3.866718,2.000000
1073,-2.011910,1.320914
1074,-2.641828,1.320914
1075,-2.899457,1.449729
1076,-3.692957,1.652478
1077,-2.885719,0.900969
1078,-3.427775,0.988831
1079,-3.911146,1.955573
1080,-2.872277,1.781812
1081,-3.281713,1.826239
1082,-3.152379,1.955573
1083,-2.119812,-0.109562
1084,-3.694931,1.911146
1085,-1.233709,-0.623490
1086,-0.408062,-0.162592
1087,-2.394628,0.440071
1088,-3.528889,1.579063
1089,-3.326140,1.781812
1090,-1.171501,-0.623490
1091,-3.232059,0.730682
1092,-1.977662,0.988831
1093,-3.268248,1.579063
1094,-3.911146,1.955573
1095,-2.526723,-0.425270
1096,-3.563623,1.781812
1097,-1.051938,0.900969
1098,-2.641828,1.320914
1099,-3.824265,1.781812
1100,-3.955573,1.911146
1101,-3.333174,1.320914
1102,-3.692957,1.652478
1103,-3.563623,1.781812
1104,-3.528889,1.579063
1105,-2.541119,0.733052
1106,-2.696708,1.652478
1107,-2.835050,1.320914
1108,-3.074730,0.149460
1109,-2.837543,1.579063
1110,-3.427775,0.988831
1111,-3.167133,0.988831
1112,-3.779838,1.826239
1113,-3.232059,0.730682
1114,-3.088468,0.698220
1115,-1.934194,0.777479
1116,-2.374152,1.781812
1117,-2.670453,0.603718
1118,-3.088468,0.698220
1119,-2.526723,-0.425270
1120,-2.641828,1.320914
1121,-2.563163,1.030303
1122,-3.232059,0.730682
1123,-3.051264,1.365341
1124,-3.462508,1.191580
1125,-3.528889,1.579063
1126,-3.528889,1.579063
1127,-3.246980,1.623490
1128,-3.528889,1.579063
1129,-3.434289,1.911146
1130,-3.194833,1.652478
1131,-2.347897,0.733052
1132,-2.964384,1.191580
1133,-3.167133,0.988831
1134,-2.466259,1.191580
1135,-0.756100,1.955573
1136,-3.153395,0.440071
1137,-3.158125,1.579063
1138,-2.844057,0.730682
1139,-2.116349,-1.634021
1140,-2.572099,-0.722521
1141,-2.394628,0.440071
1142,-2.742943,1.911146
1143,-1.592048,0.093187
1144,-2.109756,0.123490
1145,-2.899457,1.449729
1146,-2.964384,1.191580
1147,-3.779838,1.826239
1148,-3.484462,1.623490
1149,-3.102206,1.246980
1150,-3.694931,1.911146
1151,-2.669008,0.988831
1152,-3.152379,1.955573
1153,-2.964384,1.191580
1154,-1.845869,0.988831
1155,-2.605388,-0.134659
1156,-2.526723,-0.425270
1157,0.266077,1.074730
1158,-2.885719,0.900969
1159,-1.890808,-0.955573
1160,-2.109756,0.123490
1161,-2.440004,0.142820
1162,-3.650504,1.955573
1163,-3.779838,1.826239
1164,-3.333174,1.320914
1165,-3.658223,1.449729
1166,-2.870469,2.000000
1167,-2.873202,0.400969
1168,-0.167082,0.054604
1169,-2.116349,-1.634021
1170,-0.928928,-1.233052
1171,-2.885719,0.900969
1172,-3.656250,1.579063
1173,-3.484462,1.623490
1174,-1.813332,-0.722521
1175,-3.158125,1.579063
1176,-2.119812,-0.109562
1177,-3.658223,1.449729
1178,-2.835050,1.320914
1179,-1.668109,-1.400969
1180,-1.568917,-1.211352
1181,-1.170844,-1.233052
1182,-3.478716,2.000000
1183,-3.246980,1.623490
1184,-3.304955,1.652478
1185,-3.652478,1.826239
1186,-2.431855,0.900969
1187,-3.158125,1.579063
1188,-2.941449,0.149460
1189,-2.873202,0.400969
1190,-3.650504,1.955573
1191,-3.088468,0.698220
1192,-1.557314,-0.109562
1193,-2.337712,0.326239
1194,-3.161387,1.365341
1195,-2.635719,0.400969
1196,-0.022338,0.011169
1197,-2.605388,-0.134659
1198,-3.779838,1.826239
1199,-3.779838,1.826239
1200,-3.194833,1.652478
1201,-2.706235,1.449729
1202,-2.711958,1.074730
1203,-2.835050,1.320914
1204,-3.528889,1.579063
1205,-2.899457,1.449729
1206,-3.955573,1.911146
1207,-2.466259,1.191580
1208,-3.623490,1.246980
1209,-3.427775,0.988831
1210,-2.717704,0.698220
1211,-1.695108,1.579063
1212,-0.654932,1.030303
1213,-3.281713,1.826239
1214,-2.302521,1.030303
1215,-3.692957,1.652478
1216,-3.911146,1.955573
1217,-3.281713,1.826239
1218,-2.228125,1.365341
1219,-3.102206,1.246980
1220,-3.152379,1.955573
1221,-2.892753,0.440071
1222,-3.563623,1.781812
1223,-2.885719,0.900969
1224,-2.110972,-1.123490
1225,-2.116349,-1.634021
1226,-3.824265,1.781812
1227,-3.490208,1.246980
1228,-2.883745,1.030303
1229,-0.702281,0.603718
1230,-0.132608,-0.535628
1231,-1.955475,-0.826239
1232,-3.490208,1.246980
1233,-3.427775,0.988831
1234,-3.324167,1.911146
1235,-1.762008,1.191580
1236,-1.833963,0.093187
1237,-2.366718,-1.000000
1238,-3.161387,1.365341
1239,-2.336959,1.449729
1240,-3.650504,1.955573
1241,-3.656250,1.579063
1242,-3.152379,1.955573
1243,-2.700489,1.826239
1244,-1.445881,-0.074730
1245,-1.423694,-1.889800
1246,-2.311457,-0.722521
1247,0.142985,1.320914
1248,0.520710,0.054604
1249,-0.789708,-1.123490
1250,-1.914041,-0.134659
1251,-2.964384,1.191580
1252,-3.528889,1.579063
1253,-2.872277,1.781812
1254,-1.086885,-1.400969
1255,-2.892753,0.440071
1256,-1.775215,0.326239
1257,-3.650504,1.955573
1258,-2.334986,1.579063
1259,-2.383160,1.191580
1260,-2.711958,1.074730
1261,-2.572099,-0.722521
1262,-3.095692,1.320914
1263,-2.844057,0.730682
1264,-3.161387,1.365341
1265,-3.478716,2.000000
1266,-3.123202,0.900969
1267,-1.396440,0.698220
1268,-3.658223,1.449729
1269,-3.911146,1.955573
1270,-3.650504,1.955573
1271,-2.730682,1.365341
1272,-2.641828,1.320914
1273,-2.892753,0.440071
1274,-1.668109,-1.400969
1275,-3.065499,1.781812
1276,-3.484462,1.623490
1277,-2.011910,1.320914
1278,-0.476251,-0.367711
1279,-3.822291,1.911146
1280,-2.337712,0.326239
1281,-2.883745,1.030303
1282,-2.717704,0.698220
1283,-3.304955,1.652478
1284,-2.899457,1.449729
1285,-1.262697,0.326239
1286,-1.489885,-1.977662
1287,-1.928302,-1.488831
1288,-2.181855,0.400969
1289,-2.144490,0.326239
1290,-3.268248,1.579063
1291,-3.281713,1.826239
1292,-3.088468,0.698220
1293,-2.518736,1.074730
1294,-0.275975,0.123490
1295,-0.447247,0.730682
1296,-0.654932,1.030303
1297,-1.323809,0.455573
1298,-3.167133,0.988831
1299,-3.779838,1.826239
1300,-2.302521,1.030303
1301,-3.095692,1.320914
1302,-1.847313,0.603718
1303,-3.563623,1.781812
1304,-2.706235,1.449729
1305,-2.394628,0.440071
1306,-3.326140,1.781812
1307,-3.658223,1.449729
1308,-1.086885,-1.400969
1309,-2.316833,-1.233052
1310,-3.955573,1.911146
1311,-3.462508,1.191580
1312,-2.141244,1.191580
1313,-1.011473,1.652478
1314,-3.462508,1.191580
1315,-3.427775,0.988831
1316,-2.696708,1.652478
1317,-3.194833,1.652478
1318,-3.911146,1.955573
1319,-3.563623,1.781812
1320,-3.824265,1.781812
1321,-0.336881,-0.826239
1322,-3.563623,1.781812
1323,-3.911146,1.955573
1324,-1.344281,-0.535628
1325,-2.873202,0.400969
1326,-3.246980,1.623490
1327,-1.461364,0.730682
1328,-2.116349,-1.634021
1329,-2.793116,1.623490
1330,-3.694931,1.911146
1331,-1.413198,1.623490
1332,-3.779838,1.826239
1333,-3.692957,1.652478
1334,-2.641828,1.320914
1335,-1.845869,0.988831
1336,-2.872277,1.781812
1337,-1.681370,1.030303
1338,-1.594507,0.222521
1339,-2.899457,1.449729
1340,-3.281713,1.826239
1341,-1.933731,0.900969
1342,-3.779838,1.826239
1343,-3.528889,1.579063
1344,-3.434289,1.911146
1345,-3.650504,1.955573
1346,-2.109756,0.123490
1347,-3.397582,1.449729
1348,-1.314088,-0.074730
1349,-1.280886,-1.400969
1350,-3.335148,1.191580
1351,-2.383160,1.191580
1352,-2.717704,0.698220
1353,0.198902,0.698220
1354,-2.810768,0.142820
1355,-3.158125,1.579063
1356,-2.872277,1.781812
1357,-1.845869,0.988831
1358,-3.824265,1.781812
1359,-1.955475,-0.826239
1360,-2.717704,0.698220
1361,-0.864659,-0.365341
1362,-2.242359,1.781812
1363,-1.308725,-1.123490
1364,-3.656250,1.579063
1365,-3.158125,1.579063
1366,-1.275116,0.455573
1367,-3.246980,1.623490
1368,-3.563623,1.781812
1369,-3.324167,1.911146
1370,-2.730682,1.365341
1371,-1.198511,1.030303
1372,-1.801938,0.900969
1373,-0.669220,1.781812
1374,-1.300576,-0.365341
1375,-1.507653,-1.721883
1376,-1.824442,1.449729
1377,-3.824265,1.781812
1378,-3.824265,1.781812
1379,-3.462508,1.191580
1380,-3.824265,1.781812
1381,-3.911146,1.955573
1382,-3.866718,2.000000
1383,-2.859464,-0.147791
1384,-3.326140,1.781812
1385,-3.088468,0.698220
1386,-3.623490,1.246980
1387,-2.015156,0.455573
1388,-2.964384,1.191580
1389,-2.872277,1.781812
1390,-2.872277,1.781812
1391,-2.541119,0.733052
1392,-2.336959,1.449729
1393,-2.837543,1.579063
1394,-3.123202,0.900969
1395,-2.837543,1.579063
1396,-3.232059,0.730682
1397,-3.102206,1.246980
1398,-3.658223,1.449729
1399,-3.692957,1.652478
1400,-2.669008,0.988831
1401,1.062930,-1.721883
1402,-3.158125,1.579063
1403,-1.253943,-1.233052
1404,-0.643478,-0.033258
1405,-2.110972,-1.123490
1406,-2.261572,-0.955573
1407,-1.864156,-0.367711
1408,-2.873202,0.400969
1409,-2.181855,0.400969
1410,-3.158125,1.579063
1411,-3.490208,1.246980
1412,-2.730682,1.365341
1413,-2.706235,1.449729
1414,-3.326140,1.781812
1415,-3.652478,1.826239
1416,-3.304955,1.652478
1417,-1.593993,0.988831
1418,-2.885719,0.900969
1419,-3.333174,1.320914
1420,-3.911146,1.955573
1421,-2.810768,0.142820
1422,-1.349578,0.500000
1423,-2.885719,0.900969
1424,-2.874250,1.652478
1425,-1.022292,-0.658322
1426,-2.641828,1.320914
1427,-3.246980,1.623490
1428,-2.541119,0.733052
1429,-0.198062,0.099031
1430,-0.578811,-0.162592
1431,-3.650504,1.955573
1432,-3.434289,1.911146
1433,-0.749532,0.698220
1434,-2.228125,1.365341
1435,-3.281713,1.826239
1436,-3.246980,1.623490
1437,-2.337712,0.326239
1438,-2.540461,0.123490
1439,-3.268248,1.579063
1440,-3.102206,1.246980
1441,-3.563623,1.781812
1442,-3.462508,1.191580
1443,-2.563163,1.030303
1444,-3.484462,1.623490
1445,-1.051938,0.900969
1446,0.339445,1.191580
1447,-3.397582,1.449729
1448,-3.822291,1.911146
1449,-2.096023,2.000000
1450,-3.326140,1.781812
1451,-2.385621,1.030303
1452,-2.383160,1.191580
1453,-3.650504,1.955573
1454,-3.824265,1.781812
1455,-2.242359,1.781812
1456,-3.826239,1.652478
1457,-3.478716,2.000000
1458,-0.643478,-0.033258
1459,-1.207436,0.603718
1460,1.913119,-0.826239
1461,-2.892753,0.440071
1462,-3.658223,1.449729
1463,-3.652478,1.826239
1464,-2.272552,1.320914
1465,-2.098256,0.455573
1466,-1.588247,1.365341
1467,-3.658223,1.449729
1468,-2.826042,1.911146
1469,-2.430339,0.123490
1470,-2.899457,1.449729
1471,-3.824265,1.781812
1472,-3.065499,1.781812
1473,-1.475625,-0.623490
1474,-1.926590,-0.109562
1475,-3.484462,1.623490
1476,-3.652478,1.826239
1477,-2.385621,1.030303
1478,-3.065499,1.781812
1479,-3.333174,1.320914
1480,-3.650504,1.955573
1481,-3.824265,1.781812
1482,-3.563623,1.781812
1483,-3.246980,1.623490
1484,-3.490208,1.246980
1485,-2.730682,1.365341
1486,-1.914041,-0.134659
1487,-2.349870,0.603718
1488,-3.490208,1.246980
1489,-3.650504,1.955573
1490,-1.836861,1.579063
1491,-2.872277,1.781812
1492,-3.650504,1.955573
1493,-3.490208,1.246980
1494,-3.490208,1.246980
1495,-3.161387,1.365341
1496,-3.652478,1.826239
1497,-3.650504,1.955573
1498,-2.873202,0.400969
1499,-0.336881,-0.826239
1500,-3.304955,1.652478
1501,-3.563623,1.781812
1502,-0.974766,1.579063
1503,-3.490208,1.246980
1504,-2.383160,1.191580
1505,-3.427775,0.988831
1506,-0.669220,1.781812
1507,-2.730682,1.365341
1508,-3.656250,1.579063
1509,-2.334986,1.579063
1510,-3.650504,1.955573
1511,-3.484462,1.623490
1512,-3.490208,1.246980
1513,-3.650504,1.955573
1514,-3.427775,0.988831
1515,-1.588247,1.365341
1516,-1.397882,0.603718
1517,-2.892753,0.440071
1518,-2.810768,0.142820
1519,-3.826239,1.652478
1520,-2.872277,1.781812
1521,-2.730682,1.365341
1522,-2.383160,1.191580
1523,-1.760035,1.320914
1524,-1.074632,0.054604
1525,-0.855884,0.733052
1526,-2.899457,1.449729
1527,-3.427775,0.988831
1528,-3.658223,1.449729
1529,-2.717704,0.698220
1530,-0.221544,-0.535628
1531,-3.822291,1.911146
1532,-3.215828,0.698220
1533,-3.650504,1.955573
1534,-2.700489,1.826239
1535,-2.793116,1.623490
1536,-3.427775,0.988831
1537,-2.430339,0.123490
1538,-2.700489,1.826239
1539,-3.658223,1.449729
1540,-2.541119,0.733052
1541,-2.899457,1.449729
1542,-0.538346,-1.889800
1543,-3.335148,1.191580
1544,-0.437586,-0.445042
1545,-0.254431,0.733052
1546,-2.899457,1.449729
1547,-2.635719,0.400969
1548,-1.357582,-1.634021
1549,-0.880142,0.440071
1550,-3.095692,1.320914
1551,-3.955573,1.911146
1552,-2.706235,1.449729
1553,-3.658223,1.449729
1554,-2.964384,1.191580
1555,-1.933731,0.900969
1556,-3.658223,1.449729
1557,-3.427775,0.988831
1558,-2.440004,0.142820
1559,-1.180804,0.266948
1560,-1.154522,0.988831
1561,-3.281713,1.826239
1562,-1.695108,1.579063
1563,-1.062213,-0.074730
1564,-3.232059,0.730682
1565,-3.779838,1.826239
1566,-2.742943,1.911146
1567,-3.333174,1.320914
1568,-2.259209,0.777479
1569,-3.065499,1.781812
1570,-3.528889,1.579063
1571,-3.528889,1.579063
1572,-3.462508,1.191580
1573,-3.528889,1.579063
1574,-2.669008,0.988831
1575,-2.742943,1.911146
1576,-2.235810,0.730682
1577,-3.866718,2.000000
1578,-3.232059,0.730682
1579,-3.528889,1.579063
1580,-3.484462,1.623490
1581,-3.694931,1.911146
1582,-2.540461,0.123490
1583,-2.669008,0.988831
1584,-1.890808,-0.955573
1585,-3.051264,1.365341
1586,-3.095692,1.320914
1587,1.717145,-0.955573
1588,0.097527,0.900969
1589,-3.246980,1.623490
1590,-3.490208,1.246980
1591,-3.824265,1.781812
1592,-3.490208,1.246980
1593,-1.864156,-0.367711
1594,-1.303596,-1.488831
1595,-3.824265,1.781812
1596,-1.801938,0.900969
1597,-3.102206,1.246980
1598,-3.397582,1.449729
1599,-3.866718,2.000000
1600,-3.911146,1.955573
1601,-1.933731,0.900969
1602,-3.268248,1.579063
1603,-3.658223,1.449729
1604,-3.232059,0.730682
1605,-3.194833,1.652478
1606,-0.549693,-1.233052
1607,0.171965,-0.623490
1608,-3.335148,1.191580
1609,-1.588247,1.365341
1610,-2.383160,1.191580
1611,0.295582,-0.147791
1612,-2.383160,1.191580
1613,-2.166234,-1.400969
1614,-3.161387,1.365341
1615,-2.717704,0.698220
1616,-3.158125,1.579063
1617,-2.717704,0.698220
1618,-3.304955,1.652478
1619,-2.780575,0.603718
1620,-3.335148,1.191580
1621,-2.810768,0.142820
1622,-3.215828,0.698220
1623,-3.153395,0.440071
1624,-2.844057,0.730682
1625,-3.563623,1.781812
1626,-3.911146,1.955573
1627,-3.822291,1.911146
1628,-2.892753,0.440071
1629,-3.652478,1.826239
1630,-3.822291,1.911146
1631,-1.873040,-1.211352
1632,-2.166234,-1.400969
1633,-0.926428,-1.721883
1634,-1.185762,-1.977662
1635,-1.977662,0.988831
1636,-1.554958,0.777479
1637,-3.335148,1.191580
1638,-2.383160,1.191580
1639,-3.161387,1.365341
1640,-3.324167,1.911146
1641,-2.899457,1.449729
1642,-2.385621,1.030303
1643,-2.343556,-0.658322
1644,-3.563623,1.781812
1645,-3.326140,1.781812
1646,-3.824265,1.781812
1647,-3.563623,1.781812
1648,-2.541119,0.733052
1649,-1.461364,0.730682
1650,-1.419626,-1.123490
1651,-2.261572,-0.955573
1652,-1.607199,0.123490
1653,-1.413198,1.623490
1654,-2.383160,1.191580
1655,-3.326140,1.781812
1656,-1.423694,-1.889800
1657,-1.813332,-0.722521
1658,-2.110972,-1.123490
1659,-1.668109,-1.400969
1660,-3.911146,1.955573
1661,-2.235810,0.730682
1662,-3.102206,1.246980
1663,-2.711958,1.074730
1664,-3.232059,0.730682
1665,-3.246980,1.623490
1666,0.181486,0.733052
1667,-3.152379,1.955573
1668,-3.462508,1.191580
1669,-3.955573,1.911146
1670,-1.062213,-0.074730
1671,-3.866718,2.000000
1672,-3.462508,1.191580
1673,-2.964384,1.191580
1674,-2.872277,1.781812
1675,-0.851453,-1.000000
1676,-0.599578,-1.000000
1677,-2.541119,0.733052
1678,-3.822291,1.911146
1679,-3.397582,1.449729
1680,-1.413198,1.623490
1681,-3.161387,1.365341
1682,-3.824265,1.781812
1683,-3.656250,1.579063
1684,-0.866720,-1.233052
1685,-3.563623,1.781812
1686,-0.285640,0.142820
1687,-3.652478,1.826239
1688,-3.658223,1.449729
1689,-2.941449,0.149460
1690,-3.335148,1.191580
1691,-2.493959,1.246980
1692,-3.335148,1.191580
1693,-1.551012,1.781812
1694,-2.730682,1.365341
1695,-3.065499,1.781812
1696,-2.272552,1.320914
1697,-1.396440,0.698220
1698,-3.065499,1.781812
1699,-1.593993,0.988831
1700,-1.858780,0.142820
1701,-2.835050,1.320914
1702,-2.334986,1.579063
1703,-2.383160,1.191580
1704,-3.095692,1.320914
1705,-3.158125,1.579063
1706,-0.462714,-0.277479
1707,-3.123202,0.900969
1708,-3.650504,1.955573
1709,0.023853,0.440071
1710,-3.065499,1.781812
1711,-3.650504,1.955573
1712,-2.669008,0.988831
1713,-3.911146,1.955573
1714,-2.371693,1.652478
1715,-2.641828,1.320914
1716,-3.911146,1.955573
1717,-2.964384,1.191580
1718,-2.563163,1.030303
1719,-2.374152,1.781812
1720,-3.427775,0.988831
1721,-3.563623,1.781812
1722,-3.194833,1.652478
1723,-1.695108,1.579063
1724,-3.153395,0.440071
1725,0.497515,-0.162592
1726,-0.709168,-0.914101
1727,-2.835050,1.320914
1728,-1.978621,0.733052
1729,-3.911146,1.955573
1730,-1.396440,0.698220
1731,-3.123202,0.900969
1732,-3.824265,1.781812
1733,-2.155959,-0.425270
1734,-0.503178,1.449729
1735,-2.883745,1.030303
1736,-2.874250,1.652478
1737,-0.298846,-0.722521
1738,-3.490208,1.246980
1739,-2.430339,0.123490
1740,-1.801938,0.900969
1741,-3.324167,1.911146
1742,-2.793116,1.623490
1743,0.325184,-0.162592
1744,-1.233709,-0.623490
1745,-2.440004,0.142820
1746,-3.095692,1.320914
1747,-2.347897,0.733052
1748,-1.413198,1.623490
1749,-3.563623,1.781812
1750,-3.955573,1.911146
1751,-3.824265,1.781812
1752,-3.779838,1.826239
1753,-3.911146,1.955573
1754,-1.262697,0.326239
1755,-0.928928,-1.233052
1756,-2.038874,-1.400969
1757,-2.005777,-1.721883
1758,-3.822291,1.911146
1759,-3.335148,1.191580
1760,-0.211190,0.142820
1761,-3.658223,1.449729
1762,-2.899457,1.449729
1763,-3.123202,0.900969
1764,-0.854474,-0.623490
1765,-1.836861,1.579063
1766,-3.478716,2.000000
1767,-3.397582,1.449729
1768,-2.730682,1.365341
1769,-2.394628,0.440071
1770,-3.911146,1.955573
1771,-3.563623,1.781812
1772,-3.658223,1.449729
1773,-3.478716,2.000000
1774,-3.158125,1.579063
1775,-3.822291,1.911146
1776,-3.563623,1.781812
1777,-3.365341,0.730682
1778,-1.922262,1.652478
1779,-1.731816,1.652478
1780,-3.167133,0.988831
1781,-2.883745,1.030303
1782,-2.337712,0.326239
1783,-3.167133,0.988831
1784,-0.686458,-0.826239
1785,-1.027479,-0.277479
1786,-3.051264,1.365341
1787,-3.650504,1.955573
1788,-3.123202,0.900969
1789,-3.528889,1.579063
1790,-0.237965,1.579063
1791,0.417869,0.440071
1792,-2.261572,-0.955573
1793,-2.730682,1.365341
1794,-2.208111,1.449729
1795,-3.650504,1.955573
1796,-3.065499,1.781812
1797,-3.911146,1.955573
1798,-3.652478,1.826239
1799,-3.167133,0.988831
1800,-3.326140,1.781812
1801,-1.384971,1.449729
1802,-3.167133,0.988831
1803,-2.336959,1.449729
1804,-3.478716,2.000000
1805,-2.635719,0.400969
1806,-1.873490,-1.123490
1807,-3.158125,1.579063
1808,-3.326140,1.781812
1809,-2.431855,0.900969
1810,-3.161387,1.365341
1811,-3.065499,1.781812
1812,-2.605388,-0.134659
1813,-2.654083,-0.425270
1814,-2.261572,-0.955573
1815,-2.793116,1.623490
1816,-2.810768,0.142820
1817,-2.336959,1.449729
1818,-1.574293,-1.721883
1819,-0.974766,1.579063
1820,-2.383160,1.191580
1821,-2.730682,1.365341
1822,-3.484462,1.623490
1823,-3.563623,1.781812
1824,-3.397582,1.449729
1825,-3.650504,1.955573
1826,-3.304955,1.652478
1827,-1.794458,-1.889800
1828,-3.563623,1.781812
1829,-1.647948,-0.445042
1830,-1.466104,0.733052
1831,-2.110972,-1.123490
1832,-0.864659,-0.365341
1833,-2.133667,-1.466104
1834,-3.152379,1.955573
1835,-2.572099,-0.722521
1836,-2.336959,1.449729
1837,-2.837543,1.579063
1838,-3.563623,1.781812
1839,-3.692957,1.652478
1840,-3.102206,1.246980
1841,-2.576901,1.579063
1842,-2.885719,0.900969
1843,-3.427775,0.988831
1844,-2.228125,1.365341
1845,-2.347897,0.733052
1846,-2.410859,1.246980
1847,-2.837543,1.579063
1848,-3.051264,1.365341
1849,-3.427775,0.988831
1850,-2.144490,0.326239
1851,-3.528889,1.579063
1852,-0.109208,0.054604
1853,-0.259965,0.149460
1854,-3.158125,1.579063
1855,-3.427775,0.988831
1856,-2.261572,-0.955573
1857,-3.153395,0.440071
1858,-3.822291,1.911146
1859,-2.598822,-0.147791
1860,-3.326140,1.781812
1861,-1.760035,1.320914
1862,-3.326140,1.781812
1863,-2.859464,-0.147791
1864,-2.394628,0.440071
1865,-3.911146,1.955573
1866,-2.336959,1.449729
1867,-2.256195,-0.445042
1868,-1.855707,-1.634021
1869,-3.658223,1.449729
1870,-3.152379,1.955573
1871,-2.641828,1.320914
1872,-3.652478,1.826239
1873,-0.299901,-1.211352
1874,-2.717704,0.698220
1875,-3.652478,1.826239
1876,-3.158125,1.579063
1877,-3.158125,1.579063
1878,-2.096023,2.000000
1879,-2.541119,0.733052
1880,-2.261572,-0.955573
1881,-1.396440,0.698220
1882,-3.478716,2.000000
1883,-3.304955,1.652478
1884,-3.563623,1.781812
1885,-2.430339,0.123490
1886,-3.427775,0.988831
1887,-0.350619,-0.277479
1888,-3.528889,1.579063
1889,-3.167133,0.988831
1890,-2.670453,0.603718
1891,-1.022292,-0.658322
1892,-1.713557,-0.535628
1893,-3.246980,1.623490
1894,-1.789708,1.246980
1895,0.382628,-0.277479
1896,-3.326140,1.781812
1897,-3.095692,1.320914
1898,-3.462508,1.191580
1899,-2.388932,-0.955573
1900,-2.367905,-0.134659
1901,-3.102206,1.246980
1902,-1.643120,1.191580
1903,-1.811776,-1.721883
1904,-3.650504,1.955573
1905,-3.333174,1.320914
1906,-3.051264,1.365341
1907,-2.696708,1.652478
1908,-3.194833,1.652478
1909,-2.964384,1.191580
1910,-3.326140,1.781812
1911,-2.742943,1.911146
1912,-0.911611,-1.400969
1913,-3.088468,0.698220
1914,-3.427775,0.988831
1915,-1.149815,1.320914
1916,-3.528889,1.579063
1917,-1.977662,0.988831
1918,-3.088468,0.698220
1919,-3.528889,1.579063
1920,-3.268248,1.579063
1921,-3.563623,1.781812
1922,-3.528889,1.579063
1923,-2.576901,1.579063
1924,-2.641828,1.320914
1925,-1.120429,-1.721883
1926,-3.153395,0.440071
1927,-1.988459,-1.889800
1928,-1.574735,-0.425270
1929,-1.855707,-1.634021
1930,-1.760035,1.320914
1931,-3.563623,1.781812
1932,-2.110972,-1.123490
1933,-0.628209,0.455573
1934,-3.692957,1.652478
1935,-2.576901,1.579063
1936,-2.526723,-0.425270
1937,-2.540461,0.123490
1938,-1.914041,-0.134659
1939,-2.311457,-0.722521
1940,-2.837543,1.579063
1941,-2.872277,1.781812
1942,-3.658223,1.449729
1943,-2.859464,-0.147791
1944,-3.911146,1.955573
1945,-2.873202,0.400969
1946,-3.563623,1.781812
1947,-2.576901,1.579063
1948,-0.607038,-1.488831
1949,-0.156636,0.149460
1950,-2.892753,0.440071
1951,-2.349870,0.603718
1952,-3.304955,1.652478
1953,-2.518736,1.074730
1954,-0.864659,-0.365341
1955,-0.939778,-1.211352
1956,-1.070127,-0.826239
1957,-2.810768,0.142820
1958,-2.810768,0.142820
1959,-1.207436,0.603718
1960,-2.605388,-0.134659
1961,-3.563623,1.781812
1962,-3.826239,1.652478
1963,-3.478716,2.000000
1964,-3.065499,1.781812
1965,-3.397582,1.449729
1966,-3.824265,1.781812
1967,-2.717704,0.698220
1968,-2.261572,-0.955573
1969,-1.198511,1.030303
1970,-2.700489,1.826239
1971,-1.833963,0.093187
1972,-3.335148,1.191580
1973,-3.246980,1.623490
1974,-3.911146,1.955573
1975,-3.822291,1.911146
1976,-3.335148,1.191580
1977,-3.822291,1.911146
1978,-2.874250,1.652478
1979,-1.014727,-0.162592
1980,-1.168783,-0.365341
1981,-3.652478,1.826239
1982,-2.383160,1.191580
1983,-2.899457,1.449729
1984,-3.826239,1.652478
1985,-2.431855,0.900969
1986,-3.152379,1.955573
1987,-3.563623,1.781812
1988,-1.690819,-1.488831
1989,-3.102206,1.246980
1990,-3.484462,1.623490
1991,-3.152379,1.955573
1992,-2.964384,1.191580
1993,-2.605388,-0.134659
1994,-3.563623,1.781812
1995,-2.228125,1.365341
1996,-3.866718,2.000000
1997,-3.167133,0.988831
1998,-2.576901,1.579063
1999,-2.605388,-0.134659
2000,-3.088468,0.698220
2001,-2.899457,1.449729
2002,-0.043581,-1.233052
2003,-1.652210,-0.658322
2004,-1.550062,0.900969
2005,-3.326140,1.781812
2006,-2.168944,1.246980
2007,-2.706235,1.449729
2008,-1.760035,1.320914
2009,-3.397582,1.449729
2010,-2.899457,1.449729
2011,-3.304955,1.652478
2012,-3.822291,1.911146
2013,0.175738,1.623490
2014,-0.689843,0.400969
2015,-0.938334,-0.826239
2016,-2.056191,-1.233052
2017,-1.558067,-1.233052
2018,-1.811776,-1.721883
2019,-1.231001,-1.634021
2020,-3.065499,1.781812
2021,-3.822291,1.911146
2022,-3.822291,1.911146
2023,-3.563623,1.781812
2024,-3.656250,1.579063
2025,-2.826042,1.911146
2026,-2.256195,-0.445042
2027,-3.326140,1.781812
2028,-2.793116,1.623490
2029,-3.656250,1.579063
2030,-2.717704,0.698220
2031,-3.822291,1.911146
2032,-3.822291,1.911146
2033,-2.654083,-0.425270
2034,-2.334986,1.579063
2035,-3.490208,1.246980
2036,-3.161387,1.365341
2037,-1.207436,0.603718
2038,-3.484462,1.623490
2039,-3.161387,1.365341
2040,-2.116349,-1.634021
2041,-2.366718,-1.000000
2042,-0.789708,-1.123490
2043,-1.624178,-1.488831
2044,-2.872277,1.781812
2045,-2.176109,0.777479
2046,-2.730682,1.365341
2047,-2.941449,0.149460
2048,-1.231001,-1.634021
2049,-2.136480,0.698220
2050,-2.706235,1.449729
2051,-3.123202,0.900969
2052,-1.811776,-1.721883
2053,-1.847313,0.603718
2054,-3.095692,1.320914
2055,-3.335148,1.191580
2056,-3.824265,1.781812
2057,-1.445881,-0.074730
2058,-2.261572,-0.955573
2059,-2.730682,1.365341
2060,-3.652478,1.826239
2061,-1.773241,0.455573
2062,-3.650504,1.955573
2063,-1.357582,-1.634021
2064,-1.734301,-1.488831
2065,-2.563163,1.030303
2066,-3.397582,1.449729
2067,-3.194833,1.652478
2068,-3.434289,1.911146
2069,-3.692957,1.652478
2070,-3.563623,1.781812
2071,-3.167133,0.988831
2072,-1.914041,-0.134659
2073,-2.388932,-0.955573
2074,-2.670453,0.603718
2075,0.420441,-1.211352
2076,-0.916907,-0.365341
2077,-2.654083,-0.425270
2078,-1.811776,-1.721883
2079,-2.261572,-0.955573
2080,-1.551938,0.400969
2081,-2.711958,1.074730
2082,-2.572099,-0.722521
2083,-2.670453,0.603718
2084,-3.779838,1.826239
2085,-3.281713,1.826239
2086,-2.899457,1.449729
2087,-3.824265,1.781812
2088,-1.760035,1.320914
2089,-3.194833,1.652478
2090,-3.528889,1.579063
2091,-3.824265,1.781812
2092,-3.911146,1.955573
2093,-3.563623,1.781812
2094,-3.462508,1.191580
2095,-0.709394,0.440071
2096,-3.650504,1.955573
2097,-3.623490,1.246980
2098,-2.466259,1.191580
2099,-2.015156,0.455573
2100,-3.866718,2.000000
2101,-2.964384,1.191580
2102,-2.669008,0.988831
2103,-2.005777,-1.721883
2104,-2.065597,-0.826239
2105,-0.702281,0.603718
2106,-3.324167,1.911146
2107,-1.300576,-0.365341
2108,-3.051264,1.365341
2109,-3.427775,0.988831
2110,-2.136480,0.698220
2111,-1.978716,-1.000000
2112,-1.760035,1.320914
2113,-3.694931,1.911146
2114,-3.650504,1.955573
2115,-2.742943,1.911146
2116,-2.669008,0.988831
2117,-2.242359,1.781812
2118,-3.563623,1.781812
2119,-3.779838,1.826239
2120,-2.302521,1.030303
2121,-2.669008,0.988831
2122,-3.955573,1.911146
2123,-1.914041,-0.134659
2124,-2.334986,1.579063
2125,-3.427775,0.988831
2126,-2.605388,-0.134659
2127,-2.892753,0.440071
2128,-3.652478,1.826239
2129,-2.780575,0.603718
2130,-1.384971,1.449729
2131,-3.490208,1.246980
2132,-1.524320,-0.914101
2133,-2.334986,1.579063
2134,-3.333174,1.320914
2135,-3.652478,1.826239
2136,-3.246980,1.623490
2137,-1.836861,1.579063
2138,-1.601453,0.500000
2139,-3.911146,1.955573
2140,-2.374152,1.781812
2141,-3.484462,1.623490
2142,-2.383160,1.191580
2143,-2.294861,-0.367711
2144,-2.883745,1.030303
2145,-3.911146,1.955573
2146,-3.335148,1.191580
2147,-2.144490,0.326239
2148,-3.158125,1.579063
2149,-1.588247,1.365341
2150,-3.152379,1.955573
2151,-2.730682,1.365341
2152,-3.335148,1.191580
2153,-2.605388,-0.134659
2154,-2.706235,1.449729
2155,-3.824265,1.781812
2156,-3.167133,0.988831
2157,-3.065499,1.781812
2158,-3.650504,1.955573
2159,-2.383160,1.191580
2160,-0.111339,-0.147791
2161,-2.563163,1.030303
2162,-0.985218,0.603718
2163,-0.001379,-0.367711
2164,-3.335148,1.191580
2165,-3.158125,1.579063
2166,-4.000000,2.000000
2167,-1.811776,-1.721883
2168,-2.410859,1.246980
2169,-1.933731,0.900969
2170,-1.279149,1.191580
2171,-2.005777,-1.721883
2172,-3.434289,1.911146
2173,-3.563623,1.781812
2174,-2.136480,0.698220
2175,-2.110972,-1.123490
2176,-2.835050,1.320914
2177,-3.911146,1.955573
2178,-3.123202,0.900969
2179,-1.394005,0.455573
2180,-3.434289,1.911146
2181,-3.281713,1.826239
2182,-3.051264,1.365341
2183,-2.563163,1.030303
2184,-3.088468,0.698220
2185,-3.779838,1.826239
2186,-3.074730,0.149460
2187,0.612095,-1.000000
2188,0.256769,-0.109562
2189,-3.123202,0.900969
2190,-0.974766,1.579063
2191,-2.793116,1.623490
2192,-0.643478,-0.033258
2193,-2.316833,-1.233052
2194,-2.430339,0.123490
2195,-3.304955,1.652478
2196,-1.731730,-0.277479
2197,-2.526723,-0.425270
2198,-1.847313,0.603718
2199,-1.926590,-0.109562
2200,-3.088468,0.698220
2201,-1.811776,-1.721883
2202,-2.873202,0.400969
2203,-3.824265,1.781812
2204,-2.208111,1.449729
2205,-3.658223,1.449729
2206,-3.658223,1.449729
2207,-3.911146,1.955573
2208,-2.669008,0.988831
2209,-3.304955,1.652478
2210,-1.637893,1.955573
2211,-3.826239,1.652478
2212,-2.941449,0.149460
2213,-2.793116,1.623490
2214,-3.478716,2.000000
2215,-2.261572,-0.955573
2216,-3.397582,1.449729
2217,-3.822291,1.911146
2218,-3.158125,1.579063
2219,-2.899457,1.449729
2220,-3.652478,1.826239
2221,-3.652478,1.826239
2222,-0.350619,-0.277479
2223,-2.635719,0.400969
2224,-3.088468,0.698220
2225,-2.964384,1.191580
2226,-2.337712,0.326239
2227,-3.911146,1.955573
2228,-3.326140,1.781812
2229,-3.397582,1.449729
2230,-3.268248,1.579063
2231,-1.933731,0.900969
2232,-1.406715,-0.277479
2233,-1.474108,-1.400969
2234,-1.690819,-1.488831
2235,-1.349578,0.500000
2236,-2.711958,1.074730
2237,-3.088468,0.698220
2238,-3.088468,0.698220
2239,-1.977662,0.988831
2240,-2.742943,1.911146
2241,-1.262697,0.326239
2242,-3.528889,1.579063
2243,-0.873667,-0.955573
2244,-1.873490,-1.123490
2245,-3.333174,1.320914
2246,-3.563623,1.781812
2247,-3.490208,1.246980
2248,-3.826239,1.652478
2249,-2.883745,1.030303
2250,-1.466104,0.733052
2251,-0.567329,-0.365341
2252,-3.427775,0.988831
2253,-3.158125,1.579063
2254,-3.650504,1.955573
2255,-2.717704,0.698220
2256,-1.833963,0.093187
2257,-2.641828,1.320914
2258,-3.167133,0.988831
2259,-2.844057,0.730682
2260,-1.813332,-0.722521
2261,-3.824265,1.781812
2262,-2.002903,1.911146
2263,-2.899457,1.449729
2264,-3.324167,1.911146
2265,-3.158125,1.579063
2266,-0.810020,1.191580
2267,-3.365341,0.730682
2268,-3.822291,1.911146
2269,-2.518736,1.074730
2270,-1.314088,-0.074730
2271,-3.397582,1.449729
2272,0.640322,0.326239
2273,-1.349578,0.500000
2274,-0.462714,-0.277479
2275,-2.793116,1.623490
2276,-1.771749,-1.801938
2277,-1.225625,-1.123490
2278,-2.110972,-1.123490
2279,-1.370469,-1.000000
2280,-2.641828,1.320914
2281,-2.119812,-0.109562
2282,-2.176109,0.777479
2283,-3.484462,1.623490
2284,-2.810768,0.142820
2285,-3.304955,1.652478
2286,-2.493959,1.246980
2287,-2.155959,-0.425270
2288,-1.588247,1.365341
2289,-3.153395,0.440071
2290,-3.123202,0.900969
2291,-2.899457,1.449729
2292,-3.397582,1.449729
2293,-3.824265,1.781812
2294,-3.652478,1.826239
2295,-2.461033,1.955573
2296,-0.860591,0.400969
2297,-0.926428,-1.721883
2298,-1.878417,-1.721883
2299,-3.326140,1.781812
2300,-3.822291,1.911146
2301,-2.337712,0.326239
2302,-2.366718,-1.000000
2303,-0.346845,-1.400969
2304,-3.563623,1.781812
2305,-3.397582,1.449729
2306,-2.374152,1.781812
2307,-2.899457,1.449729
2308,-3.365341,0.730682
2309,-1.833963,0.093187
2310,-3.484462,1.623490
2311,-3.824265,1.781812
2312,-3.824265,1.781812
2313,-4.000000,2.000000
2314,-2.899457,1.449729
2315,-3.911146,1.955573
2316,-3.650504,1.955573
2317,-3.158125,1.579063
2318,-2.116349,-1.634021
2319,-2.700489,1.826239
2320,-3.563623,1.781812
2321,-2.899457,1.449729
2322,-3.158125,1.579063
2323,-3.490208,1.246980
2324,-3.822291,1.911146
2325,-1.607199,0.123490
2326,-2.110972,-1.123490
2327,-2.316833,-1.233052
2328,-1.652210,-0.658322
2329,-3.822291,1.911146
2330,-3.304955,1.652478
2331,-3.658223,1.449729
2332,-3.335148,1.191580
2333,-0.445042,0.222521
2334,-3.652478,1.826239
2335,-1.551012,1.781812
2336,-3.246980,1.623490
2337,-1.926590,-0.109562
2338,-1.926590,-0.109562
2339,-2.941449,0.149460
2340,-3.158125,1.579063
2341,-3.158125,1.579063
2342,-3.652478,1.826239
2343,-3.911146,1.955573
2344,-1.914041,-0.134659
2345,-3.304955,1.652478
2346,-1.375695,-1.211352
2347,-2.155959,-0.425270
2348,-2.343556,-0.658322
2349,-3.824265,1.781812
2350,-2.383160,1.191580
2351,-1.683887,-1.977662
2352,-1.155045,-0.914101
2353,0.621393,-0.914101
2354,-2.302521,1.030303
2355,-3.866718,2.000000
2356,-2.696708,1.652478
2357,-3.955573,1.911146
2358,-2.837543,1.579063
2359,-3.779838,1.826239
2360,-2.272552,1.320914
2361,-3.434289,1.911146
2362,-2.669008,0.988831
2363,-3.333174,1.320914
2364,-3.268248,1.579063
2365,-2.892753,0.440071
2366,-0.604474,-1.123490
2367,2.422704,-1.211352
2368,-3.326140,1.781812
2369,-2.334986,1.579063
2370,-2.873202,0.400969
2371,-3.158125,1.579063
2372,-2.717704,0.698220
2373,-3.911146,1.955573
2374,-1.845869,0.988831
2375,-2.872277,1.781812
2376,-2.383160,1.191580
2377,-1.413419,-0.914101
2378,-1.137418,-1.466104
2379,-3.326140,1.781812
2380,-2.100697,-0.147791
2381,-3.694931,1.911146
2382,-3.462508,1.191580
2383,-1.926590,-0.109562
2384,-2.780575,0.603718
2385,-3.326140,1.781812
2386,-4.000000,2.000000
2387,-2.461033,1.955573
2388,-2.941449,0.149460
2389,-2.883745,1.030303
2390,-3.427775,0.988831
2391,-3.650504,1.955573
2392,-0.642527,-0.914101
2393,-1.070127,-0.826239
2394,-1.309583,-0.955573
2395,-1.762008,1.191580
2396,-3.911146,1.955573
2397,-2.598822,-0.147791
2398,-3.215828,0.698220
2399,-1.462714,0.222521
2400,0.770019,-1.211352
2401,-2.993868,1.030303
2402,-3.692957,1.652478
2403,-2.870469,2.000000
2404,-3.563623,1.781812
2405,-2.837543,1.579063
2406,-3.650504,1.955573
2407,-3.955573,1.911146
2408,-3.397582,1.449729
2409,-3.051264,1.365341
2410,-1.592048,0.093187
2411,-3.692957,1.652478
2412,-3.194833,1.652478
2413,-3.194833,1.652478
2414,-3.102206,1.246980
2415,-2.149460,1.074730
2416,-2.742943,1.911146
2417,-3.911146,1.955573
2418,-2.711958,1.074730
2419,-3.955573,1.911146
2420,-2.899457,1.449729
2421,-2.316833,-1.233052
2422,-1.681370,1.030303
2423,-3.650504,1.955573
2424,-2.873202,0.400969
2425,-3.563623,1.781812
2426,-3.268248,1.579063
2427,-2.136480,0.698220
2428,-3.167133,0.988831
2429,-3.397582,1.449729
2430,-3.153395,0.440071
2431,-3.153395,0.440071
2432,-3.692957,1.652478
2433,-3.528889,1.579063
2434,-3.658223,1.449729
2435,-1.022292,-0.658322
2436,-3.462508,1.191580
2437,-3.462508,1.191580
2438,-2.311457,-0.722521
2439,-3.232059,0.730682
2440,-2.635719,0.400969
2441,-2.141244,1.191580
2442,-3.281713,1.826239
2443,-3.434289,1.911146
2444,-1.349578,0.500000
2445,-3.051264,1.365341
2446,-1.717542,-0.914101
2447,-3.824265,1.781812
2448,-3.911146,1.955573
2449,-3.324167,1.911146
2450,-3.335148,1.191580
2451,-2.706235,1.449729
2452,-3.478716,2.000000
2453,-3.822291,1.911146
2454,-2.874250,1.652478
2455,-2.700489,1.826239
2456,-3.167133,0.988831
2457,-2.144490,0.326239
2458,-1.236955,-1.488831
2459,-0.779516,-0.535628
2460,-3.051264,1.365341
2461,-1.811776,-1.721883
2462,-1.955475,-0.826239
2463,-2.116349,-1.634021
2464,-3.268248,1.579063
2465,-0.637763,-0.535628
2466,0.275884,-0.147791
2467,-3.326140,1.781812
2468,-3.650504,1.955573
2469,-1.858780,0.142820
2470,-3.123202,0.900969
2471,-3.123202,0.900969
2472,-3.490208,1.246980
2473,-3.335148,1.191580
2474,-2.366718,-1.000000
2475,-1.845869,0.988831
2476,-2.060606,1.030303
2477,-2.899457,1.449729
2478,-3.563623,1.781812
2479,-3.563623,1.781812
2480,-3.692957,1.652478
2481,-2.541119,0.733052
2482,-3.065499,1.781812
2483,-3.692957,1.652478
2484,-3.326140,1.781812
2485,-3.088468,0.698220
2486,-2.563163,1.030303
2487,-2.038874,-1.400969
2488,-0.117905,-0.134659
2489,-0.383765,0.603718
2490,-2.440004,0.142820
2491,-3.281713,1.826239
2492,-3.528889,1.579063
2493,-2.065597,-0.826239
2494,-3.246980,1.623490
2495,-3.692957,1.652478
2496,-3.268248,1.579063
2497,-3.658223,1.449729
2498,-2.163198,1.623490
2499,-2.670453,0.603718
2500,-3.088468,0.698220
2501,-0.801039,-1.488831
2502,-3.656250,1.579063
2503,-3.161387,1.365341
2504,-1.154522,0.988831
2505,0.838212,-1.233052
2506,-3.167133,0.988831
2507,-3.167133,0.988831
2508,-3.095692,1.320914
2509,-2.883745,1.030303
2510,-3.324167,1.911146
2511,-3.563623,1.781812
2512,-2.730682,1.365341
2513,-0.828197,0.988831
2514,-2.700489,1.826239
2515,-1.168783,-0.365341
2516,-1.733246,0.500000
2517,-3.528889,1.579063
2518,-1.648630,-0.277479
2519,-3.088468,0.698220
2520,-2.711958,1.074730
2521,-2.388932,-0.955573
2522,0.351082,0.400969
2523,-2.899457,1.449729
2524,-2.870469,2.000000
2525,-2.670453,0.603718
2526,-3.088468,0.698220
2527,-2.015156,0.455573
2528,-3.194833,1.652478
2529,-3.088468,0.698220
2530,-3.281713,1.826239
2531,-1.557314,-0.109562
2532,-1.934194,0.777479
2533,-1.171501,-0.623490
2534,0.142962,-1.488831
2535,-1.127350,1.826239
2536,-1.922262,1.652478
2537,-1.906779,-0.535628
2538,-2.461033,1.955573
2539,-3.650504,1.955573
2540,-3.658223,1.449729
2541,-3.324167,1.911146
2542,-2.383160,1.191580
2543,-1.492359,1.781812
2544,0.249707,0.603718
2545,-0.728444,-1.634021
2546,-1.731730,-0.277479
2547,-0.022037,-0.623490
2548,-2.938128,0.142820
2549,-3.095692,1.320914
2550,-3.528889,1.579063
2551,-2.563163,1.030303
2552,-3.232059,0.730682
2553,-2.598822,-0.147791
2554,-2.670453,0.603718
2555,-3.824265,1.781812
2556,-2.576901,1.579063
2557,-3.694931,1.911146
2558,-3.088468,0.698220
2559,-3.123202,0.900969
2560,-3.268248,1.579063
2561,-3.246980,1.623490
2562,-1.558067,-1.233052
2563,-1.118740,0.142820
2564,-2.885719,0.900969
2565,-0.589531,0.730682
2566,-1.717542,-0.914101
2567,-2.388932,-0.955573
2568,-3.434289,1.911146
2569,-3.462508,1.191580
2570,-0.867905,1.365341
2571,-2.576901,1.579063
2572,-1.507653,-1.721883
2573,-2.892753,0.440071
2574,-2.859464,-0.147791
2575,-2.872277,1.781812
2576,-3.158125,1.579063
2577,-1.731730,-0.277479
2578,-2.110972,-1.123490
2579,-2.941449,0.149460
2580,-2.493959,1.246980
2581,-3.650504,1.955573
2582,-3.365341,0.730682
2583,-3.658223,1.449729
2584,-1.703282,0.440071
2585,-1.855707,-1.634021
2586,-3.822291,1.911146
2587,-2.706235,1.449729
2588,-3.822291,1.911146
2589,-0.161161,-1.488831
2590,-1.155045,-0.914101
2591,-0.544316,-0.722521
2592,-1.594507,0.222521
2593,-2.669008,0.988831
2594,-3.484462,1.623490
2595,-3.658223,1.449729
2596,-2.431855,0.900969
2597,-3.167133,0.988831
2598,-2.334986,1.579063
2599,-3.304955,1.652478
2600,-2.844057,0.730682
2601,-2.176109,0.777479
2602,-2.374152,1.781812
2603,-2.261572,-0.955573
2604,-3.658223,1.449729
2605,-1.733246,0.500000
2606,-2.334986,1.579063
2607,-2.383160,1.191580
2608,-3.427775,0.988831
2609,-3.158125,1.579063
2610,-2.780575,0.603718
2611,-3.158125,1.579063
2612,-2.334986,1.579063
2613,-3.652478,1.826239
2614,-1.212812,0.093187
2615,-2.700489,1.826239
2616,-2.873202,0.400969
2617,-2.337712,0.326239
2618,-2.272552,1.320914
2619,-2.431855,0.900969
2620,-1.207436,0.603718
2621,0.763733,-1.123490
2622,-1.558725,-0.623490
2623,-2.110972,-1.123490
2624,-1.300576,-0.365341
2625,-3.051264,1.365341
2626,-1.132335,-0.826239
2627,0.065502,0.093187
2628,-0.503178,1.449729
2629,-2.964384,1.191580
2630,-3.333174,1.320914
2631,-2.641828,1.320914
2632,-1.086885,-1.400969
2633,-2.259209,0.777479
2634,-2.242359,1.781812
2635,-3.167133,0.988831
2636,-3.694931,1.911146
2637,-1.051938,0.900969
2638,-1.577747,-1.801938
2639,-2.859464,-0.147791
2640,-2.119812,-0.109562
2641,-2.883745,1.030303
2642,-2.941449,0.149460
2643,-3.826239,1.652478
2644,-3.652478,1.826239
2645,-3.911146,1.955573
2646,-3.095692,1.320914
2647,-2.700489,1.826239
2648,-3.911146,1.955573
2649,-3.095692,1.320914
2650,-1.413419,-0.914101
2651,-2.383160,1.191580
2652,-3.911146,1.955573
2653,-3.652478,1.826239
2654,-3.324167,1.911146
2655,-3.563623,1.781812
2656,-3.822291,1.911146
2657,-3.152379,1.955573
2658,-3.824265,1.781812
2659,-3.656250,1.579063
2660,-3.484462,1.623490
2661,-3.123202,0.900969
2662,-3.324167,1.911146
2663,-2.883745,1.030303
2664,-2.700489,1.826239
2665,-2.334986,1.579063
2666,-2.700489,1.826239
2667,-2.374152,1.781812
2668,-2.316833,-1.233052
2669,-2.336959,1.449729
2670,-1.253943,-1.233052
2671,-0.447472,-0.425270
2672,-1.906779,-0.535628
2673,-3.335148,1.191580
2674,-3.658223,1.449729
2675,-2.144490,0.326239
2676,-1.557314,-0.109562
2677,-3.326140,1.781812
2678,-2.461033,1.955573
2679,-2.635719,0.400969
2680,-2.136480,0.698220
2681,-3.779838,1.826239
2682,-3.232059,0.730682
2683,-3.427775,0.988831
2684,-1.760035,1.320914
2685,-3.911146,1.955573
2686,-2.964384,1.191580
2687,-3.650504,1.955573
2688,-3.563623,1.781812
2689,-3.462508,1.191580
2690,-1.648630,-0.277479
2691,-3.658223,1.449729
2692,-3.051264,1.365341
2693,-3.152379,1.955573
2694,-3.866718,2.000000
2695,-3.528889,1.579063
2696,-2.136480,0.698220
2697,-2.793116,1.623490
2698,-1.713557,-0.535628
2699,-3.194833,1.652478
2700,-2.859464,-0.147791
2701,-2.553446,0.149460
2702,-1.284124,-0.134659
2703,-2.038874,-1.400969
2704,-3.563623,1.781812
2705,-3.866718,2.000000
2706,-2.938128,0.142820
2707,-1.413419,-0.914101
2708,-3.656250,1.579063
2709,-2.883745,1.030303
2710,-2.144490,0.326239
2711,-1.845869,0.988831
2712,-3.335148,1.191580
2713,-2.717704,0.698220
2714,-0.764573,0.326239
2715,-2.168944,1.246980
2716,-3.304955,1.652478
2717,-1.005460,-0.955573
2718,-3.158125,1.579063
2719,-2.810768,0.142820
2720,-2.899457,1.449729
2721,-2.431855,0.900969
2722,-2.859464,-0.147791
2723,-1.636943,1.074730
2724,-3.563623,1.781812
2725,-3.652478,1.826239
2726,-3.246980,1.623490
2727,-2.941449,0.149460
2728,-1.551584,-1.634021
2729,-1.557314,-0.109562
2730,-1.733246,0.500000
2731,-2.168944,1.246980
2732,-3.281713,1.826239
2733,-3.484462,1.623490
2734,-3.694931,1.911146
2735,-3.194833,1.652478
2736,-3.779838,1.826239
2737,-3.955573,1.911146
2738,-3.095692,1.320914
2739,-3.153395,0.440071
2740,-2.993868,1.030303
2741,-3.194833,1.652478
2742,-1.149815,1.320914
2743,-2.440004,0.142820
2744,-1.384971,1.449729
2745,-2.466259,1.191580
2746,-3.692957,1.652478
2747,-3.051264,1.365341
2748,-2.005777,-1.721883
2749,-3.824265,1.781812
2750,-2.119812,-0.109562
2751,-1.592048,0.093187
2752,-2.141244,1.191580
2753,-3.095692,1.320914
2754,-3.658223,1.449729
2755,-3.824265,1.781812
2756,-3.692957,1.652478
2757,-3.051264,1.365341
2758,-3.051264,1.365341
2759,-2.964384,1.191580
2760,-3.462508,1.191580
2761,-1.745664,-1.466104
2762,-1.231001,-1.634021
2763,-1.051938,0.900969
2764,-2.235810,0.730682
2765,-3.232059,0.730682
2766,-1.261910,1.320914
2767,-1.244415,0.988831
2768,-2.526723,-0.425270
2769,-2.670453,0.603718
2770,-3.779838,1.826239
2771,-3.268248,1.579063
2772,-3.658223,1.449729
2773,-3.065499,1.781812
2774,-2.899457,1.449729
2775,-3.153395,0.440071
2776,-3.955573,1.911146
2777,-3.563623,1.781812
2778,-3.694931,1.911146
2779,-3.779838,1.826239
2780,-3.623490,1.246980
2781,-3.955573,1.911146
2782,-3.434289,1.911146
2783,-0.275975,0.123490
2784,-1.934194,0.777479
2785,-1.965750,-1.801938
2786,-1.833963,0.093187
2787,-3.822291,1.911146
2788,-3.333174,1.320914
2789,-2.810768,0.142820
2790,-3.215828,0.698220
2791,-3.365341,0.730682
2792,-3.824265,1.781812
2793,-1.978621,0.733052
2794,-3.911146,1.955573
2795,-3.158125,1.579063
2796,-1.760035,1.320914
2797,-3.658223,1.449729
2798,-2.669008,0.988831
2799,-2.941449,0.149460
2800,-1.492359,1.781812
2801,-3.822291,1.911146
2802,-3.335148,1.191580
2803,-0.801938,0.400969
2804,-3.397582,1.449729
2805,1.183359,0.500000
2806,-0.911146,0.455573
2807,-1.845869,0.988831
2808,-3.652478,1.826239
2809,-3.335148,1.191580
2810,-2.885719,0.900969
2811,-1.442336,-1.211352
2812,-0.159449,-0.109562
2813,0.525215,-0.826239
2814,-3.528889,1.579063
2815,-3.194833,1.652478
2816,-3.268248,1.579063
2817,-3.563623,1.781812
2818,-1.466104,0.733052
2819,-2.302521,1.030303
2820,-3.692957,1.652478
2821,-2.051596,1.911146
2822,-3.434289,1.911146
2823,-2.563163,1.030303
2824,-2.605388,-0.134659
2825,-1.661706,-1.634021
2826,0.104668,-0.109562
2827,-2.553446,0.149460
2828,-1.733246,0.500000
2829,-2.337712,0.326239
2830,-3.658223,1.449729
2831,-3.065499,1.781812
2832,-2.337712,0.326239
2833,-2.141244,1.191580
2834,-2.892753,0.440071
2835,-3.484462,1.623490
2836,-3.824265,1.781812
2837,-3.955573,1.911146
2838,-3.194833,1.652478
2839,-2.228125,1.365341
2840,-1.445133,0.698220
2841,-3.779838,1.826239
2842,-2.149460,1.074730
2843,-3.326140,1.781812
2844,-1.133363,0.455573
2845,-3.563623,1.781812
2846,-3.563623,1.781812
2847,-3.397582,1.449729
2848,-2.136480,0.698220
2849,-2.184738,-0.367711
2850,-2.394628,0.440071
2851,-1.845869,0.988831
2852,-3.051264,1.365341
2853,-3.484462,1.623490
2854,-2.644197,-0.445042
2855,-3.779838,1.826239
2856,-3.088468,0.698220
2857,-3.462508,1.191580
2858,-3.051264,1.365341
2859,-3.102206,1.246980
2860,-3.528889,1.579063
2861,-2.964384,1.191580
2862,-2.431855,0.900969
2863,-2.605388,-0.134659
2864,-2.938128,0.142820
2865,-0.288960,0.149460
2866,-1.794458,-1.889800
2867,-2.526723,-0.425270
2868,-3.427775,0.988831
2869,-3.095692,1.320914
2870,-2.011910,1.320914
2871,-3.462508,1.191580
2872,-3.434289,1.911146
2873,-3.194833,1.652478
2874,-3.268248,1.579063
2875,-2.110972,-1.123490
2876,-0.985218,0.603718
2877,-3.563623,1.781812
2878,-2.563163,1.030303
2879,-1.734301,-1.488831
2880,-2.670453,0.603718
2881,-3.095692,1.320914
2882,-1.086885,-1.400969
2883,-1.873490,-1.123490
2884,1.260492,-0.914101
2885,-3.563623,1.781812
2886,-2.669008,0.988831
2887,-3.335148,1.191580
2888,-2.899457,1.449729
2889,-1.717979,0.733052
2890,-2.261572,-0.955573
2891,-0.689843,0.400969
2892,-3.215828,0.698220
2893,-3.484462,1.623490
2894,-2.700489,1.826239
2895,-0.553817,0.440071
2896,-2.892753,0.440071
2897,-3.563623,1.781812
2898,-3.215828,0.698220
2899,-2.572099,-0.722521
2900,-2.635719,0.400969
2901,-3.095692,1.320914
2902,-3.563623,1.781812
2903,-2.859464,-0.147791
2904,-2.336959,1.449729
2905,-2.706235,1.449729
2906,-3.167133,0.988831
2907,-3.484462,1.623490
2908,-3.153395,0.440071
2909,-2.810768,0.142820
2910,-2.060606,1.030303
2911,-3.911146,1.955573
2912,-3.822291,1.911146
2913,-0.873502,-0.445042
2914,-2.899457,1.449729
2915,-3.822291,1.911146
2916,0.654534,-0.033258
2917,-1.558067,-1.233052
2918,-3.652478,1.826239
2919,-0.186374,0.093187
2920,-0.932879,0.054604
2921,-2.367905,-0.134659
2922,-2.440004,0.142820
2923,-3.563623,1.781812
2924,-3.692957,1.652478
2925,-0.231828,0.093187
2926,-1.349189,0.603718
2927,-2.964384,1.191580
2928,-3.650504,1.955573
2929,-3.623490,1.246980
2930,-1.233709,-0.623490
2931,-2.056191,-1.233052
2932,0.960181,0.054604
2933,-2.109756,0.123490
2934,-3.650504,1.955573
2935,-2.541119,0.733052
2936,-1.637893,1.955573
2937,-2.669008,0.988831
2938,-3.824265,1.781812
2939,-3.152379,1.955573
2940,-3.658223,1.449729
2941,-2.964384,1.191580
2942,-2.374152,1.781812
2943,-3.779838,1.826239
2944,-3.623490,1.246980
2945,-3.692957,1.652478
2946,-3.462508,1.191580
2947,-2.635719,0.400969
2948,-2.700489,1.826239
2949,-3.650504,1.955573
2950,-2.155959,-0.425270
2951,-3.658223,1.449729
2952,-2.730682,1.365341
2953,-3.427775,0.988831
2954,-3.656250,1.579063
2955,-2.844057,0.730682
2956,-2.873202,0.400969
2957,-1.026723,1.074730
2958,1.124714,1.449729
2959,-2.383160,1.191580
2960,-2.835050,1.320914
2961,-3.324167,1.911146
2962,-1.442336,-1.211352
2963,-1.833963,0.093187
2964,-3.324167,1.911146
2965,-2.060606,1.030303
2966,-1.762008,1.191580
2967,-2.461033,1.955573
2968,-1.551938,0.400969
2969,-2.056191,-1.233052
2970,-3.822291,1.911146
2971,-3.304955,1.652478
2972,-2.810768,0.142820
2973,-2.892753,0.440071
2974,-3.158125,1.579063
2975,-2.883745,1.030303
2976,-3.158125,1.579063
2977,-3.304955,1.652478
2978,-3.822291,1.911146
2979,-4.000000,2.000000
2980,-2.826042,1.911146
2981,-3.484462,1.623490
2982,-3.658223,1.449729
2983,-2.844057,0.730682
2984,-1.801938,0.900969
2985,-3.335148,1.191580
2986,-3.490208,1.246980
2987,-3.656250,1.579063
2988,-2.835050,1.320914
2989,-2.835050,1.320914
2990,-3.152379,1.955573
2991,-2.872277,1.781812
2992,-2.872277,1.781812
2993,-2.002903,1.911146
2994,-3.652478,1.826239
2995,-3.656250,1.579063
2996,0.079338,-0.826239
2997,-1.878417,-1.721883
2998,-1.988459,-1.889800
2999,-2.641828,1.320914
3000,-2.060606,1.030303
3001,-3.650504,1.955573
3002,-3.563623,1.781812
3003,-3.065499,1.781812
3004,-3.652478,1.826239
3005,-3.652478,1.826239
3006,-3.650504,1.955573
3007,-2.144490,0.326239
3008,-2.899457,1.449729
3009,-3.215828,0.698220
3010,-1.845869,0.988831
3011,-1.864156,-0.367711
3012,-2.711958,1.074730
3013,-3.656250,1.579063
3014,-3.095692,1.320914
3015,-2.374152,1.781812
3016,-1.244415,0.988831
3017,-3.824265,1.781812
3018,-3.656250,1.579063
3019,-3.484462,1.623490
3020,-2.810768,0.142820
3021,-2.717704,0.698220
3022,-3.335148,1.191580
3023,-3.490208,1.246980
3024,-3.822291,1.911146
3025,-2.334986,1.579063
3026,-3.333174,1.320914
3027,-3.652478,1.826239
3028,-3.326140,1.781812
3029,-0.362971,-1.466104
3030,-3.484462,1.623490
3031,-3.563623,1.781812
3032,-1.731816,1.652478
3033,-4.000000,2.000000
3034,-3.123202,0.900969
3035,-2.181855,0.400969
3036,-0.860591,0.400969
3037,-2.302521,1.030303
3038,-1.762918,-1.211352
3039,-0.521367,-0.277479
3040,-3.304955,1.652478
3041,-3.335148,1.191580
3042,-0.298846,-0.722521
3043,-2.669008,0.988831
3044,-2.711958,1.074730
3045,-1.733246,0.500000
3046,-3.652478,1.826239
3047,-3.246980,1.623490
3048,-3.824265,1.781812
3049,-3.161387,1.365341
3050,-2.826042,1.911146
3051,-3.326140,1.781812
3052,-2.810768,0.142820
3053,-3.822291,1.911146
3054,-2.181855,0.400969
3055,-2.461033,1.955573
3056,0.087252,-0.074730
3057,-3.365341,0.730682
3058,-2.242359,1.781812
3059,-1.727818,-1.889800
3060,-2.311457,-0.722521
3061,-2.343556,-0.658322
3062,-1.594507,0.222521
3063,-1.121986,-0.722521
3064,-1.370469,-1.000000
3065,-3.824265,1.781812
3066,-2.383160,1.191580
3067,-3.563623,1.781812
3068,-3.161387,1.365341
3069,-3.822291,1.911146
3070,-0.764573,0.326239
3071,-3.563623,1.781812
3072,-3.161387,1.365341
3073,-2.730682,1.365341
3074,-1.760035,1.320914
3075,-3.822291,1.911146
3076,-3.324167,1.911146
3077,-1.762008,1.191580
3078,-3.246980,1.623490
3079,-2.060606,1.030303
3080,-3.123202,0.900969
3081,-2.941449,0.149460
3082,-1.396440,0.698220
3083,-3.658223,1.449729
3084,-3.652478,1.826239
3085,-3.911146,1.955573
3086,-3.065499,1.781812
3087,-2.892753,0.440071
3088,-3.656250,1.579063
3089,-1.557314,-0.109562
3090,-2.349870,0.603718
3091,-0.521367,-0.277479
3092,-2.440004,0.142820
3093,-3.563623,1.781812
3094,-3.563623,1.781812
3095,-2.669008,0.988831
3096,-1.960449,1.826239
3097,-3.246980,1.623490
3098,-2.635719,0.400969
3099,-3.484462,1.623490
3100,-3.246980,1.623490
3101,0.036415,1.030303
3102,-0.764573,0.326239
3103,-2.938128,0.142820
3104,-2.641828,1.320914
3105,-2.576901,1.579063
3106,-0.256645,0.142820
3107,-3.694931,1.911146
3108,-3.563623,1.781812
3109,-3.911146,1.955573
3110,-3.232059,0.730682
3111,-3.484462,1.623490
3112,-2.993868,1.030303
3113,-3.955573,1.911146
3114,-3.955573,1.911146
3115,-3.528889,1.579063
3116,-2.337712,0.326239
3117,-3.528889,1.579063
3118,-0.983709,-1.123490
3119,-1.928302,-1.488831
3120,-3.822291,1.911146
3121,-2.780575,0.603718
3122,-2.777479,-0.445042
3123,-1.244415,0.988831
3124,-2.700489,1.826239
3125,-2.669008,0.988831
3126,-3.478716,2.000000
3127,-2.872277,1.781812
3128,-2.337712,0.326239
3129,-3.652478,1.826239
3130,-1.801938,0.900969
3131,-3.335148,1.191580
3132,-2.431855,0.900969
3133,-3.152379,1.955573
3134,-3.652478,1.826239
3135,-3.822291,1.911146
3136,-1.005460,-0.955573
3137,-3.333174,1.320914
3138,-2.696708,1.652478
3139,-2.133667,-1.466104
3140,-1.977662,0.988831
3141,-1.442336,-1.211352
3142,-1.423694,-1.889800
3143,-0.246980,0.123490
3144,-0.880142,0.440071
3145,-3.335148,1.191580
3146,-2.096023,2.000000
3147,-3.478716,2.000000
3148,-1.811776,-1.721883
3149,-2.228125,1.365341
3150,-1.361599,-0.367711
3151,-2.670453,0.603718
3152,-1.824442,1.449729
3153,-3.167133,0.988831
3154,-3.434289,1.911146
3155,-3.167133,0.988831
3156,-2.015156,0.455573
3157,-3.694931,1.911146
3158,-3.462508,1.191580
3159,-2.410859,1.246980
3160,-1.926590,-0.109562
3161,-2.526723,-0.425270
3162,-3.281713,1.826239
3163,-2.899457,1.449729
3164,-2.641828,1.320914
3165,-2.873202,0.400969
3166,-1.873040,-1.211352
3167,-3.656250,1.579063
3168,-3.650504,1.955573
3169,-3.563623,1.781812
3170,-2.717704,0.698220
3171,-2.872277,1.781812
3172,-3.652478,1.826239
3173,-3.304955,1.652478
3174,-2.056191,-1.233052
3175,-1.906779,-0.535628
3176,-1.229693,-1.889800
3177,-3.779838,1.826239
3178,-3.194833,1.652478
3179,-3.528889,1.579063
3180,-3.955573,1.911146
3181,-2.899457,1.449729
3182,-3.650504,1.955573
3183,-3.694931,1.911146
3184,-0.534124,-0.134659
3185,-0.563340,0.698220
3186,-1.200484,0.900969
3187,-2.873202,0.400969
3188,-3.563623,1.781812
3189,-2.141244,1.191580
3190,0.420441,-1.211352
3191,-0.599578,-1.000000
3192,-0.983246,-1.000000
3193,-3.658223,1.449729
3194,-0.735570,1.191580
3195,-1.933731,0.900969
3196,-1.824442,1.449729
3197,0.304958,0.222521
3198,-0.728444,-1.634021
3199,-2.885719,0.900969
3200,-2.635719,0.400969
3201,-3.326140,1.781812
3202,-3.333174,1.320914
3203,-3.434289,1.911146
3204,-2.837543,1.579063
3205,-2.598822,-0.147791
3206,-3.194833,1.652478
3207,-2.711958,1.074730
3208,-3.088468,0.698220
3209,-2.563163,1.030303
3210,-2.670453,0.603718
3211,-0.861260,0.222521
3212,-1.445133,0.698220
3213,-3.824265,1.781812
3214,-2.038874,-1.400969
3215,-2.837543,1.579063
3216,-2.208111,1.449729
3217,-3.824265,1.781812
3218,-3.095692,1.320914
3219,-1.180804,0.266948
3220,-3.563623,1.781812
3221,-3.326140,1.781812
3222,-0.427724,0.054604
3223,-2.541119,0.733052
3224,-2.892753,0.440071
3225,-0.628209,0.455573
3226,-2.553446,0.149460
3227,-3.246980,1.623490
3228,-1.960449,1.826239
3229,-1.719513,1.246980
3230,-3.281713,1.826239
3231,-2.964384,1.191580
3232,-3.484462,1.623490
3233,-3.484462,1.623490
3234,-3.281713,1.826239
3235,-2.563163,1.030303
3236,-2.228125,1.365341
3237,-3.650504,1.955573
3238,-2.993868,1.030303
3239,-3.095692,1.320914
3240,-1.551012,1.781812
3241,-3.427775,0.988831
3242,-2.015156,0.455573
3243,-2.835050,1.320914
3244,-2.859464,-0.147791
3245,-3.326140,1.781812
3246,-2.993868,1.030303
3247,-2.885719,0.900969
3248,-3.397582,1.449729
3249,-3.167133,0.988831
3250,-2.316833,-1.233052
3251,-1.133363,0.455573
3252,-2.106074,-0.658322
3253,-2.106074,-0.658322
3254,-3.652478,1.826239
3255,-3.652478,1.826239
3256,-3.304955,1.652478
3257,-2.383160,1.191580
3258,-3.563623,1.781812
3259,-1.210838,0.222521
3260,0.247255,-0.658322
3261,-2.385621,1.030303
3262,-1.762008,1.191580
3263,-2.155959,-0.425270
3264,-3.304955,1.652478
3265,-2.149460,1.074730
3266,-3.397582,1.449729
3267,0.158759,0.011169
3268,-2.837543,1.579063
3269,-3.528889,1.579063
3270,-1.794458,-1.889800
3271,-2.883745,1.030303
3272,-2.899457,1.449729
3273,-3.490208,1.246980
3274,-1.475625,-0.623490
3275,-3.652478,1.826239
3276,-3.095692,1.320914
3277,-3.161387,1.365341
3278,-2.941449,0.149460
3279,-3.246980,1.623490
3280,-2.176109,0.777479
3281,-3.335148,1.191580
3282,-0.111339,-0.147791
3283,-0.729953,0.093187
3284,-3.528889,1.579063
3285,-2.837543,1.579063
3286,-3.694931,1.911146
3287,-3.152379,1.955573
3288,-2.670453,0.603718
3289,-2.899457,1.449729
3290,-3.623490,1.246980
3291,-1.524320,-0.914101
3292,-1.849772,0.733052
3293,-3.911146,1.955573
3294,-2.302521,1.030303
3295,-2.056191,-1.233052
3296,-2.899457,1.449729
3297,-2.793116,1.623490
3298,-2.644197,-0.445042
3299,-3.462508,1.191580
3300,-3.955573,1.911146
3301,-2.964384,1.191580
3302,-1.681370,1.030303
3303,-2.015156,0.455573
3304,-1.695108,1.579063
3305,-3.051264,1.365341
3306,-3.326140,1.781812
3307,-0.107192,-1.977662
3308,-1.419626,-1.123490
3309,-2.873202,0.400969
3310,-1.906779,-0.535628
3311,-2.669008,0.988831
3312,-3.333174,1.320914
3313,-0.151626,1.579063
3314,-3.333174,1.320914
3315,-3.652478,1.826239
3316,-3.650504,1.955573
3317,-2.343556,-0.658322
3318,-2.835050,1.320914
3319,-2.461033,1.955573
3320,-2.176109,0.777479
3321,-3.123202,0.900969
3322,-2.641828,1.320914
3323,-3.658223,1.449729
3324,-4.000000,2.000000
3325,-3.427775,0.988831
3326,-2.883745,1.030303
3327,-2.883745,1.030303
3328,-2.873202,0.400969
3329,-2.349870,0.603718
3330,-2.176109,0.777479
3331,-2.119812,-0.109562
3332,-3.563623,1.781812
3333,-3.095692,1.320914
3334,-0.600619,0.222521
3335,-3.490208,1.246980
3336,-3.158125,1.579063
3337,-3.652478,1.826239
3338,0.526644,0.222521
3339,-3.194833,1.652478
3340,-3.911146,1.955573
3341,-3.427775,0.988831
3342,-3.051264,1.365341
3343,-3.911146,1.955573
3344,-3.658223,1.449729
3345,-3.246980,1.623490
3346,-3.694931,1.911146
3347,-3.153395,0.440071
3348,-3.281713,1.826239
3349,-3.955573,1.911146
3350,-3.484462,1.623490
3351,-3.397582,1.449729
3352,-2.015156,0.455573
3353,-2.892753,0.440071
3354,-1.574735,-0.425270
3355,-3.434289,1.911146
3356,-3.088468,0.698220
3357,-3.650504,1.955573
3358,-2.388932,-0.955573
3359,-2.311457,-0.722521
3360,-3.326140,1.781812
3361,-3.563623,1.781812
3362,-1.462714,0.222521
3363,-1.652210,-0.658322
3364,-2.717704,0.698220
3365,-3.826239,1.652478
3366,-3.326140,1.781812
3367,-2.883745,1.030303
3368,-2.383160,1.191580
3369,-3.397582,1.449729
3370,-2.859464,-0.147791
3371,-3.826239,1.652478
3372,-3.158125,1.579063
3373,-0.686458,-0.826239
3374,-3.650504,1.955573
3375,-1.906779,-0.535628
3376,-2.110972,-1.123490
3377,-3.824265,1.781812
3378,-3.658223,1.449729
3379,-3.650504,1.955573
3380,-3.268248,1.579063
3381,-3.246980,1.623490
3382,-1.695108,1.579063
3383,-2.872277,1.781812
3384,-1.225625,-1.123490
3385,-3.563623,1.781812
3386,-3.822291,1.911146
3387,-3.215828,0.698220
3388,-3.158125,1.579063
3389,-3.478716,2.000000
3390,-3.563623,1.781812
3391,-3.123202,0.900969
3392,-2.874250,1.652478
3393,-3.650504,1.955573
3394,-3.095692,1.320914
3395,-2.256195,-0.445042
3396,-3.158125,1.579063
3397,-3.656250,1.579063
3398,-1.864156,-0.367711
3399,-2.005777,-1.721883
3400,-2.964384,1.191580
3401,-3.658223,1.449729
3402,-3.434289,1.911146
3403,-3.694931,1.911146
3404,-3.692957,1.652478
3405,-1.557314,-0.109562
3406,-2.394628,0.440071
3407,-1.794458,-1.889800
3408,-2.430339,0.123490
3409,-0.880142,0.440071
3410,-0.911146,0.455573
3411,-2.899457,1.449729
3412,-3.158125,1.579063
3413,-2.859464,-0.147791
3414,-2.208111,1.449729
3415,-3.563623,1.781812
3416,-1.717979,0.733052
3417,-2.518736,1.074730
3418,-2.874250,1.652478
3419,-2.883745,1.030303
3420,-3.652478,1.826239
3421,-3.427775,0.988831
3422,-1.849772,0.733052
3423,-3.478716,2.000000
3424,-2.383160,1.191580
3425,-2.383160,1.191580
3426,-3.095692,1.320914
3427,-2.844057,0.730682
3428,-2.493959,1.246980
3429,-3.822291,1.911146
3430,-3.152379,1.955573
3431,-3.911146,1.955573
3432,-1.466104,0.733052
3433,-3.563623,1.781812
3434,-1.652210,-0.658322
3435,-3.158125,1.579063
3436,-1.824442,1.449729
3437,-3.065499,1.781812
3438,-2.873202,0.400969
3439,-1.858780,0.142820
3440,-2.670453,0.603718
3441,-0.801938,0.400969
3442,-1.168783,-0.365341
3443,-2.099031,-1.801938
3444,-0.538874,0.099031
3445,-0.880142,0.440071
3446,-3.779838,1.826239
3447,-3.194833,1.652478
3448,-3.824265,1.781812
3449,-3.484462,1.623490
3450,-3.911146,1.955573
3451,-1.574735,-0.425270
3452,-0.880142,0.440071
3453,-1.877888,-1.977662
3454,-2.337712,0.326239
3455,-3.779838,1.826239
3456,-3.866718,2.000000
3457,-2.837543,1.579063
3458,-1.048700,0.730682
3459,-2.885719,0.900969
3460,-1.978621,0.733052
3461,0.097527,0.900969
3462,-3.911146,1.955573
3463,-3.563623,1.781812
3464,-1.466104,0.733052
3465,0.685624,0.603718
3466,-3.088468,0.698220
3467,-2.938128,0.142820
3468,-1.801938,0.900969
3469,-1.349189,0.603718
3470,-2.109756,0.123490
3471,0.413119,1.652478
3472,-2.635719,0.400969
3473,-2.181855,0.400969
3474,-3.427775,0.988831
3475,-1.261910,1.320914
3476,-2.598822,-0.147791
3477,-2.837543,1.579063
3478,-2.835050,1.320914
3479,-3.824265,1.781812
3480,-3.824265,1.781812
3481,-3.694931,1.911146
3482,-2.572099,-0.722521
3483,-2.466259,1.191580
3484,-1.733246,0.500000
3485,-2.242359,1.781812
3486,-3.281713,1.826239
3487,-1.413198,1.623490
3488,-0.427724,0.054604
3489,-1.185762,-1.977662
3490,-1.760035,1.320914
3491,-2.873202,0.400969
3492,-2.347897,0.733052
3493,-2.302521,1.030303
3494,-2.461033,1.955573
3495,-3.268248,1.579063
3496,-3.268248,1.579063
3497,-3.268248,1.579063
3498,-3.911146,1.955573
3499,-2.015156,0.455573
3500,-3.152379,1.955573
3501,-3.779838,1.826239
3502,-3.281713,1.826239
3503,-3.563623,1.781812
3504,-2.371693,1.652478
3505,-2.872277,1.781812
3506,-1.634892,-0.826239
3507,-2.635719,0.400969
3508,-3.095692,1.320914
3509,-3.824265,1.781812
3510,-3.911146,1.955573
3511,-2.964384,1.191580
3512,-2.859464,-0.147791
3513,-2.540461,0.123490
3514,-3.563623,1.781812
3515,-1.349189,0.603718
3516,-2.394628,0.440071
3517,-0.272729,0.988831
3518,0.770019,-1.211352
3519,-0.298846,-0.722521
3520,-1.668109,-1.400969
3521,-3.656250,1.579063
3522,-3.650504,1.955573
3523,-2.892753,0.440071
3524,-0.528520,0.777479
3525,-1.344281,-0.535628
3526,-3.955573,1.911146
3527,-3.623490,1.246980
3528,-1.643120,1.191580
3529,-3.427775,0.988831
3530,-3.427775,0.988831
3531,-3.462508,1.191580
3532,-3.088468,0.698220
3533,-2.885719,0.900969
3534,-2.388932,-0.955573
3535,-2.343556,-0.658322
3536,-2.993868,1.030303
3537,0.436916,0.733052
3538,-2.242359,1.781812
3539,-3.824265,1.781812
3540,-3.658223,1.449729
3541,-2.371693,1.652478
3542,-2.644197,-0.445042
3543,-0.801039,-1.488831
3544,-3.656250,1.579063
3545,-2.635719,0.400969
3546,-1.270918,0.730682
3547,-2.883745,1.030303
3548,-1.813332,-0.722521
3549,-2.669008,0.988831
3550,-3.324167,1.911146
3551,-1.717979,0.733052
3552,-2.176109,0.777479
3553,-3.650504,1.955573
3554,-2.706235,1.449729
3555,-3.158125,1.579063
3556,-2.060606,1.030303
3557,-3.161387,1.365341
3558,-3.304955,1.652478
3559,-3.326140,1.781812
3560,-3.490208,1.246980
3561,-2.892753,0.440071
3562,-2.941449,0.149460
3563,-3.656250,1.579063
3564,-3.333174,1.320914
3565,-1.074632,0.054604
3566,-2.431855,0.900969
3567,-1.370469,-1.000000
3568,-2.873202,0.400969
3569,-2.711958,1.074730
3570,-3.656250,1.579063
3571,-3.304955,1.652478
3572,-1.461364,0.730682
3573,-2.176109,0.777479
3574,-1.683887,-1.977662
3575,-0.729953,0.093187
3576,-1.558725,-0.623490
3577,-3.051264,1.365341
3578,-2.899457,1.449729
3579,-3.484462,1.623490
3580,-1.593993,0.988831
3581,-1.960449,1.826239
3582,0.110414,0.266948
3583,-3.153395,0.440071
3584,-2.410859,1.246980
3585,0.038027,-0.109562
3586,-0.563340,0.698220
3587,-1.890808,-0.955573
3588,-1.225625,-1.123490
3589,-3.324167,1.911146
3590,-3.335148,1.191580
3591,0.243694,-1.466104
3592,-1.558067,-1.233052
3593,-1.877888,-1.977662
3594,-3.167133,0.988831
3595,-2.892753,0.440071
3596,-3.652478,1.826239
3597,-2.060606,1.030303
3598,0.763733,-1.123490
3599,-2.261572,-0.955573
3600,-0.259807,0.222521
3601,-3.335148,1.191580
3602,-2.635719,0.400969
3603,-2.383160,1.191580
3604,-3.215828,0.698220
3605,-3.158125,1.579063
3606,-3.652478,1.826239
3607,-0.285640,0.142820
3608,-2.641828,1.320914
3609,-3.326140,1.781812
3610,-3.563623,1.781812
3611,-3.304955,1.652478
3612,-3.326140,1.781812
3613,-1.551938,0.400969
3614,-1.551584,-1.634021
3615,-1.574735,-0.425270
3616,-2.717704,0.698220
3617,-3.484462,1.623490
3618,-3.822291,1.911146
3619,-3.484462,1.623490
3620,-3.658223,1.449729
3621,-3.324167,1.911146
3622,-1.207436,0.603718
3623,-3.152379,1.955573
3624,-2.873202,0.400969
3625,-3.563623,1.781812
3626,-2.540461,0.123490
3627,-3.779838,1.826239
3628,-3.692957,1.652478
3629,-2.015156,0.455573
3630,-2.440004,0.142820
3631,-3.095692,1.320914
3632,-3.824265,1.781812
3633,-3.102206,1.246980
3634,-1.558067,-1.233052
3635,-0.880142,0.440071
3636,-2.242359,1.781812
3637,-1.048700,0.730682
3638,-3.434289,1.911146
3639,-2.440004,0.142820
3640,-2.056191,-1.233052
3641,-1.917063,0.093187
3642,-3.397582,1.449729
3643,-3.484462,1.623490
3644,-2.835050,1.320914
3645,-1.801938,0.900969
3646,-3.650504,1.955573
3647,-2.119812,-0.109562
3648,-0.928928,-1.233052
3649,-2.641828,1.320914
3650,-2.872277,1.781812
3651,-3.826239,1.652478
3652,-2.706235,1.449729
3653,-2.385621,1.030303
3654,-2.899457,1.449729
3655,-3.911146,1.955573
3656,-3.652478,1.826239
3657,-2.334986,1.579063
3658,-2.334986,1.579063
3659,-1.773241,0.455573
3660,-2.835050,1.320914
3661,-2.793116,1.623490
3662,-3.484462,1.623490
3663,-3.652478,1.826239
3664,-3.478716,2.000000
3665,-3.652478,1.826239
3666,-3.824265,1.781812
3667,-2.885719,0.900969
3668,-3.397582,1.449729
3669,-3.427775,0.988831
3670,-1.762008,1.191580
3671,-0.928928,-1.233052
3672,-2.349870,0.603718
3673,-0.168606,-0.033258
3674,-2.311457,-0.722521
3675,-1.813332,-0.722521
3676,-3.652478,1.826239
3677,-3.911146,1.955573
3678,-2.181855,0.400969
3679,-3.656250,1.579063
3680,-2.181855,0.400969
3681,-3.656250,1.579063
3682,-2.383160,1.191580
3683,-2.311457,-0.722521
3684,-1.588247,1.365341
3685,-3.824265,1.781812
3686,-3.652478,1.826239
3687,-1.149815,1.320914
3688,-2.873202,0.400969
3689,-3.397582,1.449729
3690,-3.563623,1.781812
3691,-2.181855,0.400969
3692,-3.650504,1.955573
3693,-2.885719,0.900969
3694,-3.326140,1.781812
3695,-1.965750,-1.801938
3696,-1.906779,-0.535628
3697,-3.484462,1.623490
3698,-3.304955,1.652478
3699,-2.844057,0.730682
3700,-3.652478,1.826239
3701,-3.158125,1.579063
3702,-3.304955,1.652478
3703,-3.563623,1.781812
3704,-3.215828,0.698220
3705,-1.014727,-0.162592
3706,-1.558067,-1.233052
3707,-1.236955,-1.488831
3708,-3.824265,1.781812
3709,-2.256195,-0.445042
3710,-3.779838,1.826239
3711,-3.167133,0.988831
3712,-1.180804,0.266948
3713,-3.563623,1.781812
3714,-3.824265,1.781812
3715,-3.434289,1.911146
3716,-3.658223,1.449729
3717,-2.576901,1.579063
3718,-2.110972,-1.123490
3719,-2.742943,1.911146
3720,-3.152379,1.955573
3721,-3.088468,0.698220
3722,-3.246980,1.623490
3723,-2.149460,1.074730
3724,-2.242359,1.781812
3725,-2.337712,0.326239
3726,-2.899457,1.449729
3727,-3.528889,1.579063
3728,-1.775215,0.326239
3729,-3.095692,1.320914
3730,-3.694931,1.911146
3731,-2.938128,0.142820
3732,-2.885719,0.900969
3733,0.489821,0.123490
3734,-2.696708,1.652478
3735,-1.568917,-1.211352
3736,-1.349578,0.500000
3737,-0.911146,0.455573
3738,-1.236955,-1.488831
3739,-2.899457,1.449729
3740,-2.261572,-0.955573
3741,-2.366718,-1.000000
3742,-3.215828,0.698220
3743,-3.215828,0.698220
3744,-3.397582,1.449729
3745,-3.484462,1.623490
3746,-3.152379,1.955573
3747,-1.384971,1.449729
3748,-2.385621,1.030303
3749,-2.367905,-0.134659
3750,-2.540461,0.123490
3751,-0.576416,-0.658322
3752,-0.939778,-1.211352
3753,-1.713557,-0.535628
3754,-3.167133,0.988831
3755,-3.563623,1.781812
3756,-2.572099,-0.722521
3757,-1.375695,-1.211352
3758,-3.167133,0.988831
3759,-1.168783,-0.365341
3760,-1.890808,-0.955573
3761,-3.623490,1.246980
3762,-2.466259,1.191580
3763,-1.928302,-1.488831
3764,-0.969501,-1.801938
3765,-1.236955,-1.488831
3766,-3.158125,1.579063
3767,-3.427775,0.988831
3768,-3.911146,1.955573
3769,-3.911146,1.955573
3770,-2.493959,1.246980
3771,-2.874250,1.652478
3772,-3.911146,1.955573
3773,-2.311457,-0.722521
3774,-0.032308,-0.914101
3775,-1.088404,-0.914101
3776,-2.892753,0.440071
3777,-2.883745,1.030303
3778,-2.706235,1.449729
3779,-3.484462,1.623490
3780,-3.167133,0.988831
3781,-3.158125,1.579063
3782,-2.493959,1.246980
3783,-2.060606,1.030303
3784,-2.518736,1.074730
3785,-3.152379,1.955573
3786,-3.822291,1.911146
3787,-2.793116,1.623490
3788,-1.006419,-1.211352
3789,-2.109756,0.123490
3790,-3.194833,1.652478
3791,-3.268248,1.579063
3792,-2.371693,1.652478
3793,-3.824265,1.781812
3794,-3.692957,1.652478
3795,-1.960449,1.826239
3796,-3.563623,1.781812
3797,-3.779838,1.826239
3798,-3.563623,1.781812
3799,-3.694931,1.911146
3800,-2.349870,0.603718
3801,-3.427775,0.988831
3802,-3.065499,1.781812
3803,-1.977662,0.988831
3804,-1.811776,-1.721883
3805,-2.572099,-0.722521
3806,-2.116349,-1.634021
3807,-2.431855,0.900969
3808,-3.658223,1.449729
3809,-1.978716,-1.000000
3810,-0.866720,-1.233052
3811,-2.540461,0.123490
3812,-3.484462,1.623490
3813,-3.563623,1.781812
3814,-3.065499,1.781812
3815,-2.440004,0.142820
3816,-3.658223,1.449729
3817,-2.938128,0.142820
3818,-2.431855,0.900969
3819,-0.248496,0.900969
3820,-1.072099,0.777479
3821,-3.694931,1.911146
3822,-3.167133,0.988831
3823,-2.440004,0.142820
3824,-2.440004,0.142820
3825,-3.563623,1.781812
3826,-3.528889,1.579063
3827,-3.866718,2.000000
3828,-1.022292,-0.658322
3829,-3.095692,1.320914
3830,-3.652478,1.826239
3831,-1.733246,0.500000
3832,-0.098933,1.030303
3833,-2.700489,1.826239
3834,-2.256195,-0.445042
3835,-2.654083,-0.425270
3836,-3.158125,1.579063
3837,-4.000000,2.000000
3838,-3.427775,0.988831
3839,-2.261572,-0.955573
3840,-3.826239,1.652478
3841,-2.892753,0.440071
3842,-2.777479,-0.445042
3843,-0.928928,-1.233052
3844,-3.911146,1.955573
3845,-2.793116,1.623490
3846,-3.397582,1.449729
3847,-2.493959,1.246980
3848,-2.885719,0.900969
3849,-3.152379,1.955573
3850,-1.977662,0.988831
3851,-2.311457,-0.722521
3852,-3.563623,1.781812
3853,-3.324167,1.911146
3854,-3.335148,1.191580
3855,-3.658223,1.449729
3856,-2.835050,1.320914
3857,-3.563623,1.781812
3858,-3.563623,1.781812
3859,-3.153395,0.440071
3860,-0.217752,-0.365341
3861,-1.668109,-1.400969
3862,-3.824265,1.781812
3863,-2.883745,1.030303
3864,-3.658223,1.449729
3865,-1.771749,-1.801938
3866,-2.116349,-1.634021
3867,-1.703282,0.440071
3868,-1.745664,-1.466104
3869,-2.883745,1.030303
3870,-2.168944,1.246980
3871,-1.773241,0.455573
3872,-1.154522,0.988831
3873,-3.158125,1.579063
3874,-1.731816,1.652478
3875,-4.000000,2.000000
3876,-3.658223,1.449729
3877,-3.650504,1.955573
3878,-1.344281,-0.535628
3879,-1.922262,1.652478
3880,-3.911146,1.955573
3881,-2.892753,0.440071
3882,-3.490208,1.246980
3883,-3.478716,2.000000
3884,-3.563623,1.781812
3885,-2.826042,1.911146
3886,-2.844057,0.730682
3887,-3.333174,1.320914
3888,-3.563623,1.781812
3889,-3.065499,1.781812
3890,-1.594507,0.222521
3891,-3.152379,1.955573
3892,-2.899457,1.449729
3893,-2.334986,1.579063
3894,-2.430339,0.123490
3895,-1.442336,-1.211352
3896,-3.333174,1.320914
3897,-0.654932,1.030303
3898,-3.563623,1.781812
3899,-3.051264,1.365341
3900,-1.978621,0.733052
3901,-2.793116,1.623490
3902,-3.484462,1.623490
3903,-3.088468,0.698220
3904,-3.167133,0.988831
3905,-3.779838,1.826239
3906,-3.528889,1.579063
3907,-3.434289,1.911146
3908,-0.787833,-0.623490
3909,-1.926590,-0.109562
3910,-3.650504,1.955573
3911,-3.153395,0.440071
3912,-1.717542,-0.914101
3913,-1.070127,-0.826239
3914,-0.709168,-0.914101
3915,-2.242359,1.781812
3916,-3.866718,2.000000
3917,-3.434289,1.911146
3918,-2.109756,0.123490
3919,-3.658223,1.449729
3920,-1.445881,-0.074730
3921,-1.934194,0.777479
3922,-2.163198,1.623490
3923,-3.650504,1.955573
3924,-2.670453,0.603718
3925,-2.343556,-0.658322
3926,-2.717704,0.698220
3927,-3.427775,0.988831
3928,-2.518736,1.074730
3929,-3.123202,0.900969
3930,-3.365341,0.730682
3931,-2.899457,1.449729
3932,-3.656250,1.579063
3933,-1.762008,1.191580
3934,-0.702281,0.603718
3935,-3.652478,1.826239
3936,-3.397582,1.449729
3937,-2.883745,1.030303
3938,1.342340,1.781812
3939,-3.161387,1.365341
3940,-2.349870,0.603718
3941,-3.490208,1.246980
3942,-2.347897,0.733052
3943,-2.706235,1.449729
3944,-2.388932,-0.955573
3945,-0.494415,-1.977662
3946,-1.229497,0.266948
3947,-3.652478,1.826239
3948,-2.874250,1.652478
3949,-3.478716,2.000000
3950,-3.335148,1.191580
3951,-1.132335,-0.826239
3952,-1.833963,0.093187
3953,-2.383160,1.191580
3954,-0.789708,-1.123490
3955,-0.237965,1.579063
3956,-2.899457,1.449729
3957,-3.911146,1.955573
3958,-2.155959,-0.425270
3959,-3.246980,1.623490
3960,-2.641828,1.320914
3961,-3.326140,1.781812
3962,-3.161387,1.365341
3963,-3.484462,1.623490
3964,-1.773241,0.455573
3965,-2.261572,-0.955573
3966,-3.158125,1.579063
3967,-3.095692,1.320914
3968,-3.652478,1.826239
3969,-3.563623,1.781812
3970,-2.872277,1.781812
3971,-3.822291,1.911146
3972,-3.563623,1.781812
3973,-1.137418,-1.466104
3974,-1.442336,-1.211352
3975,-3.194833,1.652478
3976,-2.228125,1.365341
3977,-2.461033,1.955573
3978,-3.824265,1.781812
3979,-2.119812,-0.109562
3980,-3.427775,0.988831
3981,-3.268248,1.579063
3982,-1.849772,0.733052
3983,-3.397582,1.449729
3984,-3.484462,1.623490
3985,-3.563623,1.781812
3986,-3.911146,1.955573
3987,-3.152379,1.955573
3988,-2.598822,-0.147791
3989,-1.577747,-1.801938
3990,-1.906779,-0.535628
3991,-2.374152,1.781812
3992,1.165077,-0.162592
3993,-3.462508,1.191580
3994,-2.410859,1.246980
3995,-3.397582,1.449729
3996,-3.911146,1.955573
3997,-1.601453,0.500000
3998,-2.347897,0.733052
3999,-2.899457,1.449729
4000,-3.152379,1.955573
4001,-3.153395,0.440071
4002,-2.518736,1.074730
4003,-2.208111,1.449729
4004,-3.088468,0.698220
4005,-3.333174,1.320914
4006,-3.528889,1.579063
4007,-3.563623,1.781812
4008,-3.955573,1.911146
4009,-2.119812,-0.109562
4010,-1.253943,-1.233052
4011,-0.248496,0.900969
4012,-3.158125,1.579063
4013,-3.484462,1.623490
4014,-3.065499,1.781812
4015,-2.730682,1.365341
4016,-1.236955,-1.488831
4017,-2.518736,1.074730
4018,-3.427775,0.988831
4019,-2.394628,0.440071
4020,-3.650504,1.955573
4021,-3.152379,1.955573
4022,-1.445881,-0.074730
4023,-0.061373,0.222521
4024,1.322099,0.222521
4025,-0.072451,-0.134659
4026,-3.215828,0.698220
4027,-3.822291,1.911146
4028,-3.652478,1.826239
4029,-2.780575,0.603718
4030,-3.326140,1.781812
4031,-2.334986,1.579063
4032,-3.656250,1.579063
4033,-3.650504,1.955573
4034,-3.911146,1.955573
4035,-3.095692,1.320914
4036,-2.208111,1.449729
4037,-2.430339,0.123490
4038,-0.576416,-0.658322
4039,-0.722906,-0.365341
4040,-3.650504,1.955573
4041,-3.650504,1.955573
4042,-3.955573,1.911146
4043,-1.934194,0.777479
4044,-0.071261,-0.658322
4045,-0.983709,-1.123490
4046,-2.844057,0.730682
4047,-3.911146,1.955573
4048,-3.304955,1.652478
4049,-3.065499,1.781812
4050,-0.801938,0.400969
4051,-3.490208,1.246980
4052,-3.822291,1.911146
4053,-3.161387,1.365341
4054,-3.563623,1.781812
4055,-2.163198,1.623490
4056,-2.810768,0.142820
4057,-3.158125,1.579063
4058,-2.208111,1.449729
4059,-2.383160,1.191580
4060,-3.826239,1.652478
4061,-3.246980,1.623490
4062,-1.773241,0.455573
4063,-3.304955,1.652478
4064,-2.793116,1.623490
4065,-3.822291,1.911146
4066,-2.176109,0.777479
4067,-1.977662,0.988831
4068,-1.588247,1.365341
4069,-1.873040,-1.211352
4070,-1.731730,-0.277479
4071,-1.877888,-1.977662
4072,-3.652478,1.826239
4073,-2.641828,1.320914
4074,-2.168944,1.246980
4075,-2.334986,1.579063
4076,-1.409351,-0.147791
4077,-3.335148,1.191580
4078,-2.641828,1.320914
4079,-2.272552,1.320914
4080,-2.526723,-0.425270
4081,-3.326140,1.781812
4082,-1.988459,-1.889800
4083,-0.288010,1.911146
4084,-3.281713,1.826239
4085,-0.000610,-0.162592
4086,-1.442336,-1.211352
4087,-3.484462,1.623490
4088,-2.461033,1.955573
4089,-3.095692,1.320914
4090,-3.158125,1.579063
4091,-3.152379,1.955573
4092,-3.656250,1.579063
4093,-2.844057,0.730682
4094,-3.484462,1.623490
4095,-3.656250,1.579063
4096,-2.826042,1.911146
4097,-3.650504,1.955573
4098,-3.484462,1.623490
4099,-3.333174,1.320914
4100,-3.490208,1.246980
4101,-3.158125,1.579063
4102,-3.490208,1.246980
4103,-3.650504,1.955573
4104,-0.821489,0.440071
4105,-2.261572,-0.955573
4106,0.211126,-1.400969
4107,-2.899457,1.449729
4108,-2.334986,1.579063
4109,-2.810768,0.142820
4110,-3.324167,1.911146
4111,-3.246980,1.623490
4112,-1.858780,0.142820
4113,-2.256195,-0.445042
4114,-1.574293,-1.721883
4115,-1.330319,-0.914101
4116,-3.658223,1.449729
4117,-3.281713,1.826239
4118,-3.779838,1.826239
4119,-3.528889,1.579063
4120,-2.336959,1.449729
4121,-3.824265,1.781812
4122,-2.964384,1.191580
4123,-3.692957,1.652478
4124,-0.276723,-0.425270
4125,-2.109756,0.123490
4126,-0.831764,-0.535628
4127,-0.476251,-0.367711
4128,-3.051264,1.365341
4129,-3.658223,1.449729
4130,-2.605388,-0.134659
4131,-1.171501,-0.623490
4132,-1.551584,-1.634021
4133,-2.311457,-0.722521
4134,-3.822291,1.911146
4135,-3.152379,1.955573
4136,-3.826239,1.652478
4137,-3.167133,0.988831
4138,-1.179763,1.911146
4139,-2.518736,1.074730
4140,-3.911146,1.955573
4141,-3.911146,1.955573
4142,-2.872277,1.781812
4143,-3.490208,1.246980
4144,-1.349578,0.500000
4145,-2.711958,1.074730
4146,-0.652478,0.326239
4147,-2.899457,1.449729
4148,-2.873202,0.400969
4149,-3.692957,1.652478
4150,-3.095692,1.320914
4151,-3.427775,0.988831
4152,-2.518736,1.074730
4153,-3.563623,1.781812
4154,-3.123202,0.900969
4155,-3.563623,1.781812
4156,-3.779838,1.826239
4157,-3.281713,1.826239
4158,-3.528889,1.579063
4159,-3.065499,1.781812
4160,-3.051264,1.365341
4161,-3.232059,0.730682
4162,-1.847313,0.603718
4163,-3.824265,1.781812
4164,-2.371693,1.652478
4165,-2.793116,1.623490
4166,-3.102206,1.246980
4167,-0.383765,0.603718
4168,-1.233709,-0.623490
4169,-0.842470,-1.889800
4170,-3.123202,0.900969
4171,-2.261572,-0.955573
4172,-3.656250,1.579063
4173,-3.656250,1.579063
4174,-1.384971,1.449729
4175,-2.155959,-0.425270
4176,-0.916907,-0.365341
4177,-3.484462,1.623490
4178,-3.658223,1.449729
4179,-2.874250,1.652478
4180,-3.911146,1.955573
4181,-3.824265,1.781812
4182,-1.849772,0.733052
4183,-2.337712,0.326239
4184,-3.623490,1.246980
4185,-3.779838,1.826239
4186,-2.670453,0.603718
4187,-3.528889,1.579063
4188,-1.977662,0.988831
4189,-3.152379,1.955573
4190,-3.088468,0.698220
4191,-1.577747,-1.801938
4192,-1.558067,-1.233052
4193,-1.086885,-1.400969
4194,-1.558067,-1.233052
4195,-3.095692,1.320914
4196,-2.141244,1.191580
4197,-3.692957,1.652478
4198,-3.095692,1.320914
4199,-3.563623,1.781812
4200,-2.598822,-0.147791
4201,-1.648630,-0.277479
4202,-1.279149,1.191580
4203,-0.652478,0.326239
4204,-1.231001,-1.634021
4205,-1.690819,-1.488831
4206,-0.637763,-0.535628
4207,-0.431016,0.698220
4208,-3.158125,1.579063
4209,-3.167133,0.988831
4210,-3.824265,1.781812
4211,-2.844057,0.730682
4212,-2.835050,1.320914
4213,-3.563623,1.781812
4214,-3.324167,1.911146
4215,-2.261572,-0.955573
4216,-3.822291,1.911146
4217,-2.349870,0.603718
4218,-3.335148,1.191580
4219,-3.911146,1.955573
4220,-1.858780,0.142820
4221,-2.440004,0.142820
4222,-3.051264,1.365341
4223,-3.650504,1.955573
4224,-3.955573,1.911146
4225,-3.824265,1.781812
4226,-2.872277,1.781812
4227,-2.228125,1.365341
4228,-1.636943,1.074730
4229,-3.152379,1.955573
4230,-2.870469,2.000000
4231,-2.885719,0.900969
4232,-1.244415,0.988831
4233,-3.051264,1.365341
4234,-3.051264,1.365341
4235,-3.528889,1.579063
4236,-3.911146,1.955573
4237,-2.576901,1.579063
4238,-1.003761,1.579063
4239,-1.300576,-0.365341
4240,-2.899457,1.449729
4241,-3.484462,1.623490
4242,-3.694931,1.911146
4243,-3.281713,1.826239
4244,-1.394005,0.455573
4245,-2.208111,1.449729
4246,-0.729953,0.093187
4247,0.276467,-0.109562
4248,-3.822291,1.911146
4249,-3.563623,1.781812
4250,-2.168944,1.246980
4251,-1.914041,-0.134659
4252,-2.367905,-0.134659
4253,-3.152379,1.955573
4254,-1.300576,-0.365341
4255,-0.911611,-1.400969
4256,-1.384971,1.449729
4257,-1.394005,0.455573
4258,-2.810768,0.142820
4259,-2.826042,1.911146
4260,-1.636943,1.074730
4261,-3.563623,1.781812
4262,-1.244415,0.988831
4263,-3.822291,1.911146
4264,-3.478716,2.000000
4265,-3.822291,1.911146
4266,0.219124,-0.109562
4267,-0.544316,-0.722521
4268,-2.526723,-0.425270
4269,-2.109756,0.123490
4270,-2.605388,-0.134659
4271,-3.824265,1.781812
4272,-1.466104,0.733052
4273,0.304958,0.222521
4274,-2.873202,0.400969
4275,-3.692957,1.652478
4276,-3.824265,1.781812
4277,-2.553446,0.149460
4278,0.117750,0.093187
4279,-2.133667,-1.466104
4280,-2.598822,-0.147791
4281,-3.563623,1.781812
4282,-3.326140,1.781812
4283,-1.681370,1.030303
4284,-3.528889,1.579063
4285,-2.670453,0.603718
4286,-3.658223,1.449729
4287,-2.706235,1.449729
4288,-3.095692,1.320914
4289,-3.866718,2.000000
4290,-0.861260,0.222521
4291,-1.284124,-0.134659
4292,-3.152379,1.955573
4293,-3.563623,1.781812
4294,-3.563623,1.781812
4295,-1.760035,1.320914
4296,-3.397582,1.449729
4297,-0.275215,1.826239
4298,-3.528889,1.579063
4299,-3.326140,1.781812
4300,-3.051264,1.365341
4301,-3.484462,1.623490
4302,-1.695108,1.579063
4303,-3.528889,1.579063
4304,0.016102,0.455573
4305,-0.763270,1.246980
4306,-3.911146,1.955573
4307,-3.397582,1.449729
4308,0.247255,-0.658322
4309,-0.371614,-0.623490
4310,-2.347897,0.733052
4311,-2.576901,1.579063
4312,-3.911146,1.955573
4313,-1.072099,0.777479
4314,-3.246980,1.623490
4315,-3.051264,1.365341
4316,-2.431855,0.900969
4317,-2.149460,1.074730
4318,-3.268248,1.579063
4319,-2.696708,1.652478
4320,-3.955573,1.911146
4321,-3.326140,1.781812
4322,-3.051264,1.365341
4323,-0.735570,1.191580
4324,-3.911146,1.955573
4325,-3.324167,1.911146
4326,-2.885719,0.900969
4327,-3.478716,2.000000
4328,-3.215828,0.698220
4329,-3.152379,1.955573
4330,-2.717704,0.698220
4331,-2.155959,-0.425270
4332,-3.824265,1.781812
4333,-1.461364,0.730682
4334,-2.337712,0.326239
4335,-2.060606,1.030303
4336,-2.518736,1.074730
4337,-3.152379,1.955573
4338,-1.878417,-1.721883
4339,-3.911146,1.955573
4340,-3.911146,1.955573
4341,-3.911146,1.955573
4342,-3.065499,1.781812
4343,-3.652478,1.826239
4344,-3.333174,1.320914
4345,-3.658223,1.449729
4346,-2.383160,1.191580
4347,-1.284124,-0.134659
4348,-3.652478,1.826239
4349,-3.304955,1.652478
4350,-3.490208,1.246980
4351,-2.810768,0.142820
4352,-3.065499,1.781812
4353,-2.859464,-0.147791
4354,-3.397582,1.449729
4355,-3.397582,1.449729
4356,-2.793116,1.623490
4357,-2.883745,1.030303
4358,-3.563623,1.781812
4359,-2.641828,1.320914
4360,-2.605388,-0.134659
4361,-3.650504,1.955573
4362,-3.268248,1.579063
4363,-2.410859,1.246980
4364,-3.528889,1.579063
4365,-1.717979,0.733052
4366,-3.824265,1.781812
4367,-3.268248,1.579063
4368,-3.281713,1.826239
4369,-1.934194,0.777479
4370,-2.964384,1.191580
4371,-2.964384,1.191580
4372,-3.528889,1.579063
4373,-1.824442,1.449729
4374,-3.326140,1.781812
4375,-2.835050,1.320914
4376,-3.563623,1.781812
4377,-2.706235,1.449729
4378,-3.652478,1.826239
4379,-3.095692,1.320914
4380,-3.824265,1.781812
4381,-3.152379,1.955573
4382,-3.158125,1.579063
4383,-3.215828,0.698220
4384,-3.824265,1.781812
4385,-3.563623,1.781812
4386,-3.563623,1.781812
4387,-2.060606,1.030303
4388,0.872832,0.733052
4389,-1.601453,0.500000
4390,-3.478716,2.000000
4391,-2.711958,1.074730
4392,-3.304955,1.652478
4393,-2.493959,1.246980
4394,-2.874250,1.652478
4395,-2.826042,1.911146
4396,-1.384971,1.449729
4397,-3.652478,1.826239
4398,-3.658223,1.449729
4399,-3.326140,1.781812
4400,-3.650504,1.955573
4401,-3.911146,1.955573
4402,-3.427775,0.988831
4403,-2.899457,1.449729
4404,-3.656250,1.579063
4405,-3.167133,0.988831
4406,-0.600619,0.222521
4407,-3.484462,1.623490
4408,-1.965750,-1.801938
4409,-1.231001,-1.634021
4410,-0.801039,-1.488831
4411,-2.337712,0.326239
4412,-0.186388,-1.721883
4413,-2.605388,-0.134659
4414,-3.427775,0.988831
4415,-1.703282,0.440071
4416,-3.281713,1.826239
4417,-2.742943,1.911146
4418,-2.141244,1.191580
4419,-3.434289,1.911146
4420,-2.670453,0.603718
4421,-0.985218,0.603718
4422,-0.311666,0.326239
4423,-1.928302,-1.488831
4424,-2.367905,-0.134659
4425,-2.371693,1.652478
4426,-2.885719,0.900969
4427,-3.824265,1.781812
4428,-3.694931,1.911146
4429,-3.563623,1.781812
4430,-3.194833,1.652478
4431,-1.760035,1.320914
4432,-3.528889,1.579063
4433,-2.259209,0.777479
4434,-2.440004,0.142820
4435,-3.102206,1.246980
4436,-2.793116,1.623490
4437,-3.427775,0.988831
4438,-2.598822,-0.147791
4439,-3.911146,1.955573
4440,-3.427775,0.988831
4441,-2.644197,-0.445042
4442,-1.412671,0.730682
4443,-3.074730,0.149460
4444,-2.563163,1.030303
4445,-2.347897,0.733052
4446,-3.152379,1.955573
4447,-0.576416,-0.658322
4448,-1.762008,1.191580
4449,-2.060606,1.030303
4450,-1.864156,-0.367711
4451,-1.280886,-1.400969
4452,-0.928928,-1.233052
4453,-2.056191,-1.233052
4454,-2.670453,0.603718
4455,-3.484462,1.623490
4456,-3.123202,0.900969
4457,-2.553446,0.149460
4458,-3.123202,0.900969
4459,-2.374152,1.781812
4460,-1.261910,1.320914
4461,-2.899457,1.449729
4462,-2.870469,2.000000
4463,-0.932879,0.054604
4464,-2.141244,1.191580
4465,-2.641828,1.320914
4466,-3.462508,1.191580
4467,-2.576901,1.579063
4468,-2.885719,0.900969
4469,-2.670453,0.603718
4470,-1.960449,1.826239
4471,-2.149460,1.074730
4472,-3.326140,1.781812
4473,-2.553446,0.149460
4474,-3.281713,1.826239
4475,-2.837543,1.579063
4476,-2.572099,-0.722521
4477,-1.681370,1.030303
4478,-2.873202,0.400969
4479,-3.326140,1.781812
4480,-2.576901,1.579063
4481,-3.824265,1.781812
4482,-3.911146,1.955573
4483,-3.268248,1.579063
4484,-3.779838,1.826239
4485,-3.694931,1.911146
4486,-3.911146,1.955573
4487,-3.563623,1.781812
4488,-2.938128,0.142820
4489,-2.872277,1.781812
4490,-2.892753,0.440071
4491,0.053596,0.988831
4492,-1.375695,-1.211352
4493,-2.242359,1.781812
4494,-3.427775,0.988831
4495,-2.844057,0.730682
4496,-3.326140,1.781812
4497,-3.822291,1.911146
4498,-2.835050,1.320914
4499,-0.700386,1.030303
4500,-2.874250,1.652478
4501,-2.163198,1.623490
4502,-2.242359,1.781812
4503,-2.810768,0.142820
4504,-3.335148,1.191580
4505,-3.158125,1.579063
4506,-1.396440,0.698220
4507,-2.700489,1.826239
4508,-3.652478,1.826239
4509,-2.810768,0.142820
4510,-2.717704,0.698220
4511,-2.166234,-1.400969
4512,-2.730682,1.365341
4513,-3.826239,1.652478
4514,-1.824442,1.449729
4515,-2.394628,0.440071
4516,-3.826239,1.652478
4517,-2.669008,0.988831
4518,-2.892753,0.440071
4519,-3.658223,1.449729
4520,-1.977662,0.988831
4521,-2.859464,-0.147791
4522,-2.056191,-1.233052
4523,-3.866718,2.000000
4524,-3.528889,1.579063
4525,-2.526723,-0.425270
4526,-0.652478,0.326239
4527,-3.779838,1.826239
4528,-2.311457,-0.722521
4529,-2.005777,-1.721883
4530,-1.926590,-0.109562
4531,-0.880142,0.440071
4532,-2.899457,1.449729
4533,-1.695108,1.579063
4534,-2.835050,1.320914
4535,-0.382320,0.988831
4536,-2.572099,-0.722521
4537,-2.670453,0.603718
4538,-2.184738,-0.367711
4539,-0.153316,0.142820
4540,-2.859464,-0.147791
4541,-2.706235,1.449729
4542,-3.434289,1.911146
4543,-2.272552,1.320914
4544,-3.911146,1.955573
4545,-2.106074,-0.658322
4546,-2.526723,-0.425270
4547,-2.885719,0.900969
4548,-1.877888,-1.977662
4549,-3.623490,1.246980
4550,-3.866718,2.000000
4551,-2.228125,1.365341
4552,-3.824265,1.781812
4553,-3.088468,0.698220
4554,-1.357582,-1.634021
4555,-0.834695,-0.425270
4556,0.838212,-1.233052
4557,-3.694931,1.911146
4558,-0.382320,0.988831
4559,-3.246980,1.623490
4560,-3.652478,1.826239
4561,-2.706235,1.449729
4562,-2.899457,1.449729
4563,-3.656250,1.579063
4564,-0.298920,0.149460
4565,0.158759,0.011169
4566,-3.650504,1.955573
4567,-3.333174,1.320914
4568,-2.383160,1.191580
4569,-2.941449,0.149460
4570,-3.650504,1.955573
4571,-2.700489,1.826239
4572,-2.541119,0.733052
4573,-3.652478,1.826239
4574,-2.885719,0.900969
4575,-2.096023,2.000000
4576,-0.111339,-0.147791
4577,-3.167133,0.988831
4578,-2.430339,0.123490
4579,-2.810768,0.142820
4580,-3.427775,0.988831
4581,-2.337712,0.326239
4582,-3.652478,1.826239
4583,-2.899457,1.449729
4584,-3.427775,0.988831
4585,-2.883745,1.030303
4586,-3.335148,1.191580
4587,-2.859464,-0.147791
4588,0.166876,-0.109562
4589,-1.864156,-0.367711
4590,0.486254,-1.400969
4591,-0.520157,-0.162592
4592,-3.779838,1.826239
4593,-2.793116,1.623490
4594,-2.106074,-0.658322
4595,-2.899457,1.449729
4596,-1.149815,1.320914
4597,-2.349870,0.603718
4598,-1.375695,-1.211352
4599,-0.926428,-1.721883
4600,-1.636943,1.074730
4601,-2.835050,1.320914
4602,-3.652478,1.826239
4603,-2.349870,0.603718
4604,-2.605388,-0.134659
4605,-2.872277,1.781812
4606,-2.572099,-0.722521
4607,-2.605388,-0.134659
4608,-1.978716,-1.000000
4609,-3.152379,1.955573
4610,-1.601453,0.500000
4611,-0.866720,-1.233052
4612,-2.015156,0.455573
4613,-1.592048,0.093187
4614,-3.268248,1.579063
4615,-3.779838,1.826239
4616,-2.885719,0.900969
4617,-3.281713,1.826239
4618,-3.911146,1.955573
4619,-1.934194,0.777479
4620,0.097527,0.900969
4621,-0.578811,-0.162592
4622,-2.826042,1.911146
4623,-3.652478,1.826239
4624,-2.518736,1.074730
4625,-3.484462,1.623490
4626,-3.650504,1.955573
4627,-3.824265,1.781812
4628,-3.652478,1.826239
4629,-3.304955,1.652478
4630,-3.246980,1.623490
4631,-1.833963,0.093187
4632,-3.656250,1.579063
4633,-1.601453,0.500000
4634,-3.822291,1.911146
4635,-3.650504,1.955573
4636,-3.822291,1.911146
4637,-2.669008,0.988831
4638,0.718440,0.730682
4639,-0.143651,0.123490
4640,-2.065597,-0.826239
4641,-2.302521,1.030303
4642,-2.711958,1.074730
4643,-2.899457,1.449729
4644,-3.779838,1.826239
4645,-3.779838,1.826239
4646,-3.153395,0.440071
4647,-1.637893,1.955573
4648,-2.641828,1.320914
4649,-2.706235,1.449729
4650,-2.605388,-0.134659
4651,-3.484462,1.623490
4652,-2.859464,-0.147791
4653,-3.434289,1.911146
4654,-3.528889,1.579063
4655,-2.938128,0.142820
4656,-2.892753,0.440071
4657,-2.349870,0.603718
4658,-3.822291,1.911146
4659,-4.000000,2.000000
4660,-3.822291,1.911146
4661,-2.874250,1.652478
4662,-3.822291,1.911146
4663,-2.163198,1.623490
4664,-2.874250,1.652478
4665,-1.607199,0.123490
4666,-2.844057,0.730682
4667,-2.060606,1.030303
4668,-1.261910,1.320914
4669,-2.311457,-0.722521
4670,-0.801938,0.400969
4671,-2.700489,1.826239
4672,-3.658223,1.449729
4673,-1.955475,-0.826239
4674,-2.730682,1.365341
4675,-1.690819,-1.488831
4676,-3.478716,2.000000
4677,-1.413198,1.623490
4678,-2.383160,1.191580
4679,-2.181855,0.400969
4680,-0.266837,-0.445042
4681,-2.730682,1.365341
4682,-3.563623,1.781812
4683,-2.730682,1.365341
4684,-2.002903,1.911146
4685,-2.002903,1.911146
4686,-3.652478,1.826239
4687,-2.256195,-0.445042
4688,-1.466104,0.733052
4689,-3.563623,1.781812
4690,-1.168783,-0.365341
4691,-3.158125,1.579063
4692,-3.490208,1.246980
4693,-3.658223,1.449729
4694,-3.335148,1.191580
4695,-2.669008,0.988831
4696,-3.656250,1.579063
4697,-3.824265,1.781812
4698,-2.349870,0.603718
4699,-2.810768,0.142820
4700,-1.813332,-0.722521
4701,-2.892753,0.440071
4702,-3.333174,1.320914
4703,-2.144490,0.326239
4704,-0.544316,-0.722521
4705,-0.652478,0.326239
4706,-0.560521,1.449729
4707,-2.885719,0.900969
4708,-3.911146,1.955573
4709,0.196404,0.011169
4710,-3.911146,1.955573
4711,-2.259209,0.777479
4712,-3.051264,1.365341
4713,-2.553446,0.149460
4714,0.196404,0.011169
4715,-1.833963,0.093187
4716,-0.764573,0.326239
4717,-3.490208,1.246980
4718,-3.326140,1.781812
4719,-2.883745,1.030303
4720,-2.394628,0.440071
4721,-2.810768,0.142820
4722,-3.911146,1.955573
4723,-3.484462,1.623490
4724,-2.872277,1.781812
4725,-3.215828,0.698220
4726,-4.000000,2.000000
4727,-2.873202,0.400969
4728,-2.242359,1.781812
4729,-3.152379,1.955573
4730,-3.911146,1.955573
4731,-2.641828,1.320914
4732,-1.210838,0.222521
4733,-0.722906,-0.365341
4734,-3.074730,0.149460
4735,-3.123202,0.900969
4736,-1.648630,-0.277479
4737,-3.692957,1.652478
4738,-1.934194,0.777479
4739,-2.572099,-0.722521
4740,-3.153395,0.440071
4741,-2.576901,1.579063
4742,-2.793116,1.623490
4743,-3.246980,1.623490
4744,-3.911146,1.955573
4745,-3.268248,1.579063
4746,-3.955573,1.911146
4747,-2.110972,-1.123490
4748,-2.056191,-1.233052
4749,-1.928302,-1.488831
4750,-3.335148,1.191580
4751,-0.476251,-0.367711
4752,-1.824442,1.449729
4753,-1.601453,0.500000
4754,-2.343556,-0.658322
4755,-3.333174,1.320914
4756,-3.484462,1.623490
4757,-2.835050,1.320914
4758,-4.000000,2.000000
4759,-1.593993,0.988831
4760,-3.826239,1.652478
4761,-2.394628,0.440071
4762,-2.835050,1.320914
4763,-3.153395,0.440071
4764,-1.588247,1.365341
4765,-1.833963,0.093187
4766,0.001504,0.400969
4767,-0.272729,0.988831
4768,-3.268248,1.579063
4769,-1.637893,1.955573
4770,-2.553446,0.149460
4771,-3.563623,1.781812
4772,-3.694931,1.911146
4773,-3.563623,1.781812
4774,-3.658223,1.449729
4775,-3.692957,1.652478
4776,-3.123202,0.900969
4777,-2.133667,-1.466104
4778,-3.824265,1.781812
4779,-3.268248,1.579063
4780,-3.650504,1.955573
4781,-3.658223,1.449729
4782,-3.088468,0.698220
4783,-2.337712,0.326239
4784,-2.696708,1.652478
4785,-2.706235,1.449729
4786,-1.643120,1.191580
4787,-1.420728,1.030303
4788,-3.281713,1.826239
4789,-3.779838,1.826239
4790,-3.095692,1.320914
4791,-3.528889,1.579063
4792,-3.152379,1.955573
4793,-0.855884,0.733052
4794,-0.873667,-0.955573
4795,-2.056191,-1.233052
4796,-3.158125,1.579063
4797,-3.324167,1.911146
4798,-3.304955,1.652478
4799,-2.635719,0.400969
4800,-2.208111,1.449729
4801,-3.326140,1.781812
4802,-2.899457,1.449729
4803,-3.427775,0.988831
4804,-2.394628,0.440071
4805,-3.490208,1.246980
4806,0.320225,0.455573
4807,-2.810768,0.142820
4808,-3.490208,1.246980
4809,-1.207436,0.603718
4810,-1.636943,1.074730
4811,-1.717979,0.733052
4812,-3.161387,1.365341
4813,-2.056191,-1.233052
4814,-1.624178,-1.488831
4815,-3.484462,1.623490
4816,-2.385621,1.030303
4817,-3.563623,1.781812
4818,-2.826042,1.911146
4819,-2.100697,-0.147791
4820,-2.899457,1.449729
4821,-2.374152,1.781812
4822,-1.801938,0.900969
4823,-3.326140,1.781812
4824,-3.365341,0.730682
4825,-3.656250,1.579063
4826,-3.095692,1.320914
4827,-3.656250,1.579063
4828,-3.490208,1.246980
4829,-2.518736,1.074730
4830,-1.636943,1.074730
4831,-2.541119,0.733052
4832,-3.650504,1.955573
4833,-1.275116,0.455573
4834,-3.158125,1.579063
4835,-3.161387,1.365341
4836,-3.215828,0.698220
4837,-3.658223,1.449729
4838,-2.883745,1.030303
4839,-1.926590,-0.109562
4840,-3.304955,1.652478
4841,-2.431855,0.900969
4842,-3.822291,1.911146
4843,-3.826239,1.652478
4844,-3.911146,1.955573
4845,0.876510,1.246980
4846,-3.692957,1.652478
4847,-3.623490,1.246980
4848,-3.528889,1.579063
4849,0.454332,0.698220
4850,-2.493959,1.246980
4851,-3.152379,1.955573
4852,-3.656250,1.579063
4853,-1.568917,-1.211352
4854,-1.719513,1.246980
4855,-3.333174,1.320914
4856,-2.311457,-0.722521
4857,-2.343556,-0.658322
4858,-1.284124,-0.134659
4859,-1.303596,-1.488831
4860,-1.466104,0.733052
4861,0.759696,0.455573
4862,-1.397882,0.603718
4863,-1.773241,0.455573
4864,-1.170844,-1.233052
4865,-1.703282,0.440071
4866,-3.824265,1.781812
4867,-1.762918,-1.211352
4868,-1.423694,-1.889800
4869,-1.121986,-0.722521
4870,-2.883745,1.030303
4871,-2.730682,1.365341
4872,-3.065499,1.781812
4873,-2.711958,1.074730
4874,-2.060606,1.030303
4875,-2.717704,0.698220
4876,-2.431855,0.900969
4877,-3.911146,1.955573
4878,-2.334986,1.579063
4879,0.436751,0.222521
4880,-1.155045,-0.914101
4881,-1.988459,-1.889800
4882,-0.709394,0.440071
4883,-2.038874,-1.400969
4884,-1.489885,-1.977662
4885,-0.735570,1.191580
4886,-2.349870,0.603718
4887,-3.563623,1.781812
4888,-2.374152,1.781812
4889,-2.670453,0.603718
4890,-2.670453,0.603718
4891,-3.563623,1.781812
4892,-3.866718,2.000000
4893,-2.466259,1.191580
4894,-2.641828,1.320914
4895,-0.669220,1.781812
4896,-2.526723,-0.425270
4897,-3.153395,0.440071
4898,-3.484462,1.623490
4899,-3.051264,1.365341
4900,-2.228125,1.365341
4901,-2.541119,0.733052
4902,-2.635719,0.400969
4903,-3.955573,1.911146
4904,-3.658223,1.449729
4905,-3.528889,1.579063
4906,-3.824265,1.781812
4907,-3.088468,0.698220
4908,-2.885719,0.900969
4909,-3.692957,1.652478
4910,-3.484462,1.623490
4911,-2.563163,1.030303
4912,-2.641828,1.320914
4913,-1.601453,0.500000
4914,-2.038874,-1.400969
4915,-2.116349,-1.634021
4916,-1.873490,-1.123490
4917,-1.762918,-1.211352
4918,-1.466104,0.733052
4919,-1.648630,-0.277479
4920,-3.824265,1.781812
4921,-3.427775,0.988831
4922,-0.022037,-0.623490
4923,-2.598822,-0.147791
4924,-1.878417,-1.721883
4925,-2.261572,-0.955573
4926,-1.568917,-1.211352
4927,-0.472729,-0.033258
4928,-3.427775,0.988831
4929,-3.268248,1.579063
4930,-2.228125,1.365341
4931,-0.131918,-0.033258
4932,-3.694931,1.911146
4933,-2.793116,1.623490
4934,0.066516,-0.033258
4935,-0.346845,-1.400969
4936,-0.462714,-0.277479
4937,-3.335148,1.191580
4938,-3.324167,1.911146
4939,-1.624178,-1.488831
4940,-3.478716,2.000000
4941,-2.717704,0.698220
4942,-2.706235,1.449729
4943,-2.383160,1.191580
4944,-2.730682,1.365341
4945,-0.014576,-0.134659
4946,-3.152379,1.955573
4947,-2.700489,1.826239
4948,-1.836861,1.579063
4949,-2.835050,1.320914
4950,-3.324167,1.911146
4951,-3.335148,1.191580
4952,-0.462714,-0.277479
4953,-2.347897,0.733052
4954,-3.911146,1.955573
4955,-3.911146,1.955573
4956,-3.650504,1.955573
4957,-2.844057,0.730682
4958,-1.314088,-0.074730
4959,-3.911146,1.955573
4960,-3.911146,1.955573
4961,-2.899457,1.449729
4962,-2.431855,0.900969
4963,-2.700489,1.826239
4964,-2.872277,1.781812
4965,-2.873202,0.400969
4966,-2.166234,-1.400969
4967,-2.155959,-0.425270
4968,-2.598822,-0.147791
4969,-1.855707,-1.634021
4970,-2.670453,0.603718
4971,-3.065499,1.781812
4972,-3.281713,1.826239
4973,-2.837543,1.579063
4974,-1.789708,1.246980
4975,-3.824265,1.781812
4976,-2.742943,1.911146
4977,-3.326140,1.781812
4978,-2.141244,1.191580
4979,-1.592048,0.093187
4980,-2.184738,-0.367711
4981,-2.899457,1.449729
4982,-3.528889,1.579063
4983,-2.793116,1.623490
4984,-3.281713,1.826239
4985,-2.065597,-0.826239
4986,-1.624178,-1.488831
4987,-2.155959,-0.425270
4988,-0.860591,0.400969
4989,-1.554958,0.777479
4990,-3.158125,1.579063
4991,-2.892753,0.440071
4992,-2.385621,1.030303
4993,-1.845869,0.988831
4994,-3.161387,1.365341
4995,-3.158125,1.579063
4996,-2.835050,1.320914
4997,-2.176109,0.777479
4998,-2.256195,-0.445042
4999,-2.383160,1.191580
5000,-3.397582,1.449729
5001,-2.883745,1.030303
5002,-1.801938,0.900969
5003,-3.158125,1.579063
5004,-3.215828,0.698220
5005,-2.002903,1.911146
5006,-2.641828,1.320914
5007,-3.563623,1.781812
5008,-2.598822,-0.147791
5009,-3.490208,1.246980
5010,-2.119812,-0.109562
5011,-1.921819,-1.889800
5012,-2.337712,0.326239
5013,-3.650504,1.955573
5014,-1.775215,0.326239
5015,-3.051264,1.365341
5016,-2.892753,0.440071
5017,-3.397582,1.449729
5018,-1.877888,-1.977662
5019,-1.890808,-0.955573
5020,-2.899457,1.449729
5021,-3.563623,1.781812
5022,-3.088468,0.698220
5023,-2.873202,0.400969
5024,-3.779838,1.826239
5025,-2.964384,1.191580
5026,-1.977662,0.988831
5027,-3.528889,1.579063
5028,-2.793116,1.623490
5029,-3.779838,1.826239
5030,1.811745,-0.623490
5031,-3.692957,1.652478
5032,-1.557314,-0.109562
5033,-2.261572,-0.955573
5034,-3.822291,1.911146
5035,-2.793116,1.623490
5036,-2.383160,1.191580
5037,-2.334986,1.579063
5038,-2.149460,1.074730
5039,-2.541119,0.733052
5040,-1.731730,-0.277479
5041,-0.609756,1.623490
5042,-2.208111,1.449729
5043,-3.304955,1.652478
5044,-2.883745,1.030303
5045,-2.717704,0.698220
5046,-3.427775,0.988831
5047,-3.324167,1.911146
5048,-3.215828,0.698220
5049,-3.158125,1.579063
5050,-3.563623,1.781812
5051,-3.123202,0.900969
5052,-0.652478,0.326239
5053,-2.431855,0.900969
5054,-2.654083,-0.425270
5055,-2.110972,-1.123490
5056,-2.717704,0.698220
5057,-3.158125,1.579063
5058,-3.652478,1.826239
5059,-2.700489,1.826239
5060,-3.658223,1.449729
5061,-2.096023,2.000000
5062,-3.397582,1.449729
5063,-3.065499,1.781812
5064,-2.700489,1.826239
5065,-3.246980,1.623490
5066,0.654534,-0.033258
5067,-2.316833,-1.233052
5068,-2.899457,1.449729
5069,-2.873202,0.400969
5070,-2.717704,0.698220
5071,-2.598822,-0.147791
5072,-3.822291,1.911146
5073,-3.335148,1.191580
5074,-3.826239,1.652478
5075,-2.116349,-1.634021
5076,0.035309,-0.367711
5077,-0.643478,-0.033258
5078,-0.652478,0.326239
5079,-0.105222,0.698220
5080,-3.694931,1.911146
5081,-3.692957,1.652478
5082,-1.185762,-1.977662
5083,-2.654083,-0.425270
5084,-1.413198,1.623490
5085,0.000835,0.222521
5086,-2.641828,1.320914
5087,-2.899457,1.449729
5088,-2.526723,-0.425270
5089,-1.349578,0.500000
5090,-1.384971,1.449729
5091,-0.434577,-0.109562
5092,-1.847313,0.603718
5093,-1.717979,0.733052
5094,-2.835050,1.320914
5095,-1.466104,0.733052
5096,-3.123202,0.900969
5097,-2.136480,0.698220
5098,-2.110972,-1.123490
5099,-2.155959,-0.425270
5100,-2.119812,-0.109562
5101,-3.123202,0.900969
5102,-2.294861,-0.367711
5103,-3.563623,1.781812
5104,-2.810768,0.142820
5105,-3.335148,1.191580
5106,-3.911146,1.955573
5107,-2.892753,0.440071
5108,-2.700489,1.826239
5109,-1.833963,0.093187
5110,-0.810020,1.191580
5111,-3.652478,1.826239
5112,-2.885719,0.900969
5113,-3.152379,1.955573
5114,-3.490208,1.246980
5115,-3.326140,1.781812
5116,-3.563623,1.781812
5117,-0.544620,-0.277479
5118,-0.226309,-0.914101
5119,-2.109756,0.123490
5120,-2.993868,1.030303
5121,-1.643120,1.191580
5122,-2.311457,-0.722521
5123,-2.644197,-0.445042
5124,-1.171501,-0.623490
5125,-2.700489,1.826239
5126,-3.652478,1.826239
5127,-3.397582,1.449729
5128,-1.933731,0.900969
5129,-1.593993,0.988831
5130,-3.563623,1.781812
5131,-4.000000,2.000000
5132,-2.899457,1.449729
5133,-2.883745,1.030303
5134,-2.385621,1.030303
5135,-2.366718,-1.000000
5136,-2.941449,0.149460
5137,-0.462714,-0.277479
5138,-2.349870,0.603718
5139,-2.383160,1.191580
5140,-2.493959,1.246980
5141,-2.383160,1.191580
5142,-3.822291,1.911146
5143,-2.826042,1.911146
5144,-3.484462,1.623490
5145,-2.883745,1.030303
5146,-2.541119,0.733052
5147,-0.107192,-1.977662
5148,0.646711,-1.721883
5149,-1.690819,-1.488831
5150,-2.899457,1.449729
5151,-2.837543,1.579063
5152,-1.801938,0.900969
5153,-3.051264,1.365341
5154,-3.650504,1.955573
5155,-3.194833,1.652478
5156,-2.208111,1.449729
5157,-2.011910,1.320914
5158,-1.849772,0.733052
5159,-0.437586,-0.445042
5160,-0.650969,0.099031
5161,-3.826239,1.652478
5162,-3.911146,1.955573
5163,-2.706235,1.449729
5164,-3.658223,1.449729
5165,-1.878417,-1.721883
5166,-2.892753,0.440071
5167,-3.822291,1.911146
5168,-3.563623,1.781812
5169,-2.899457,1.449729
5170,-3.326140,1.781812
5171,-3.304955,1.652478
5172,-3.095692,1.320914
5173,-0.969501,-1.801938
5174,-2.060606,1.030303
5175,-1.026723,1.074730
5176,-2.835050,1.320914
5177,-3.123202,0.900969
5178,-3.563623,1.781812
5179,-3.656250,1.579063
5180,-3.335148,1.191580
5181,-2.810768,0.142820
5182,-3.333174,1.320914
5183,-1.198511,1.030303
5184,-1.833963,0.093187
5185,-3.158125,1.579063
5186,-0.298846,-0.722521
5187,-0.700386,1.030303
5188,-1.466104,0.733052
5189,-3.490208,1.246980
5190,-1.926590,-0.109562
5191,-3.652478,1.826239
5192,-3.652478,1.826239
5193,-3.304955,1.652478
5194,-3.484462,1.623490
5195,-3.153395,0.440071
5196,-2.844057,0.730682
5197,-3.824265,1.781812
5198,-2.872277,1.781812
5199,-3.365341,0.730682
5200,-3.652478,1.826239
5201,-3.158125,1.579063
5202,-3.490208,1.246980
5203,-1.858780,0.142820
5204,-2.941449,0.149460
5205,-1.745664,-1.466104
5206,-2.100697,-0.147791
5207,-2.810768,0.142820
5208,-3.333174,1.320914
5209,-4.000000,2.000000
5210,-3.158125,1.579063
5211,-3.478716,2.000000
5212,-2.598822,-0.147791
5213,-0.246980,0.123490
5214,-2.518736,1.074730
5215,-2.383160,1.191580
5216,-3.822291,1.911146
5217,-2.461033,1.955573
5218,-2.060606,1.030303
5219,-3.490208,1.246980
5220,-3.822291,1.911146
5221,-1.607199,0.123490
5222,-3.652478,1.826239
5223,-2.730682,1.365341
5224,-3.652478,1.826239
5225,-3.484462,1.623490
5226,-1.760035,1.320914
5227,-1.413198,1.623490
5228,-3.911146,1.955573
5229,-3.158125,1.579063
5230,-2.208111,1.449729
5231,-2.883745,1.030303
5232,-3.158125,1.579063
5233,-3.335148,1.191580
5234,-3.123202,0.900969
5235,1.089445,1.191580
5236,-2.337712,0.326239
5237,-0.589531,0.730682
5238,-3.955573,1.911146
5239,-2.835050,1.320914
5240,-2.641828,1.320914
5241,-2.011910,1.320914
5242,1.170083,1.030303
5243,-3.563623,1.781812
5244,-1.593993,0.988831
5245,-3.434289,1.911146
5246,-3.194833,1.652478
5247,-3.692957,1.652478
5248,-3.911146,1.955573
5249,-3.911146,1.955573
5250,-2.742943,1.911146
5251,-2.696708,1.652478
5252,-1.719513,1.246980
5253,-2.149460,1.074730
5254,-1.070127,-0.826239
5255,-3.822291,1.911146
5256,-1.922262,1.652478
5257,-2.383160,1.191580
5258,-1.413198,1.623490
5259,-3.822291,1.911146
5260,-2.605388,-0.134659
5261,-1.955475,-0.826239
5262,-3.824265,1.781812
5263,-2.168944,1.246980
5264,-3.158125,1.579063
5265,-1.507653,-1.721883
5266,-3.563623,1.781812
5267,-2.347897,0.733052
5268,-3.658223,1.449729
5269,-2.302521,1.030303
5270,-3.955573,1.911146
5271,-2.518736,1.074730
5272,-2.316833,-1.233052
5273,-3.563623,1.781812
5274,-2.184738,-0.367711
5275,-1.475625,-0.623490
5276,-2.374152,1.781812
5277,-3.095692,1.320914
5278,-3.161387,1.365341
5279,-1.762008,1.191580
5280,-3.246980,1.623490
5281,-3.490208,1.246980
5282,-3.335148,1.191580
5283,-2.700489,1.826239
5284,-1.824442,1.449729
5285,-1.977662,0.988831
5286,-0.873667,-0.955573
5287,-1.558067,-1.233052
5288,-3.652478,1.826239
5289,0.053596,0.988831
5290,-3.484462,1.623490
5291,-1.275116,0.455573
5292,-2.899457,1.449729
5293,-3.658223,1.449729
5294,-3.167133,0.988831
5295,-3.478716,2.000000
5296,-2.635719,0.400969
5297,-2.011910,1.320914
5298,-3.652478,1.826239
5299,-3.824265,1.781812
5300,-1.773241,0.455573
5301,-2.844057,0.730682
5302,-3.652478,1.826239
5303,-2.337712,0.326239
5304,-1.727818,-1.889800
5305,-1.592048,0.093187
5306,-3.692957,1.652478
5307,-1.039708,-0.623490
5308,-2.099031,-1.801938
5309,-1.344281,-0.535628
5310,-0.219815,0.011169
5311,-3.326140,1.781812
5312,-1.858780,0.142820
5313,-0.729953,0.093187
5314,-3.658223,1.449729
5315,-3.779838,1.826239
5316,-3.153395,0.440071
5317,-2.302521,1.030303
5318,-3.563623,1.781812
5319,-2.163198,1.623490
5320,-2.388932,-0.955573
5321,-3.824265,1.781812
5322,-2.106074,-0.658322
5323,-1.771749,-1.801938
5324,-2.388932,-0.955573
5325,-2.670453,0.603718
5326,-2.374152,1.781812
5327,-0.628209,0.455573
5328,-1.890808,-0.955573
5329,-2.149460,1.074730
5330,-3.563623,1.781812
5331,-3.528889,1.579063
5332,-2.635719,0.400969
5333,-3.779838,1.826239
5334,-2.837543,1.579063
5335,-3.866718,2.000000
5336,-3.650504,1.955573
5337,-3.650504,1.955573
5338,-1.592048,0.093187
5339,-2.015156,0.455573
5340,-1.647948,-0.445042
5341,-0.179571,1.191580
5342,-2.394628,0.440071
5343,-3.824265,1.781812
5344,-2.938128,0.142820
5345,-1.550062,0.900969
5346,-3.911146,1.955573
5347,-1.960449,1.826239
5348,-2.899457,1.449729
5349,-3.563623,1.781812
5350,-3.563623,1.781812
5351,-3.232059,0.730682
5352,-3.955573,1.911146
5353,-2.742943,1.911146
5354,-2.163198,1.623490
5355,-2.837543,1.579063
5356,-2.208111,1.449729
5357,-3.397582,1.449729
5358,-0.383765,0.603718
5359,-3.088468,0.698220
5360,-2.835050,1.320914
5361,0.105995,1.955573
5362,-2.644197,-0.445042
5363,-2.873202,0.400969
5364,0.087252,-0.074730
5365,-2.964384,1.191580
5366,-3.167133,0.988831
5367,-2.605388,-0.134659
5368,-3.427775,0.988831
5369,-2.136480,0.698220
5370,-0.749532,0.698220
5371,-3.333174,1.320914
5372,-3.658223,1.449729
5373,-2.899457,1.449729
5374,-2.100697,-0.147791
5375,-2.336959,1.449729
5376,-3.692957,1.652478
5377,-3.692957,1.652478
5378,-2.964384,1.191580
5379,-0.823226,0.326239
5380,-3.528889,1.579063
5381,-3.650504,1.955573
5382,-3.694931,1.911146
5383,-3.824265,1.781812
5384,-3.911146,1.955573
5385,-2.133667,-1.466104
5386,-1.577747,-1.801938
5387,-0.276723,-0.425270
5388,-3.911146,1.955573
5389,-3.652478,1.826239
5390,-3.563623,1.781812
5391,0.295582,-0.147791
5392,-2.883745,1.030303
5393,-3.650504,1.955573
5394,-3.167133,0.988831
5395,-2.367905,-0.134659
5396,-3.397582,1.449729
5397,-3.826239,1.652478
5398,-3.152379,1.955573
5399,-2.349870,0.603718
5400,-3.658223,1.449729
5401,-2.826042,1.911146
5402,-3.324167,1.911146
5403,-3.324167,1.911146
5404,-0.787833,-0.623490
5405,-3.911146,1.955573
5406,-2.730682,1.365341
5407,-3.161387,1.365341
5408,-3.652478,1.826239
5409,-2.098256,0.455573
5410,-3.822291,1.911146
5411,-3.161387,1.365341
5412,-3.478716,2.000000
5413,-3.065499,1.781812
5414,-1.914041,-0.134659
5415,-1.965750,-1.801938
5416,-2.374152,1.781812
5417,-3.490208,1.246980
5418,-2.826042,1.911146
5419,-3.335148,1.191580
5420,-3.158125,1.579063
5421,-3.490208,1.246980
5422,-1.409351,-0.147791
5423,-3.158125,1.579063
5424,-3.123202,0.900969
5425,-3.158125,1.579063
5426,-1.922262,1.652478
5427,-3.490208,1.246980
5428,-0.652478,0.326239
5429,-1.568917,-1.211352
5430,-1.474108,-1.400969
5431,-3.333174,1.320914
5432,-3.563623,1.781812
5433,-1.396440,0.698220
5434,-3.658223,1.449729
5435,-2.493959,1.246980
5436,-3.335148,1.191580
5437,-1.357582,-1.634021
5438,-1.180804,0.266948
5439,-2.136480,0.698220
5440,-3.911146,1.955573
5441,-3.333174,1.320914
5442,-2.793116,1.623490
5443,-2.144490,0.326239
5444,-2.899457,1.449729
5445,-2.938128,0.142820
5446,-3.462508,1.191580
5447,-3.152379,1.955573
5448,-3.095692,1.320914
5449,-1.419626,-1.123490
5450,-1.921819,-1.889800
5451,-1.557314,-0.109562
5452,-3.232059,0.730682
5453,-2.742943,1.911146
5454,-2.394628,0.440071
5455,-2.835050,1.320914
5456,-3.779838,1.826239
5457,-3.694931,1.911146
5458,-1.695108,1.579063
5459,-3.528889,1.579063
5460,-2.259209,0.777479
5461,-2.793116,1.623490
5462,-2.394628,0.440071
5463,-2.149460,1.074730
5464,-2.742943,1.911146
5465,-3.484462,1.623490
5466,-2.644197,-0.445042
5467,-2.711958,1.074730
5468,-0.022037,-0.623490
5469,-0.576416,-0.658322
5470,-1.507653,-1.721883
5471,-1.988459,-1.889800
5472,-1.978621,0.733052
5473,-1.314088,-0.074730
5474,-1.070127,-0.826239
5475,-3.484462,1.623490
5476,-2.835050,1.320914
5477,-3.051264,1.365341
5478,-2.302521,1.030303
5479,-2.116349,-1.634021
5480,-1.668109,-1.400969
5481,-3.158125,1.579063
5482,-3.822291,1.911146
5483,-3.652478,1.826239
5484,-3.656250,1.579063
5485,-1.906779,-0.535628
5486,-2.347897,0.733052
5487,-1.773241,0.455573
5488,-3.153395,0.440071
5489,-3.335148,1.191580
5490,-3.484462,1.623490
5491,-3.304955,1.652478
5492,-2.885719,0.900969
5493,-3.652478,1.826239
5494,-3.656250,1.579063
5495,-3.326140,1.781812
5496,-1.032469,0.698220
5497,-3.484462,1.623490
5498,-3.123202,0.900969
5499,-1.524320,-0.914101
5500,-1.922262,1.652478
5501,-3.161387,1.365341
5502,-3.158125,1.579063
5503,-2.383160,1.191580
5504,-3.656250,1.579063
5505,-1.773241,0.455573
5506,-1.824442,1.449729
5507,-3.123202,0.900969
5508,-2.654083,-0.425270
5509,-1.349578,0.500000
5510,-3.158125,1.579063
5511,-3.158125,1.579063
5512,-2.106074,-0.658322
5513,-2.116349,-1.634021
5514,-2.334986,1.579063
5515,-1.441541,-1.466104
5516,-1.734301,-1.488831
5517,-3.123202,0.900969
5518,-3.304955,1.652478
5519,-2.872277,1.781812
5520,-1.214222,1.449729
5521,-3.484462,1.623490
5522,-3.335148,1.191580
5523,-3.427775,0.988831
5524,-1.200484,0.900969
5525,-3.484462,1.623490
5526,-2.885719,0.900969
5527,-2.899457,1.449729
5528,-3.095692,1.320914
5529,-2.598822,-0.147791
5530,-3.065499,1.781812
5531,-0.158676,1.652478
5532,-0.388818,-0.425270
5533,-1.668109,-1.400969
5534,-3.822291,1.911146
5535,-1.955475,-0.826239
5536,-3.158125,1.579063
5537,-1.731816,1.652478
5538,-2.700489,1.826239
5539,-2.347897,0.733052
5540,-3.397582,1.449729
5541,-1.039051,0.266948
5542,-1.624178,-1.488831
5543,-2.343556,-0.658322
5544,-1.406715,-0.277479
5545,-3.123202,0.900969
5546,-3.123202,0.900969
5547,-2.941449,0.149460
5548,-3.563623,1.781812
5549,-2.899457,1.449729
5550,-1.461364,0.730682
5551,-2.261572,-0.955573
5552,-3.650504,1.955573
5553,-3.397582,1.449729
5554,-2.144490,0.326239
5555,-2.885719,0.900969
5556,-3.326140,1.781812
5557,-1.978621,0.733052
5558,-1.955475,-0.826239
5559,-3.304955,1.652478
5560,-0.881639,-1.977662
5561,-2.835050,1.320914
5562,-3.167133,0.988831
5563,-3.326140,1.781812
5564,-2.109756,0.123490
5565,-1.978716,-1.000000
5566,-3.074730,0.149460
5567,-2.563163,1.030303
5568,-3.326140,1.781812
5569,-1.412671,0.730682
5570,-3.397582,1.449729
5571,-2.964384,1.191580
5572,-3.088468,0.698220
5573,-3.232059,0.730682
5574,-3.281713,1.826239
5575,-3.694931,1.911146
5576,-1.960449,1.826239
5577,-1.601453,0.500000
5578,-3.779838,1.826239
5579,-1.652210,-0.658322
5580,-3.153395,0.440071
5581,-2.873202,0.400969
5582,-2.106074,-0.658322
5583,-2.742943,1.911146
5584,-2.605388,-0.134659
5585,-2.440004,0.142820
5586,-2.892753,0.440071
5587,-3.563623,1.781812
5588,-3.051264,1.365341
5589,-1.877888,-1.977662
5590,-0.111339,-0.147791
5591,-1.731730,-0.277479
5592,-2.883745,1.030303
5593,-1.717979,0.733052
5594,-3.215828,0.698220
5595,-1.760035,1.320914
5596,-0.447247,0.730682
5597,-3.694931,1.911146
5598,-3.694931,1.911146
5599,-2.873202,0.400969
5600,-3.650504,1.955573
5601,-3.088468,0.698220
5602,-1.121986,-0.722521
5603,-3.051264,1.365341
5604,-3.866718,2.000000
5605,-3.153395,0.440071
5606,-0.938334,-0.826239
5607,-3.563623,1.781812
5608,-2.941449,0.149460
5609,-3.123202,0.900969
5610,-2.343556,-0.658322
5611,-2.060606,1.030303
5612,-2.874250,1.652478
5613,-3.153395,0.440071
5614,-3.324167,1.911146
5615,-2.347897,0.733052
5616,-0.810020,1.191580
5617,-1.794458,-1.889800
5618,-1.648630,-0.277479
5619,-2.038874,-1.400969
5620,-1.890808,-0.955573
5621,-0.105222,0.698220
5622,-3.281713,1.826239
5623,-3.152379,1.955573
5624,-3.153395,0.440071
5625,-3.563623,1.781812
5626,-2.259209,0.777479
5627,-3.462508,1.191580
5628,-3.623490,1.246980
5629,-2.670453,0.603718
5630,-3.563623,1.781812
5631,-2.410859,1.246980
5632,-2.670453,0.603718
5633,-2.259209,0.777479
5634,-2.964384,1.191580
5635,-1.855707,-1.634021
5636,-3.153395,0.440071
5637,-1.977662,0.988831
5638,-2.873202,0.400969
5639,-2.541119,0.733052
5640,-2.605388,-0.134659
5641,-3.434289,1.911146
5642,0.092933,0.142820
5643,-1.944528,-1.977662
5644,-3.427775,0.988831
5645,-3.658223,1.449729
5646,-3.427775,0.988831
5647,-3.824265,1.781812
5648,-3.652478,1.826239
5649,-3.095692,1.320914
5650,-1.731730,-0.277479
5651,-1.198511,1.030303
5652,-0.447472,-0.425270
5653,-2.461033,1.955573
5654,-2.859464,-0.147791
5655,-3.822291,1.911146
5656,-3.652478,1.826239
5657,-3.652478,1.826239
5658,-3.822291,1.911146
5659,-3.333174,1.320914
5660,-3.335148,1.191580
5661,-2.261572,-0.955573
5662,-3.826239,1.652478
5663,-3.911146,1.955573
5664,0.719201,-0.162592
5665,-3.326140,1.781812
5666,-2.518736,1.074730
5667,-2.563163,1.030303
5668,-1.719513,1.246980
5669,-1.960449,1.826239
5670,-2.038874,-1.400969
5671,-2.343556,-0.658322
5672,-3.434289,1.911146
5673,-2.938128,0.142820
5674,-3.563623,1.781812
5675,-2.466259,1.191580
5676,-2.696708,1.652478
5677,-2.461033,1.955573
5678,-2.051596,1.911146
5679,-3.281713,1.826239
5680,-2.670453,0.603718
5681,-2.337712,0.326239
5682,-2.336959,1.449729
5683,-2.635719,0.400969
5684,-2.892753,0.440071
5685,-3.484462,1.623490
5686,-1.719513,1.246980
5687,-3.051264,1.365341
5688,-2.336959,1.449729
5689,-3.051264,1.365341
5690,-3.194833,1.652478
5691,-1.719513,1.246980
5692,-3.528889,1.579063
5693,-3.152379,1.955573
5694,-1.845869,0.988831
5695,-1.977662,0.988831
5696,-3.911146,1.955573
5697,-3.281713,1.826239
5698,-3.528889,1.579063
5699,-3.779838,1.826239
5700,-3.326140,1.781812
5701,-2.870469,2.000000
5702,-3.563623,1.781812
5703,-1.719513,1.246980
5704,-0.383765,0.603718
5705,-0.176865,-0.074730
5706,-0.834695,-0.425270
5707,-1.833963,0.093187
5708,-1.906779,-0.535628
5709,-2.259209,0.777479
5710,-3.074730,0.149460
5711,-2.563163,1.030303
5712,-3.866718,2.000000
5713,-2.837543,1.579063
5714,-3.528889,1.579063
5715,-3.658223,1.449729
5716,-3.692957,1.652478
5717,-3.658223,1.449729
5718,-3.694931,1.911146
5719,-2.711958,1.074730
5720,-2.605388,-0.134659
5721,-2.576901,1.579063
5722,-2.526723,-0.425270
5723,-2.711958,1.074730
5724,-3.102206,1.246980
5725,-2.742943,1.911146
5726,-3.194833,1.652478
5727,-3.694931,1.911146
5728,-3.692957,1.652478
5729,-3.232059,0.730682
5730,-1.917063,0.093187
5731,-3.051264,1.365341
5732,-2.336959,1.449729
5733,-3.955573,1.911146
5734,-3.051264,1.365341
5735,-2.873202,0.400969
5736,-3.650504,1.955573
5737,-2.872277,1.781812
5738,-3.246980,1.623490
5739,-3.232059,0.730682
5740,-3.563623,1.781812
5741,-1.171501,-0.623490
5742,-0.712635,-0.074730
5743,-3.658223,1.449729
5744,-1.551012,1.781812
5745,-0.563340,0.698220
5746,-3.095692,1.320914
5747,-3.658223,1.449729
5748,-2.711958,1.074730
5749,-2.872277,1.781812
5750,-3.911146,1.955573
5751,-3.152379,1.955573
5752,-3.528889,1.579063
5753,-2.051596,1.911146
5754,-3.694931,1.911146
5755,-3.824265,1.781812
5756,-2.374152,1.781812
5757,0.260517,-0.033258
5758,-1.489885,-1.977662
5759,-2.166234,-1.400969
5760,-3.484462,1.623490
5761,-2.060606,1.030303
5762,-2.337712,0.326239
5763,-3.652478,1.826239
5764,-1.214222,1.449729
5765,-1.873040,-1.211352
5766,-2.155959,-0.425270
5767,-3.824265,1.781812
5768,-0.219815,0.011169
5769,-0.140335,-0.147791
5770,-0.586211,-0.147791
5771,-2.885719,0.900969
5772,-3.528889,1.579063
5773,-3.658223,1.449729
5774,-3.650504,1.955573
5775,-3.563623,1.781812
5776,-3.427775,0.988831
5777,-3.623490,1.246980
5778,-3.268248,1.579063
5779,-3.779838,1.826239
5780,-3.692957,1.652478
5781,-3.692957,1.652478
5782,-3.623490,1.246980
5783,-2.136480,0.698220
5784,-2.316833,-1.233052
5785,-2.228125,1.365341
5786,-2.526723,-0.425270
5787,-3.692957,1.652478
5788,-3.194833,1.652478
5789,-2.302521,1.030303
5790,-1.858780,0.142820
5791,-3.153395,0.440071
5792,-1.261910,1.320914
5793,-3.427775,0.988831
5794,-1.361599,-0.367711
5795,-2.635719,0.400969
5796,-2.518736,1.074730
5797,-3.232059,0.730682
5798,-2.706235,1.449729
5799,-2.431855,0.900969
5800,-1.474108,-1.400969
5801,-2.641828,1.320914
5802,-3.484462,1.623490
5803,-2.385621,1.030303
5804,-2.163198,1.623490
5805,-2.777479,-0.445042
5806,-3.246980,1.623490
5807,-3.911146,1.955573
5808,-3.650504,1.955573
5809,-0.438255,-0.623490
5810,-3.158125,1.579063
5811,-3.490208,1.246980
5812,-3.652478,1.826239
5813,-3.397582,1.449729
5814,-1.833963,0.093187
5815,-2.844057,0.730682
5816,-2.874250,1.652478
5817,-3.824265,1.781812
5818,-1.261910,1.320914
5819,-3.656250,1.579063
5820,-3.650504,1.955573
5821,-3.652478,1.826239
5822,-3.123202,0.900969
5823,-1.396440,0.698220
5824,-0.021523,0.142820
5825,-2.343556,-0.658322
5826,-2.793116,1.623490
5827,-2.993868,1.030303
5828,-3.563623,1.781812
5829,-3.866718,2.000000
5830,-3.434289,1.911146
5831,-3.088468,0.698220
5832,-2.431855,0.900969
5833,-2.011910,1.320914
5834,-2.899457,1.449729
5835,-3.065499,1.781812
5836,-3.051264,1.365341
5837,-2.670453,0.603718
5838,-3.462508,1.191580
5839,-3.153395,0.440071
5840,-3.326140,1.781812
5841,-2.696708,1.652478
5842,-3.397582,1.449729
5843,-3.484462,1.623490
5844,-2.371693,1.652478
5845,-2.964384,1.191580
5846,-2.149460,1.074730
5847,-3.866718,2.000000
5848,-3.462508,1.191580
5849,-3.563623,1.781812
5850,-3.650504,1.955573
5851,-3.167133,0.988831
5852,-3.397582,1.449729
5853,-2.563163,1.030303
5854,-3.563623,1.781812
5855,-0.763270,1.246980
5856,-3.528889,1.579063
5857,-2.576901,1.579063
5858,-3.194833,1.652478
5859,-2.873202,0.400969
5860,-2.873202,0.400969
5861,-1.648630,-0.277479
5862,-3.911146,1.955573
5863,-2.835050,1.320914
5864,-1.003761,1.579063
5865,-3.779838,1.826239
5866,-3.779838,1.826239
5867,-3.824265,1.781812
5868,-3.434289,1.911146
5869,-3.694931,1.911146
5870,-3.955573,1.911146
5871,-3.694931,1.911146
5872,-2.605388,-0.134659
5873,-1.906779,-0.535628
5874,-1.349189,0.603718
5875,-3.563623,1.781812
5876,-3.462508,1.191580
5877,-3.563623,1.781812
5878,-0.712714,0.222521
5879,-3.911146,1.955573
5880,-3.088468,0.698220
5881,-3.427775,0.988831
5882,-3.194833,1.652478
5883,-3.281713,1.826239
5884,-3.333174,1.320914
5885,-2.374152,1.781812
5886,-3.692957,1.652478
5887,-1.695108,1.579063
5888,-3.088468,0.698220
5889,-3.281713,1.826239
5890,-2.696708,1.652478
5891,-3.333174,1.320914
5892,-1.349578,0.500000
5893,-3.153395,0.440071
5894,-3.246980,1.623490
5895,-2.242359,1.781812
5896,-3.866718,2.000000
5897,-2.144490,0.326239
5898,-3.462508,1.191580
5899,-0.186825,-0.074730
5900,-1.873490,-1.123490
5901,-1.207436,0.603718
5902,-3.158125,1.579063
5903,0.260517,-0.033258
5904,-3.326140,1.781812
5905,-3.824265,1.781812
5906,-3.824265,1.781812
5907,-3.866718,2.000000
5908,-3.326140,1.781812
5909,-3.434289,1.911146
5910,-2.541119,0.733052
5911,-3.088468,0.698220
5912,-2.461033,1.955573
5913,-3.911146,1.955573
5914,-3.051264,1.365341
5915,-2.899457,1.449729
5916,-3.268248,1.579063
5917,-2.899457,1.449729
5918,-3.528889,1.579063
5919,-3.563623,1.781812
5920,-1.022292,-0.658322
5921,-3.281713,1.826239
5922,-3.397582,1.449729
5923,-3.824265,1.781812
5924,-3.194833,1.652478
5925,-2.644197,-0.445042
5926,-1.733246,0.500000
5927,-3.194833,1.652478
5928,-1.801938,0.900969
5929,-3.650504,1.955573
5930,-2.410859,1.246980
5931,-2.899457,1.449729
5932,-3.694931,1.911146
5933,-2.235810,0.730682
5934,-0.583781,0.500000
5935,-2.163198,1.623490
5936,-3.824265,1.781812
5937,-0.586211,-0.147791
5938,-3.658223,1.449729
5939,-3.194833,1.652478
5940,-3.102206,1.246980
5941,-3.911146,1.955573
5942,-1.977662,0.988831
5943,-3.563623,1.781812
5944,-2.149460,1.074730
5945,-3.658223,1.449729
5946,-3.911146,1.955573
5947,-3.779838,1.826239
5948,-1.648630,-0.277479
5949,-2.641828,1.320914
5950,-2.541119,0.733052
5951,-2.181855,0.400969
5952,-3.528889,1.579063
5953,-3.692957,1.652478
5954,-3.246980,1.623490
5955,-2.644197,-0.445042
5956,-1.789708,1.246980
5957,-2.540461,0.123490
5958,-2.367905,-0.134659
5959,-0.763270,1.246980
5960,-2.181855,0.400969
5961,-3.065499,1.781812
5962,-3.694931,1.911146
5963,-2.793116,1.623490
5964,-3.326140,1.781812
5965,-1.681370,1.030303
5966,-3.333174,1.320914
5967,-3.194833,1.652478
5968,-2.136480,0.698220
5969,-1.361599,-0.367711
5970,-3.866718,2.000000
5971,-2.336959,1.449729
5972,-1.170753,0.149460
5973,-3.484462,1.623490
5974,-3.123202,0.900969
5975,-2.844057,0.730682
5976,-2.641828,1.320914
5977,-3.365341,0.730682
5978,-1.836861,1.579063
5979,-1.306849,1.246980
5980,-3.304955,1.652478
5981,-2.717704,0.698220
5982,-3.822291,1.911146
5983,-3.304955,1.652478
5984,-2.394628,0.440071
5985,-1.833963,0.093187
5986,-4.000000,2.000000
5987,-0.151626,1.579063
5988,-1.845869,0.988831
5989,-3.167133,0.988831
5990,-2.181855,0.400969
5991,-3.484462,1.623490
5992,-1.592048,0.093187
5993,-2.872277,1.781812
5994,-0.528520,0.777479
5995,0.776644,-0.277479
5996,-3.123202,0.900969
5997,-0.274673,1.652478
5998,-3.652478,1.826239
5999,-3.304955,1.652478
6000,-2.383160,1.191580
6001,-1.794458,-1.889800
6002,-1.171501,-0.623490
6003,-2.644197,-0.445042
6004,-3.658223,1.449729
6005,-2.163198,1.623490
6006,-3.102206,1.246980
6007,-3.650504,1.955573
6008,-1.557314,-0.109562
6009,-1.873490,-1.123490
6010,-1.977662,0.988831
6011,-2.892753,0.440071
6012,-2.892753,0.440071
6013,-3.822291,1.911146
6014,-3.161387,1.365341
6015,-0.088566,-1.634021
6016,-3.281713,1.826239
6017,-3.955573,1.911146
6018,-1.180804,0.266948
6019,-2.873202,0.400969
6020,-2.242359,1.781812
6021,-2.598822,-0.147791
6022,-1.717542,-0.914101
6023,-2.641828,1.320914
6024,-2.563163,1.030303
6025,-3.281713,1.826239
6026,-2.235810,0.730682
6027,-3.427775,0.988831
6028,-3.065499,1.781812
6029,-3.824265,1.781812
6030,-2.106074,-0.658322
6031,-2.835050,1.320914
6032,-3.268248,1.579063
6033,-3.824265,1.781812
6034,-3.281713,1.826239
6035,-2.964384,1.191580
6036,-3.650504,1.955573
6037,-2.563163,1.030303
6038,-1.171501,-0.623490
6039,-2.176109,0.777479
6040,-2.883745,1.030303
6041,-3.822291,1.911146
6042,-2.349870,0.603718
6043,-3.824265,1.781812
6044,-2.155959,-0.425270
6045,-0.057971,0.603718
6046,-3.563623,1.781812
6047,-3.563623,1.781812
6048,-3.065499,1.781812
6049,-3.365341,0.730682
6050,-2.700489,1.826239
6051,-1.132335,-0.826239
6052,-1.592048,0.093187
6053,-1.695108,1.579063
6054,-3.484462,1.623490
6055,-3.824265,1.781812
6056,-2.837543,1.579063
6057,-2.711958,1.074730
6058,-2.466259,1.191580
6059,-1.847313,0.603718
6060,-2.641828,1.320914
6061,-3.692957,1.652478
6062,-3.563623,1.781812
6063,-3.779838,1.826239
6064,-2.899457,1.449729
6065,-3.123202,0.900969
6066,-3.281713,1.826239
6067,-1.643120,1.191580
6068,-1.594507,0.222521
6069,-1.003761,1.579063
6070,-3.866718,2.000000
6071,-3.281713,1.826239
6072,-1.789708,1.246980
6073,-1.643120,1.191580
6074,-3.779838,1.826239
6075,-2.242359,1.781812
6076,-3.123202,0.900969
6077,-3.563623,1.781812
6078,-3.153395,0.440071
6079,-3.167133,0.988831
6080,-2.228125,1.365341
6081,-2.670453,0.603718
6082,-3.650504,1.955573
6083,-3.650504,1.955573
6084,-3.153395,0.440071
6085,-3.333174,1.320914
6086,-1.713557,-0.535628
6087,-1.890808,-0.955573
6088,-2.870469,2.000000
6089,-1.557314,-0.109562
6090,-0.873667,-0.955573
6091,-1.588247,1.365341
6092,-2.493959,1.246980
6093,-3.484462,1.623490
6094,-2.383160,1.191580
6095,-0.728444,-1.634021
6096,-2.343556,-0.658322
6097,-3.490208,1.246980
6098,-3.427775,0.988831
6099,-3.822291,1.911146
6100,-2.605388,-0.134659
6101,-2.334986,1.579063
6102,-3.650504,1.955573
6103,-4.000000,2.000000
6104,-3.652478,1.826239
6105,-2.374152,1.781812
6106,-3.326140,1.781812
6107,-2.430339,0.123490
6108,-0.854474,-0.623490
6109,-1.466104,0.733052
6110,-3.650504,1.955573
6111,-0.408062,-0.162592
6112,-3.658223,1.449729
6113,-3.822291,1.911146
6114,-3.563623,1.781812
6115,-3.215828,0.698220
6116,-3.652478,1.826239
6117,-2.835050,1.320914
6118,-3.652478,1.826239
6119,-3.652478,1.826239
6120,-1.637893,1.955573
6121,-1.171501,-0.623490
6122,-3.652478,1.826239
6123,-3.095692,1.320914
6124,-2.872277,1.781812
6125,-3.911146,1.955573
6126,-2.060606,1.030303
6127,-1.262697,0.326239
6128,-1.413419,-0.914101
6129,-2.334986,1.579063
6130,-3.167133,0.988831
6131,-2.461033,1.955573
6132,-3.484462,1.623490
6133,-3.161387,1.365341
6134,-3.333174,1.320914
6135,-3.095692,1.320914
6136,-3.656250,1.579063
6137,-2.706235,1.449729
6138,-3.490208,1.246980
6139,-2.385621,1.030303
6140,-4.000000,2.000000
6141,-3.326140,1.781812
6142,-3.652478,1.826239
6143,-1.397882,0.603718
6144,-2.163198,1.623490
6145,-2.872277,1.781812
6146,-1.836861,1.579063
6147,-3.335148,1.191580
6148,-3.167133,0.988831
6149,-3.563623,1.781812
6150,-3.658223,1.449729
6151,-2.835050,1.320914
6152,-3.826239,1.652478
6153,-3.911146,1.955573
6154,-2.168944,1.246980
6155,-3.335148,1.191580
6156,-2.883745,1.030303
6157,-1.717542,-0.914101
6158,-3.335148,1.191580
6159,-1.179763,1.911146
6160,-3.324167,1.911146
6161,-3.161387,1.365341
6162,-1.397882,0.603718
6163,-2.883745,1.030303
6164,-2.208111,1.449729
6165,-3.215828,0.698220
6166,-1.690819,-1.488831
6167,-3.656250,1.579063
6168,-3.158125,1.579063
6169,-3.246980,1.623490
6170,-3.152379,1.955573
6171,-2.060606,1.030303
6172,-3.652478,1.826239
6173,-2.060606,1.030303
6174,-1.836861,1.579063
6175,-3.324167,1.911146
6176,-3.652478,1.826239
6177,-0.349031,0.400969
6178,-3.326140,1.781812
6179,-3.658223,1.449729
6180,-2.706235,1.449729
6181,-2.316833,-1.233052
6182,-1.309583,-0.955573
6183,-3.161387,1.365341
6184,-3.652478,1.826239
6185,-3.333174,1.320914
6186,-3.824265,1.781812
6187,-3.153395,0.440071
6188,-3.304955,1.652478
6189,-3.335148,1.191580
6190,-3.824265,1.781812
6191,-2.116349,-1.634021
6192,-1.248319,-1.466104
6193,-0.298846,-0.722521
6194,-2.711958,1.074730
6195,-2.706235,1.449729
6196,-3.065499,1.781812
6197,-3.246980,1.623490
6198,-2.964384,1.191580
6199,-3.694931,1.911146
6200,-3.658223,1.449729
6201,-2.870469,2.000000
6202,-2.563163,1.030303
6203,-3.694931,1.911146
6204,-1.601453,0.500000
6205,-3.528889,1.579063
6206,-3.281713,1.826239
6207,-2.635719,0.400969
6208,-3.326140,1.781812
6209,-3.824265,1.781812
6210,-2.993868,1.030303
6211,-2.119812,-0.109562
6212,-2.163198,1.623490
6213,-2.141244,1.191580
6214,0.327026,1.320914
6215,-2.635719,0.400969
6216,-3.281713,1.826239
6217,-3.650504,1.955573
6218,-3.650504,1.955573
6219,-3.232059,0.730682
6220,-1.314088,-0.074730
6221,-1.690819,-1.488831
6222,-0.161161,-1.488831
6223,-1.647948,-0.445042
6224,-0.569543,-0.955573
6225,-3.281713,1.826239
6226,-2.641828,1.320914
6227,-2.461033,1.955573
6228,-3.650504,1.955573
6229,-2.100697,-0.147791
6230,-1.005460,-0.955573
6231,-1.652210,-0.658322
6232,-1.733246,0.500000
6233,-3.427775,0.988831
6234,-3.652478,1.826239
6235,-3.095692,1.320914
6236,-2.859464,-0.147791
6237,-2.367905,-0.134659
6238,-3.563623,1.781812
6239,-3.333174,1.320914
6240,-2.837543,1.579063
6241,-3.824265,1.781812
6242,-3.694931,1.911146
6243,-3.528889,1.579063
6244,-0.642527,-0.914101
6245,-3.822291,1.911146
6246,-3.824265,1.781812
6247,-1.594507,0.222521
6248,-3.095692,1.320914
6249,-3.335148,1.191580
6250,-3.822291,1.911146
6251,-4.000000,2.000000
6252,-3.822291,1.911146
6253,-3.484462,1.623490
6254,-3.158125,1.579063
6255,-2.461033,1.955573
6256,-3.427775,0.988831
6257,-1.127350,1.826239
6258,-3.397582,1.449729
6259,-3.490208,1.246980
6260,-1.914041,-0.134659
6261,-1.855707,-1.634021
6262,-2.885719,0.900969
6263,-3.694931,1.911146
6264,-3.779838,1.826239
6265,-2.099031,-1.801938
6266,-1.690819,-1.488831
6267,-2.015156,0.455573
6268,-3.824265,1.781812
6269,-2.837543,1.579063
6270,-0.801938,0.400969
6271,-0.911146,0.455573
6272,-2.493959,1.246980
6273,-1.210838,0.222521
6274,-3.911146,1.955573
6275,-3.658223,1.449729
6276,-3.822291,1.911146
6277,-3.490208,1.246980
6278,-2.717704,0.698220
6279,-2.899457,1.449729
6280,-3.658223,1.449729
6281,-3.658223,1.449729
6282,-3.824265,1.781812
6283,-1.978621,0.733052
6284,-2.793116,1.623490
6285,-2.872277,1.781812
6286,-3.158125,1.579063
6287,-1.845869,0.988831
6288,-1.922262,1.652478
6289,-2.374152,1.781812
6290,-1.409351,-0.147791
6291,-2.793116,1.623490
6292,-3.065499,1.781812
6293,-3.563623,1.781812
6294,-3.652478,1.826239
6295,-3.563623,1.781812
6296,-3.822291,1.911146
6297,-3.304955,1.652478
6298,-1.413198,1.623490
6299,-2.572099,-0.722521
6300,-3.427775,0.988831
6301,-3.194833,1.652478
6302,-3.088468,0.698220
6303,-2.410859,1.246980
6304,-1.914041,-0.134659
6305,-2.374152,1.781812
6306,-3.167133,0.988831
6307,-2.641828,1.320914
6308,-3.051264,1.365341
6309,-3.824265,1.781812
6310,-2.563163,1.030303
6311,-2.461033,1.955573
6312,-3.528889,1.579063
6313,-2.711958,1.074730
6314,0.632862,-0.162592
6315,-2.242359,1.781812
6316,-2.826042,1.911146
6317,-3.658223,1.449729
6318,-2.347897,0.733052
6319,-3.326140,1.781812
6320,-3.826239,1.652478
6321,-3.822291,1.911146
6322,-1.637893,1.955573
6323,-3.335148,1.191580
6324,-2.641828,1.320914
6325,-1.690819,-1.488831
6326,-1.977662,0.988831
6327,-3.123202,0.900969
6328,-1.086885,-1.400969
6329,-0.643478,-0.033258
6330,-2.051596,1.911146
6331,-2.015156,0.455573
6332,-3.074730,0.149460
6333,-3.246980,1.623490
6334,-1.794458,-1.889800
6335,-2.184738,-0.367711
6336,-2.388932,-0.955573
6337,-3.692957,1.652478
6338,-3.824265,1.781812
6339,-3.326140,1.781812
6340,-2.835050,1.320914
6341,-3.095692,1.320914
6342,-2.576901,1.579063
6343,-0.520157,-0.162592
6344,-2.060606,1.030303
6345,-3.158125,1.579063
6346,-3.650504,1.955573
6347,-4.000000,2.000000
6348,-3.490208,1.246980
6349,-3.484462,1.623490
6350,-3.095692,1.320914
6351,-3.397582,1.449729
6352,-0.186388,-1.721883
6353,-3.623490,1.246980
6354,-2.576901,1.579063
6355,-3.824265,1.781812
6356,-3.434289,1.911146
6357,-3.102206,1.246980
6358,-3.152379,1.955573
6359,-3.650504,1.955573
6360,-3.563623,1.781812
6361,-3.194833,1.652478
6362,-3.095692,1.320914
6363,-3.095692,1.320914
6364,-3.563623,1.781812
6365,-0.231828,0.093187
6366,-1.200484,0.900969
6367,-1.652210,-0.658322
6368,-2.835050,1.320914
6369,-2.654083,-0.425270
6370,-2.844057,0.730682
6371,-2.872277,1.781812
6372,-2.730682,1.365341
6373,-2.337712,0.326239
6374,-3.826239,1.652478
6375,-2.336959,1.449729
6376,-2.899457,1.449729
6377,-2.899457,1.449729
6378,-2.873202,0.400969
6379,-3.478716,2.000000
6380,-2.899457,1.449729
6381,-3.427775,0.988831
6382,-0.823226,0.326239
6383,-3.304955,1.652478
6384,-2.883745,1.030303
6385,-3.335148,1.191580
6386,-3.335148,1.191580
6387,-2.461033,1.955573
6388,-3.563623,1.781812
6389,-3.563623,1.781812
6390,-3.095692,1.320914
6391,-2.430339,0.123490
6392,-2.493959,1.246980
6393,-2.873202,0.400969
6394,-2.859464,-0.147791
6395,-2.343556,-0.658322
6396,-2.874250,1.652478
6397,-2.149460,1.074730
6398,-2.892753,0.440071
6399,-2.002903,1.911146
6400,-3.246980,1.623490
6401,-2.383160,1.191580
6402,-2.060606,1.030303
6403,-2.541119,0.733052
6404,-3.326140,1.781812
6405,-1.813332,-0.722521
6406,-1.461364,0.730682
6407,-0.066833,-1.233052
6408,-1.349578,0.500000
6409,-3.095692,1.320914
6410,-2.388932,-0.955573
6411,-1.878417,-1.721883
6412,-3.153395,0.440071
6413,-1.039708,-0.623490
6414,-3.324167,1.911146
6415,-2.941449,0.149460
6416,-3.167133,0.988831
6417,-3.158125,1.579063
6418,-2.717704,0.698220
6419,-3.215828,0.698220
6420,-2.641828,1.320914
6421,-3.065499,1.781812
6422,-1.210838,0.222521
6423,-1.155045,-0.914101
6424,-2.347897,0.733052
6425,-1.279149,1.191580
6426,-3.911146,1.955573
6427,-3.152379,1.955573
6428,-1.551938,0.400969
6429,-1.762918,-1.211352
6430,-2.641828,1.320914
6431,-3.462508,1.191580
6432,-1.558067,-1.233052
6433,-1.873490,-1.123490
6434,-2.540461,0.123490
6435,-3.152379,1.955573
6436,-3.333174,1.320914
6437,-3.484462,1.623490
6438,-3.167133,0.988831
6439,-1.813332,-0.722521
6440,-2.038874,-1.400969
6441,-2.388932,-0.955573
6442,-2.835050,1.320914
6443,-3.692957,1.652478
6444,-3.095692,1.320914
6445,-3.152379,1.955573
6446,-3.434289,1.911146
6447,-2.466259,1.191580
6448,-2.899457,1.449729
6449,-2.015156,0.455573
6450,-3.563623,1.781812
6451,-3.694931,1.911146
6452,-3.434289,1.911146
6453,-2.669008,0.988831
6454,-3.152379,1.955573
6455,-1.284124,-0.134659
6456,-1.248319,-1.466104
6457,-3.824265,1.781812
6458,-3.779838,1.826239
6459,-3.563623,1.781812
6460,-3.326140,1.781812
6461,-3.658223,1.449729
6462,-3.563623,1.781812
6463,-3.692957,1.652478
6464,-3.434289,1.911146
6465,0.084793,0.054604
6466,0.080769,0.326239
6467,0.554958,-0.277479
6468,-1.323809,0.455573
6469,-3.866718,2.000000
6470,-3.281713,1.826239
6471,-3.427775,0.988831
6472,-2.835050,1.320914
6473,-3.650504,1.955573
6474,-2.038874,-1.400969
6475,-2.343556,-0.658322
6476,-2.038874,-1.400969
6477,-3.281713,1.826239
6478,-3.694931,1.911146
6479,-3.650504,1.955573
6480,-2.696708,1.652478
6481,-2.553446,0.149460
6482,-2.518736,1.074730
6483,-2.388932,-0.955573
6484,-3.427775,0.988831
6485,-3.528889,1.579063
6486,-3.462508,1.191580
6487,-3.911146,1.955573
6488,-3.692957,1.652478
6489,-2.163198,1.623490
6490,-1.044797,-0.109562
6491,-2.885719,0.900969
6492,-2.826042,1.911146
6493,-3.658223,1.449729
6494,-3.123202,0.900969
6495,-2.873202,0.400969
6496,-3.658223,1.449729
6497,-3.490208,1.246980
6498,-0.764573,0.326239
6499,-0.170149,0.440071
6500,-0.150295,-0.147791
6501,-1.933731,0.900969
6502,-3.650504,1.955573
6503,-3.333174,1.320914
6504,-3.911146,1.955573
6505,-1.681370,1.030303
6506,-2.964384,1.191580
6507,-3.484462,1.623490
6508,-3.824265,1.781812
6509,-3.397582,1.449729
6510,-2.837543,1.579063
6511,-2.835050,1.320914
6512,-1.180804,0.266948
6513,-3.824265,1.781812
6514,-2.892753,0.440071
6515,-0.044541,-0.074730
6516,-0.916907,-0.365341
6517,-2.899457,1.449729
6518,-3.335148,1.191580
6519,-3.335148,1.191580
6520,-3.167133,0.988831
6521,-2.883745,1.030303
6522,-2.644197,-0.445042
6523,-2.005777,-1.721883
6524,-1.878417,-1.721883
6525,-3.779838,1.826239
6526,-3.102206,1.246980
6527,-3.650504,1.955573
6528,-1.574735,-0.425270
6529,-2.572099,-0.722521
6530,-2.899457,1.449729
6531,-3.658223,1.449729
6532,-2.873202,0.400969
6533,-2.993868,1.030303
6534,-2.367905,-0.134659
6535,-2.311457,-0.722521
6536,-2.106074,-0.658322
6537,-2.540461,0.123490
6538,-1.703282,0.440071
6539,-2.394628,0.440071
6540,-3.095692,1.320914
6541,-3.955573,1.911146
6542,-1.634892,-0.826239
6543,-2.872277,1.781812
6544,-2.641828,1.320914
6545,-0.932879,0.054604
6546,-2.100697,-0.147791
6547,-2.343556,-0.658322
6548,-3.397582,1.449729
6549,-3.563623,1.781812
6550,-3.658223,1.449729
6551,-3.563623,1.781812
6552,-3.051264,1.365341
6553,-3.955573,1.911146
6554,-3.194833,1.652478
6555,-2.576901,1.579063
6556,-2.367905,-0.134659
6557,-2.899457,1.449729
6558,-2.133667,-1.466104
6559,-0.916907,-0.365341
6560,-1.048700,0.730682
6561,-3.095692,1.320914
6562,-3.692957,1.652478
6563,-3.333174,1.320914
6564,-2.259209,0.777479
6565,-3.563623,1.781812
6566,-1.384971,1.449729
6567,-2.336959,1.449729
6568,-1.717542,-0.914101
6569,-3.824265,1.781812
6570,-3.326140,1.781812
6571,-3.074730,0.149460
6572,-2.228125,1.365341
6573,-2.149460,1.074730
6574,-3.051264,1.365341
6575,-1.960449,1.826239
6576,-3.650504,1.955573
6577,-2.011910,1.320914
6578,-3.462508,1.191580
6579,-2.837543,1.579063
6580,-3.095692,1.320914
6581,-2.598822,-0.147791
6582,-1.847313,0.603718
6583,-2.526723,-0.425270
6584,-3.563623,1.781812
6585,-2.711958,1.074730
6586,-2.541119,0.733052
6587,-3.650504,1.955573
6588,-3.462508,1.191580
6589,-3.911146,1.955573
6590,-2.670453,0.603718
6591,-3.955573,1.911146
6592,-3.051264,1.365341
6593,-3.911146,1.955573
6594,-3.153395,0.440071
6595,-2.056191,-1.233052
6596,-2.184738,-0.367711
6597,-2.872277,1.781812
6598,-3.088468,0.698220
6599,-3.563623,1.781812
6600,-3.528889,1.579063
6601,-3.246980,1.623490
6602,-3.779838,1.826239
6603,-2.711958,1.074730
6604,-2.015156,0.455573
6605,-0.298846,-0.722521
6606,0.194384,0.054604
6607,-0.831764,-0.535628
6608,-2.641828,1.320914
6609,-3.955573,1.911146
6610,-3.088468,0.698220
6611,-3.779838,1.826239
6612,-2.208111,1.449729
6613,-1.550062,0.900969
6614,0.079338,-0.826239
6615,-2.242359,1.781812
6616,-2.641828,1.320914
6617,-3.194833,1.652478
6618,-3.152379,1.955573
6619,-2.859464,-0.147791
6620,-2.899457,1.449729
6621,-0.317152,-0.033258
6622,-1.811776,-1.721883
6623,-2.116349,-1.634021
6624,-0.121146,-0.425270
6625,-1.833963,0.093187
6626,-3.822291,1.911146
6627,-3.652478,1.826239
6628,-2.899457,1.449729
6629,-1.309583,-0.955573
6630,-0.939778,-1.211352
6631,-1.811776,-1.721883
6632,-2.837543,1.579063
6633,-2.563163,1.030303
6634,-3.650504,1.955573
6635,-3.650504,1.955573
6636,-2.964384,1.191580
6637,-2.742943,1.911146
6638,-3.088468,0.698220
6639,-3.563623,1.781812
6640,-3.088468,0.698220
6641,-3.692957,1.652478
6642,-3.623490,1.246980
6643,-3.563623,1.781812
6644,-3.434289,1.911146
6645,-1.647948,-0.445042
6646,-2.272552,1.320914
6647,-2.669008,0.988831
6648,-3.911146,1.955573
6649,-3.694931,1.911146
6650,-3.333174,1.320914
6651,-2.892753,0.440071
6652,-3.694931,1.911146
6653,-3.528889,1.579063
6654,-1.026723,1.074730
6655,-2.899457,1.449729
6656,-3.397582,1.449729
6657,-3.692957,1.652478
6658,-3.528889,1.579063
6659,-2.518736,1.074730
6660,-1.233709,-0.623490
6661,-1.801938,0.900969
6662,-2.144490,0.326239
6663,-3.528889,1.579063
6664,-3.866718,2.000000
6665,-3.095692,1.320914
6666,-1.668109,-1.400969
6667,-3.158125,1.579063
6668,-2.383160,1.191580
6669,-2.272552,1.320914
6670,-3.333174,1.320914
6671,-3.656250,1.579063
6672,-3.484462,1.623490
6673,-3.326140,1.781812
6674,-2.098256,0.455573
6675,-3.335148,1.191580
6676,-3.123202,0.900969
6677,-3.563623,1.781812
6678,-2.385621,1.030303
6679,-2.394628,0.440071
6680,-1.824442,1.449729
6681,-2.844057,0.730682
6682,-1.977662,0.988831
6683,-0.503178,1.449729
6684,-2.155959,-0.425270
6685,-3.246980,1.623490
6686,-1.039708,-0.623490
6687,-1.647948,-0.445042
6688,-3.694931,1.911146
6689,-2.374152,1.781812
6690,-3.326140,1.781812
6691,-3.427775,0.988831
6692,-2.837543,1.579063
6693,-2.605388,-0.134659
6694,-3.658223,1.449729
6695,-2.874250,1.652478
6696,-2.163198,1.623490
6697,-2.641828,1.320914
6698,-2.835050,1.320914
6699,-2.493959,1.246980
6700,-3.335148,1.191580
6701,-3.324167,1.911146
6702,-2.899457,1.449729
6703,-1.261910,1.320914
6704,-2.899457,1.449729
6705,-2.366718,-1.000000
6706,-1.524320,-0.914101
6707,-1.906779,-0.535628
6708,-1.236955,-1.488831
6709,-3.427775,0.988831
6710,-2.155959,-0.425270
6711,-1.833963,0.093187
6712,-3.656250,1.579063
6713,-3.911146,1.955573
6714,-1.442336,-1.211352
6715,-2.572099,-0.722521
6716,-3.167133,0.988831
6717,-0.607038,-1.488831
6718,-2.349870,0.603718
6719,-1.116526,0.733052
6720,-3.335148,1.191580
6721,-2.941449,0.149460
6722,-1.945199,0.149460
6723,-2.641828,1.320914
6724,-2.060606,1.030303
6725,-1.551938,0.400969
6726,-3.658223,1.449729
6727,-2.374152,1.781812
6728,-1.180804,0.266948
6729,-1.813332,-0.722521
6730,-1.551012,1.781812
6731,-3.123202,0.900969
6732,-2.347897,0.733052
6733,-2.700489,1.826239
6734,-3.304955,1.652478
6735,-2.872277,1.781812
6736,-3.824265,1.781812
6737,-3.652478,1.826239
6738,-2.337712,0.326239
6739,-2.810768,0.142820
6740,-1.442336,-1.211352
6741,-1.668109,-1.400969
6742,-3.563623,1.781812
6743,-0.260824,0.093187
6744,-2.885719,0.900969
6745,-2.493959,1.246980
6746,-2.336959,1.449729
6747,-2.011910,1.320914
6748,0.116318,-1.211352
6749,-0.102415,-0.074730
6750,-2.553446,0.149460
6751,-2.899457,1.449729
6752,-3.484462,1.623490
6753,-3.088468,0.698220
6754,-3.484462,1.623490
6755,-3.123202,0.900969
6756,-2.181855,0.400969
6757,-3.051264,1.365341
6758,-3.658223,1.449729
6759,-3.194833,1.652478
6760,-3.779838,1.826239
6761,-1.934194,0.777479
6762,-3.268248,1.579063
6763,-3.088468,0.698220
6764,-2.540461,0.123490
6765,-2.964384,1.191580
6766,-3.528889,1.579063
6767,-2.964384,1.191580
6768,-2.374152,1.781812
6769,-2.500000,-1.000000
6770,-2.410859,1.246980
6771,-2.015156,0.455573
6772,-3.065499,1.781812
6773,-1.960449,1.826239
6774,-3.694931,1.911146
6775,-0.860591,0.400969
6776,-1.062213,-0.074730
6777,-2.343556,-0.658322
6778,-3.246980,1.623490
6779,-2.141244,1.191580
6780,-3.528889,1.579063
6781,-3.911146,1.955573
6782,-3.088468,0.698220
6783,-2.563163,1.030303
6784,-3.694931,1.911146
6785,-2.641828,1.320914
6786,-3.779838,1.826239
6787,-3.095692,1.320914
6788,-3.779838,1.826239
6789,-3.779838,1.826239
6790,-2.576901,1.579063
6791,-3.692957,1.652478
6792,-3.694931,1.911146
6793,-3.779838,1.826239
6794,-3.123202,0.900969
6795,-2.141244,1.191580
6796,-2.526723,-0.425270
6797,-2.440004,0.142820
6798,-2.892753,0.440071
6799,-2.837543,1.579063
6800,-1.492359,1.781812
6801,-2.835050,1.320914
6802,-3.779838,1.826239
6803,-3.650504,1.955573
6804,-3.650504,1.955573
6805,-2.208111,1.449729
6806,-3.694931,1.911146
6807,-1.413198,1.623490
6808,-2.706235,1.449729
6809,-2.793116,1.623490
6810,-2.826042,1.911146
6811,-1.396440,0.698220
6812,-3.563623,1.781812
6813,-3.167133,0.988831
6814,-3.824265,1.781812
6815,-3.563623,1.781812
6816,-3.335148,1.191580
6817,-3.490208,1.246980
6818,-3.650504,1.955573
6819,-3.397582,1.449729
6820,-3.563623,1.781812
6821,-2.181855,0.400969
6822,-1.717542,-0.914101
6823,-3.822291,1.911146
6824,-3.911146,1.955573
6825,-2.060606,1.030303
6826,-1.413419,-0.914101
6827,-2.311457,-0.722521
6828,-1.406715,-0.277479
6829,-2.060606,1.030303
6830,-2.261572,-0.955573
6831,-1.873490,-1.123490
6832,-3.692957,1.652478
6833,-3.427775,0.988831
6834,-3.623490,1.246980
6835,-1.466104,0.733052
6836,-2.336959,1.449729
6837,-2.563163,1.030303
6838,-0.789708,-1.123490
6839,-2.015156,0.455573
6840,-3.866718,2.000000
6841,-3.333174,1.320914
6842,-2.635719,0.400969
6843,-1.811776,-1.721883
6844,-1.668109,-1.400969
6845,-2.294861,-0.367711
6846,-2.892753,0.440071
6847,-2.835050,1.320914
6848,-3.304955,1.652478
6849,-3.490208,1.246980
6850,-2.885719,0.900969
6851,-3.304955,1.652478
6852,-2.706235,1.449729
6853,-3.478716,2.000000
6854,-3.333174,1.320914
6855,-1.794458,-1.889800
6856,-1.229693,-1.889800
6857,-2.883745,1.030303
6858,-3.826239,1.652478
6859,-3.822291,1.911146
6860,-2.700489,1.826239
6861,-3.304955,1.652478
6862,-3.650504,1.955573
6863,-3.397582,1.449729
6864,-3.822291,1.911146
6865,-3.065499,1.781812
6866,-3.656250,1.579063
6867,-3.656250,1.579063
6868,-3.095692,1.320914
6869,-3.335148,1.191580
6870,-2.780575,0.603718
6871,-3.563623,1.781812
6872,-3.246980,1.623490
6873,-2.883745,1.030303
6874,-2.176109,0.777479
6875,-3.824265,1.781812
6876,-0.061373,0.222521
6877,-0.027125,-0.109562
6878,-2.367905,-0.134659
6879,-1.801938,0.900969
6880,-3.658223,1.449729
6881,-2.793116,1.623490
6882,-3.397582,1.449729
6883,-3.051264,1.365341
6884,-3.427775,0.988831
6885,-2.899457,1.449729
6886,-3.102206,1.246980
6887,-0.864659,-0.365341
6888,-1.878417,-1.721883
6889,-2.166234,-1.400969
6890,-1.370469,-1.000000
6891,0.127258,0.149460
6892,-0.881639,-1.977662
6893,-0.866720,-1.233052
6894,-1.713557,-0.535628
6895,-3.694931,1.911146
6896,-3.268248,1.579063
6897,-3.563623,1.781812
6898,-3.911146,1.955573
6899,-3.911146,1.955573
6900,-3.694931,1.911146
6901,-3.051264,1.365341
6902,-3.563623,1.781812
6903,-3.911146,1.955573
6904,-3.563623,1.781812
6905,-3.650504,1.955573
6906,-3.658223,1.449729
6907,-2.235810,0.730682
6908,-3.692957,1.652478
6909,-1.977662,0.988831
6910,-3.268248,1.579063
6911,-3.095692,1.320914
6912,-3.955573,1.911146
6913,-2.696708,1.652478
6914,-2.711958,1.074730
6915,-3.692957,1.652478
6916,-2.670453,0.603718
6917,-3.102206,1.246980
6918,-1.960449,1.826239
6919,-2.518736,1.074730
6920,-1.361599,-0.367711
6921,-3.563623,1.781812
6922,-3.652478,1.826239
6923,-3.911146,1.955573
6924,-3.650504,1.955573
6925,-2.892753,0.440071
6926,-3.652478,1.826239
6927,-3.824265,1.781812
6928,-3.335148,1.191580
6929,-3.484462,1.623490
6930,-3.161387,1.365341
6931,-2.885719,0.900969
6932,-3.335148,1.191580
6933,-3.658223,1.449729
6934,-3.822291,1.911146
6935,-2.730682,1.365341
6936,-2.793116,1.623490
6937,-3.563623,1.781812
6938,-2.826042,1.911146
6939,-3.911146,1.955573
6940,-2.711958,1.074730
6941,-3.650504,1.955573
6942,-3.365341,0.730682
6943,-3.333174,1.320914
6944,-3.656250,1.579063
6945,-2.730682,1.365341
6946,-2.711958,1.074730
6947,-3.650504,1.955573
6948,-2.518736,1.074730
6949,-1.413198,1.623490
6950,-0.186374,0.093187
6951,-2.892753,0.440071
6952,-3.333174,1.320914
6953,-3.484462,1.623490
6954,-1.588247,1.365341
6955,-3.822291,1.911146
6956,-3.490208,1.246980
6957,-2.874250,1.652478
6958,-2.149460,1.074730
6959,-3.911146,1.955573
6960,-3.563623,1.781812
6961,-2.700489,1.826239
6962,-1.284124,-0.134659
6963,-3.822291,1.911146
6964,-3.826239,1.652478
6965,-2.883745,1.030303
6966,-3.563623,1.781812
6967,-2.431855,0.900969
6968,-2.605388,-0.134659
6969,-2.336959,1.449729
6970,-3.153395,0.440071
6971,-0.834695,-0.425270
6972,-2.060606,1.030303
6973,-3.826239,1.652478
6974,-3.652478,1.826239
6975,-2.176109,0.777479
6976,-3.911146,1.955573
6977,-2.873202,0.400969
6978,-2.717704,0.698220
6979,-3.123202,0.900969
6980,-1.824442,1.449729
6981,-3.563623,1.781812
6982,-3.333174,1.320914
6983,-1.858780,0.142820
6984,-3.397582,1.449729
6985,-3.427775,0.988831
6986,-1.717979,0.733052
6987,-3.065499,1.781812
6988,-2.334986,1.579063
6989,-1.550062,0.900969
6990,-2.717704,0.698220
6991,-1.461364,0.730682
6992,-2.294861,-0.367711
6993,-1.773241,0.455573
6994,-2.641828,1.320914
6995,-3.911146,1.955573
6996,-2.780575,0.603718
6997,-1.309583,-0.955573
6998,-3.563623,1.781812
6999,-0.983246,-1.000000
7000,-2.553446,0.149460
7001,-1.933731,0.900969
7002,-3.528889,1.579063
7003,-2.835050,1.320914
7004,-1.789708,1.246980
7005,-3.528889,1.579063
7006,-1.593993,0.988831
7007,-2.742943,1.911146
7008,-2.141244,1.191580
7009,-3.484462,1.623490
7010,-3.246980,1.623490
7011,-3.397582,1.449729
7012,-3.911146,1.955573
7013,-3.824265,1.781812
7014,-2.885719,0.900969
7015,-1.734301,-1.488831
7016,-3.102206,1.246980
7017,-3.824265,1.781812
7018,-2.641828,1.320914
7019,-3.088468,0.698220
7020,-1.375695,-1.211352
7021,-0.637763,-0.535628
7022,-3.215828,0.698220
7023,-3.658223,1.449729
7024,-3.563623,1.781812
7025,-3.304955,1.652478
7026,-3.826239,1.652478
7027,-3.167133,0.988831
7028,-2.899457,1.449729
7029,-3.065499,1.781812
7030,-3.167133,0.988831
7031,-3.911146,1.955573
7032,-2.717704,0.698220
7033,-0.718169,-0.658322
7034,-2.993868,1.030303
7035,-2.872277,1.781812
7036,-1.934194,0.777479
7037,-1.006419,-1.211352
7038,-1.988459,-1.889800
7039,-3.095692,1.320914
7040,-1.858780,0.142820
7041,-2.367905,-0.134659
7042,-2.060606,1.030303
7043,-3.304955,1.652478
7044,-1.906779,-0.535628
7045,-1.668109,-1.400969
7046,-2.005777,-1.721883
7047,-2.941449,0.149460
7048,-0.490512,-1.721883
7049,-3.650504,1.955573
7050,-2.873202,0.400969
7051,-2.669008,0.988831
7052,-3.658223,1.449729
7053,-3.324167,1.911146
7054,-3.490208,1.246980
7055,-2.343556,-0.658322
7056,-3.153395,0.440071
7057,-3.161387,1.365341
7058,-3.658223,1.449729
7059,-1.775215,0.326239
7060,-3.246980,1.623490
7061,-1.551012,1.781812
7062,-2.383160,1.191580
7063,-3.333174,1.320914
7064,-2.859464,-0.147791
7065,-3.324167,1.911146
7066,-0.873502,-0.445042
7067,-1.775215,0.326239
7068,-3.826239,1.652478
7069,-2.242359,1.781812
7070,-2.431855,0.900969
7071,-3.152379,1.955573
7072,-2.835050,1.320914
7073,-1.406715,-0.277479
7074,-2.181855,0.400969
7075,-1.149815,1.320914
7076,-3.658223,1.449729
7077,-3.911146,1.955573
7078,-3.434289,1.911146
7079,-2.109756,0.123490
7080,-3.779838,1.826239
7081,-3.694931,1.911146
7082,-2.641828,1.320914
7083,-3.866718,2.000000
7084,-2.541119,0.733052
7085,-2.461033,1.955573
7086,-2.873202,0.400969
7087,-3.051264,1.365341
7088,-3.692957,1.652478
7089,-2.837543,1.579063
7090,-3.246980,1.623490
7091,-1.933731,0.900969
7092,-3.563623,1.781812
7093,-3.095692,1.320914
7094,-3.434289,1.911146
7095,-2.136480,0.698220
7096,-3.563623,1.781812
7097,-1.703282,0.440071
7098,-2.938128,0.142820
7099,-3.281713,1.826239
7100,-2.793116,1.623490
7101,-2.371693,1.652478
7102,-3.911146,1.955573
7103,-3.658223,1.449729
7104,-3.528889,1.579063
7105,-2.394628,0.440071
7106,-3.911146,1.955573
7107,-3.065499,1.781812
7108,-3.123202,0.900969
7109,-3.484462,1.623490
7110,-3.281713,1.826239
7111,-2.518736,1.074730
7112,-3.397582,1.449729
7113,-2.553446,0.149460
7114,-1.169803,1.911146
7115,-0.288960,0.149460
7116,-3.246980,1.623490
7117,-2.371693,1.652478
7118,-2.541119,0.733052
7119,-1.248319,-1.466104
7120,-3.652478,1.826239
7121,-1.845869,0.988831
7122,0.960181,0.054604
7123,-0.831764,-0.535628
7124,-1.044797,-0.109562
7125,-1.607199,0.123490
7126,-3.656250,1.579063
7127,-3.427775,0.988831
7128,-3.335148,1.191580
7129,-3.822291,1.911146
7130,-3.246980,1.623490
7131,-3.652478,1.826239
7132,-3.658223,1.449729
7133,-3.824265,1.781812
7134,-3.335148,1.191580
7135,-3.326140,1.781812
7136,-3.478716,2.000000
7137,-3.652478,1.826239
7138,-2.311457,-0.722521
7139,-2.383160,1.191580
7140,-1.357582,-1.634021
7141,-0.932879,0.054604
7142,-2.892753,0.440071
7143,-3.333174,1.320914
7144,-3.427775,0.988831
7145,-3.484462,1.623490
7146,-2.228125,1.365341
7147,-2.136480,0.698220
7148,-0.272729,0.988831
7149,0.188432,0.455573
7150,-3.153395,0.440071
7151,-2.700489,1.826239
7152,-2.518736,1.074730
7153,-2.669008,0.988831
7154,-3.335148,1.191580
7155,-3.652478,1.826239
7156,-2.635719,0.400969
7157,-3.215828,0.698220
7158,-2.717704,0.698220
7159,-2.654083,-0.425270
7160,-2.883745,1.030303
7161,-3.911146,1.955573
7162,-2.163198,1.623490
7163,-3.911146,1.955573
7164,-3.065499,1.781812
7165,-2.872277,1.781812
7166,-3.652478,1.826239
7167,-3.123202,0.900969
7168,-1.309583,-0.955573
7169,-2.874250,1.652478
7170,-3.658223,1.449729
7171,-0.855884,0.733052
7172,-0.219815,0.011169
7173,-3.824265,1.781812
7174,-3.333174,1.320914
7175,-2.366718,-1.000000
7176,-3.652478,1.826239
7177,-2.873202,0.400969
7178,-2.166234,-1.400969
7179,-1.934194,0.777479
7180,-2.837543,1.579063
7181,-2.641828,1.320914
7182,-3.246980,1.623490
7183,-2.993868,1.030303
7184,-3.694931,1.911146
7185,-3.397582,1.449729
7186,-1.462714,0.222521
7187,-0.167082,0.054604
7188,-1.661706,-1.634021
7189,-3.427775,0.988831
7190,-3.650504,1.955573
7191,-2.256195,-0.445042
7192,-2.334986,1.579063
7193,-2.641828,1.320914
7194,-3.397582,1.449729
7195,-3.324167,1.911146
7196,-2.374152,1.781812
7197,-1.275116,0.455573
7198,-3.304955,1.652478
7199,-1.955475,-0.826239
7200,-1.413419,-0.914101
7201,-1.703282,0.440071
7202,-2.572099,-0.722521
7203,-2.730682,1.365341
7204,-3.158125,1.579063
7205,-2.654083,-0.425270
7206,-1.928302,-1.488831
7207,-2.367905,-0.134659
7208,-1.154522,0.988831
7209,-2.242359,1.781812
7210,-2.431855,0.900969
7211,-3.911146,1.955573
7212,-2.541119,0.733052
7213,-3.866718,2.000000
7214,-3.246980,1.623490
7215,-3.911146,1.955573
7216,-2.259209,0.777479
7217,-1.652210,-0.658322
7218,1.983774,-1.488831
7219,-1.977662,0.988831
7220,-2.228125,1.365341
7221,-3.694931,1.911146
7222,-3.955573,1.911146
7223,0.256769,-0.109562
7224,-2.109756,0.123490
7225,-3.194833,1.652478
7226,-2.540461,0.123490
7227,-0.666236,-1.634021
7228,-3.268248,1.579063
7229,-2.109756,0.123490
7230,-3.694931,1.911146
7231,-2.518736,1.074730
7232,-2.302521,1.030303
7233,-3.650504,1.955573
7234,-2.563163,1.030303
7235,-1.890808,-0.955573
7236,-3.088468,0.698220
7237,-3.779838,1.826239
7238,-3.955573,1.911146
7239,-3.484462,1.623490
7240,-2.374152,1.781812
7241,-3.692957,1.652478
7242,-2.641828,1.320914
7243,-3.074730,0.149460
7244,-2.316833,-1.233052
7245,-0.241532,0.054604
7246,-1.409351,-0.147791
7247,-1.044797,-0.109562
7248,-1.361599,-0.367711
7249,-1.593993,0.988831
7250,-0.159449,-0.109562
7251,-0.538346,-1.889800
7252,-2.572099,-0.722521
7253,0.065502,0.093187
7254,-1.413198,1.623490
7255,-3.123202,0.900969
7256,-2.316833,-1.233052
7257,-3.194833,1.652478
7258,-3.102206,1.246980
7259,-2.347897,0.733052
7260,-2.109756,0.123490
7261,-3.563623,1.781812
7262,-3.623490,1.246980
7263,-3.779838,1.826239
7264,-2.885719,0.900969
7265,-2.343556,-0.658322
7266,-2.367905,-0.134659
7267,-3.051264,1.365341
7268,-2.793116,1.623490
7269,-3.779838,1.826239
7270,-3.528889,1.579063
7271,-0.926428,-1.721883
7272,-1.557314,-0.109562
7273,0.436751,0.222521
7274,-0.710661,0.054604
7275,-2.394628,0.440071
7276,-2.810768,0.142820
7277,-3.427775,0.988831
7278,-2.316833,-1.233052
7279,-2.941449,0.149460
7280,-1.370469,-1.000000
7281,-3.152379,1.955573
7282,-2.730682,1.365341
7283,-3.167133,0.988831
7284,-2.635719,0.400969
7285,-1.878417,-1.721883
7286,-3.650504,1.955573
7287,-3.490208,1.246980
7288,-4.000000,2.000000
7289,-3.490208,1.246980
7290,-3.152379,1.955573
7291,-3.652478,1.826239
7292,-1.088404,-0.914101
7293,-3.335148,1.191580
7294,-2.261572,-0.955573
7295,-2.711958,1.074730
7296,-1.170753,0.149460
7297,-2.336959,1.449729
7298,-2.993868,1.030303
7299,-3.153395,0.440071
7300,-3.194833,1.652478
7301,-2.598822,-0.147791
7302,-2.141244,1.191580
7303,-2.635719,0.400969
7304,-1.978621,0.733052
7305,-1.254687,0.698220
7306,-3.658223,1.449729
7307,-3.911146,1.955573
7308,-3.281713,1.826239
7309,-2.837543,1.579063
7310,-2.541119,0.733052
7311,-3.623490,1.246980
7312,-0.161161,-1.488831
7313,-3.779838,1.826239
7314,-2.466259,1.191580
7315,-2.242359,1.781812
7316,-2.576901,1.579063
7317,-3.268248,1.579063
7318,-2.235810,0.730682
7319,-2.374152,1.781812
7320,-2.440004,0.142820
7321,-3.650504,1.955573
7322,-3.167133,0.988831
7323,-3.824265,1.781812
7324,-1.524320,-0.914101
7325,-1.375695,-1.211352
7326,-3.167133,0.988831
7327,-2.302521,1.030303
7328,-3.779838,1.826239
7329,-3.427775,0.988831
7330,-2.144490,0.326239
7331,-1.409351,-0.147791
7332,-3.911146,1.955573
7333,-0.399093,-1.400969
7334,-3.490208,1.246980
7335,-3.158125,1.579063
7336,-3.563623,1.781812
7337,-3.652478,1.826239
7338,-3.911146,1.955573
7339,-1.773241,0.455573
7340,-2.641828,1.320914
7341,-3.152379,1.955573
7342,-3.490208,1.246980
7343,-2.349870,0.603718
7344,-3.656250,1.579063
7345,-2.374152,1.781812
7346,-3.158125,1.579063
7347,-2.883745,1.030303
7348,-2.892753,0.440071
7349,-2.349870,0.603718
7350,-2.826042,1.911146
7351,-1.858780,0.142820
7352,-1.836861,1.579063
7353,-2.060606,1.030303
7354,-4.000000,2.000000
7355,-1.833963,0.093187
7356,0.858223,-0.109562
7357,-3.911146,1.955573
7358,-3.822291,1.911146
7359,-3.484462,1.623490
7360,-2.383160,1.191580
7361,-3.158125,1.579063
7362,-3.304955,1.652478
7363,-3.822291,1.911146
7364,-3.563623,1.781812
7365,-2.168944,1.246980
7366,-2.669008,0.988831
7367,-1.207436,0.603718
7368,-3.652478,1.826239
7369,-2.835050,1.320914
7370,-0.149926,-0.367711
7371,-1.507653,-1.721883
7372,-2.885719,0.900969
7373,-2.938128,0.142820
7374,-2.635719,0.400969
7375,-2.166234,-1.400969
7376,-3.215828,0.698220
7377,-4.000000,2.000000
7378,-2.337712,0.326239
7379,-1.921819,-1.889800
7380,-2.605388,-0.134659
7381,-1.836861,1.579063
7382,-3.652478,1.826239
7383,-2.383160,1.191580
7384,-3.158125,1.579063
7385,-1.554958,0.777479
7386,-2.272552,1.320914
7387,-3.528889,1.579063
7388,-1.695108,1.579063
7389,0.417869,0.440071
7390,-1.978621,0.733052
7391,-2.374152,1.781812
7392,-1.668109,-1.400969
7393,-2.872277,1.781812
7394,-2.644197,-0.445042
7395,-3.692957,1.652478
7396,-2.892753,0.440071
7397,-0.113232,0.326239
7398,-2.347897,0.733052
7399,-2.873202,0.400969
7400,-3.779838,1.826239
7401,-1.977662,0.988831
7402,-1.361599,-0.367711
7403,-1.445881,-0.074730
7404,-3.563623,1.781812
7405,-1.133363,0.455573
7406,-0.044056,0.054604
7407,-2.669008,0.988831
7408,-3.088468,0.698220
7409,-2.136480,0.698220
7410,-3.866718,2.000000
7411,-3.866718,2.000000
7412,-3.051264,1.365341
7413,-3.123202,0.900969
7414,-1.280886,-1.400969
7415,-3.656250,1.579063
7416,-1.637893,1.955573
7417,-3.478716,2.000000
7418,-2.654083,-0.425270
7419,-3.095692,1.320914
7420,-1.668109,-1.400969
7421,-3.652478,1.826239
7422,-3.911146,1.955573
7423,-3.335148,1.191580
7424,-2.669008,0.988831
7425,-2.669008,0.988831
7426,-2.383160,1.191580
7427,-0.246980,0.123490
7428,-3.824265,1.781812
7429,-3.658223,1.449729
7430,-2.336959,1.449729
7431,-3.652478,1.826239
7432,-2.100697,-0.147791
7433,-1.933731,0.900969
7434,-3.397582,1.449729
7435,-3.335148,1.191580
7436,-3.167133,0.988831
7437,-1.120429,-1.721883
7438,-0.985218,0.603718
7439,-2.109756,0.123490
7440,-3.623490,1.246980
7441,-3.462508,1.191580
7442,-0.766862,-0.658322
7443,-1.760035,1.320914
7444,-2.700489,1.826239
7445,-2.810768,0.142820
7446,-3.158125,1.579063
7447,-2.810768,0.142820
7448,-2.181855,0.400969
7449,-3.911146,1.955573
7450,-1.558067,-1.233052
7451,-1.309583,-0.955573
7452,-2.844057,0.730682
7453,-3.656250,1.579063
7454,-3.335148,1.191580
7455,-3.652478,1.826239
7456,-4.000000,2.000000
7457,-2.098256,0.455573
7458,-1.594507,0.222521
7459,-0.771367,0.222521
7460,-0.014576,-0.134659
7461,-1.813332,-0.722521
7462,-3.088468,0.698220
7463,-3.528889,1.579063
7464,-2.431855,0.900969
7465,-3.281713,1.826239
7466,-3.232059,0.730682
7467,-3.779838,1.826239
7468,-3.528889,1.579063
7469,-3.694931,1.911146
7470,-3.528889,1.579063
7471,-3.333174,1.320914
7472,-3.694931,1.911146
7473,-3.911146,1.955573
7474,-3.528889,1.579063
7475,-3.153395,0.440071
7476,-2.235810,0.730682
7477,-3.779838,1.826239
7478,-3.658223,1.449729
7479,-1.978716,-1.000000
7480,-0.322099,-0.722521
7481,-0.801938,0.400969
7482,-2.810768,0.142820
7483,-2.706235,1.449729
7484,-3.158125,1.579063
7485,-2.669008,0.988831
7486,-3.333174,1.320914
7487,-3.563623,1.781812
7488,-1.977662,0.988831
7489,-2.883745,1.030303
7490,-2.394628,0.440071
7491,-2.336959,1.449729
7492,-0.057971,0.603718
7493,-2.334986,1.579063
7494,-2.941449,0.149460
7495,-2.885719,0.900969
7496,-2.892753,0.440071
7497,-2.343556,-0.658322
7498,-3.095692,1.320914
7499,-3.955573,1.911146
7500,-1.643120,1.191580
7501,-3.326140,1.781812
7502,-2.540461,0.123490
7503,-3.051264,1.365341
7504,-1.308725,-1.123490
7505,-1.717542,-0.914101
7506,-2.256195,-0.445042
7507,-2.780575,0.603718
7508,0.227885,-0.826239
7509,-0.787833,-0.623490
7510,-3.824265,1.781812
7511,-3.650504,1.955573
7512,-3.658223,1.449729
7513,-3.434289,1.911146
7514,-3.462508,1.191580
7515,-0.009807,-0.277479
7516,0.040685,0.142820
7517,-3.658223,1.449729
7518,-3.652478,1.826239
7519,-3.335148,1.191580
7520,-2.899457,1.449729
7521,-1.225625,-1.123490
7522,-1.361599,-0.367711
7523,-1.775215,0.326239
7524,-2.228125,1.365341
7525,-3.650504,1.955573
7526,-1.557314,-0.109562
7527,-0.983246,-1.000000
7528,-1.652210,-0.658322
7529,-2.208111,1.449729
7530,-0.860591,0.400969
7531,-3.484462,1.623490
7532,-1.845869,0.988831
7533,-1.127350,1.826239
7534,-3.246980,1.623490
7535,-2.899457,1.449729
7536,-3.658223,1.449729
7537,-3.822291,1.911146
7538,-2.598822,-0.147791
7539,-1.212812,0.093187
7540,-1.557314,-0.109562
7541,-1.116526,0.733052
7542,-1.914041,-0.134659
7543,-1.845869,0.988831
7544,-3.161387,1.365341
7545,-2.899457,1.449729
7546,-3.822291,1.911146
7547,-3.158125,1.579063
7548,-3.326140,1.781812
7549,-3.123202,0.900969
7550,-1.006419,-1.211352
7551,-3.692957,1.652478
7552,-2.144490,0.326239
7553,-3.692957,1.652478
7554,-2.272552,1.320914
7555,-3.281713,1.826239
7556,-2.466259,1.191580
7557,-3.153395,0.440071
7558,-0.763270,1.246980
7559,-3.779838,1.826239
7560,-2.526723,-0.425270
7561,-2.367905,-0.134659
7562,-0.190819,0.011169
7563,-3.088468,0.698220
7564,-2.228125,1.365341
7565,-3.434289,1.911146
7566,-3.650504,1.955573
7567,-1.717979,0.733052
7568,-3.333174,1.320914
7569,-1.086885,-1.400969
7570,-2.526723,-0.425270
7571,-1.977662,0.988831
7572,-3.528889,1.579063
7573,-3.123202,0.900969
7574,-3.123202,0.900969
7575,-3.194833,1.652478
7576,-1.594507,0.222521
7577,-2.440004,0.142820
7578,-2.837543,1.579063
7579,-1.717979,0.733052
7580,-2.374152,1.781812
7581,-3.955573,1.911146
7582,-2.892753,0.440071
7583,-1.050429,1.652478
7584,-3.824265,1.781812
7585,-0.503178,1.449729
7586,-0.628209,0.455573
7587,0.640322,0.326239
7588,-3.911146,1.955573
7589,-2.011910,1.320914
7590,-3.822291,1.911146
7591,-3.095692,1.320914
7592,-3.215828,0.698220
7593,-3.335148,1.191580
7594,-3.167133,0.988831
7595,-3.304955,1.652478
7596,-3.246980,1.623490
7597,-0.831764,-0.535628
7598,-1.306849,1.246980
7599,-3.158125,1.579063
7600,-2.706235,1.449729
7601,-0.855884,0.733052
7602,-2.116349,-1.634021
7603,-3.333174,1.320914
7604,-3.652478,1.826239
7605,-2.700489,1.826239
7606,-3.650504,1.955573
7607,-3.650504,1.955573
7608,-3.326140,1.781812
7609,-3.822291,1.911146
7610,-1.977662,0.988831
7611,-1.858780,0.142820
7612,-2.430339,0.123490
7613,-2.311457,-0.722521
7614,-2.316833,-1.233052
7615,-2.730682,1.365341
7616,-2.873202,0.400969
7617,-3.123202,0.900969
7618,-3.246980,1.623490
7619,-3.427775,0.988831
7620,-3.563623,1.781812
7621,-3.822291,1.911146
7622,-3.652478,1.826239
7623,-3.397582,1.449729
7624,-3.911146,1.955573
7625,-3.658223,1.449729
7626,-3.652478,1.826239
7627,-2.700489,1.826239
7628,-3.656250,1.579063
7629,-2.730682,1.365341
7630,-3.365341,0.730682
7631,-2.835050,1.320914
7632,-3.490208,1.246980
7633,-2.336959,1.449729
7634,-1.554958,0.777479
7635,-3.123202,0.900969
7636,-3.563623,1.781812
7637,-3.911146,1.955573
7638,-2.717704,0.698220
7639,-2.493959,1.246980
7640,-1.588247,1.365341
7641,-3.158125,1.579063
7642,-2.098256,0.455573
7643,-2.144490,0.326239
7644,-1.878417,-1.721883
7645,-1.423694,-1.889800
7646,-2.176109,0.777479
7647,-1.636943,1.074730
7648,-3.824265,1.781812
7649,-3.650504,1.955573
7650,-3.161387,1.365341
7651,-3.563623,1.781812
7652,-0.810020,1.191580
7653,-1.168783,-0.365341
7654,-1.652210,-0.658322
7655,-3.161387,1.365341
7656,-3.824265,1.781812
7657,-2.430339,0.123490
7658,-1.914041,-0.134659
7659,-2.598822,-0.147791
7660,-3.333174,1.320914
7661,-3.123202,0.900969
7662,-2.430339,0.123490
7663,-3.826239,1.652478
7664,-3.822291,1.911146
7665,-3.826239,1.652478
7666,-3.652478,1.826239
7667,-2.430339,0.123490
7668,-0.130454,-0.109562
7669,-3.215828,0.698220
7670,-1.314088,-0.074730
7671,-1.225625,-1.123490
7672,-0.008010,-0.147791
7673,-3.194833,1.652478
7674,-3.692957,1.652478
7675,-2.394628,0.440071
7676,-2.051596,1.911146
7677,-2.670453,0.603718
7678,-3.194833,1.652478
7679,-3.658223,1.449729
7680,-1.977662,0.988831
7681,-3.152379,1.955573
7682,0.001651,0.440071
7683,-0.873667,-0.955573
7684,-0.926428,-1.721883
7685,-0.043581,-1.233052
7686,-1.574293,-1.721883
7687,-1.965750,-1.801938
7688,-2.500000,-1.000000
7689,-0.472729,-0.033258
7690,-0.354198,-0.658322
7691,-2.168944,1.246980
7692,-2.144490,0.326239
7693,-2.056191,-1.233052
7694,-3.826239,1.652478
7695,-1.864156,-0.367711
7696,-3.826239,1.652478
7697,-2.706235,1.449729
7698,-3.822291,1.911146
7699,-3.650504,1.955573
7700,-1.396440,0.698220
7701,-2.060606,1.030303
7702,-2.056191,-1.233052
7703,-0.445042,0.222521
7704,-0.151111,-0.365341
7705,-1.955475,-0.826239
7706,-2.493959,1.246980
7707,-3.215828,0.698220
7708,-3.490208,1.246980
7709,-2.144490,0.326239
7710,-2.730682,1.365341
7711,-3.324167,1.911146
7712,-3.826239,1.652478
7713,-3.427775,0.988831
7714,-3.326140,1.781812
7715,-0.756100,1.955573
7716,-3.326140,1.781812
7717,-3.490208,1.246980
7718,-1.406715,-0.277479
7719,-1.027479,-0.277479
7720,-3.911146,1.955573
7721,-3.484462,1.623490
7722,-2.837543,1.579063
7723,-3.051264,1.365341
7724,-2.461033,1.955573
7725,-2.641828,1.320914
7726,-0.880142,0.440071
7727,-1.849772,0.733052
7728,-3.658223,1.449729
7729,-3.397582,1.449729
7730,-3.095692,1.320914
7731,-2.184738,-0.367711
7732,-3.326140,1.781812
7733,-3.822291,1.911146
7734,-3.152379,1.955573
7735,-0.911146,0.455573
7736,-1.441541,-1.466104
7737,-3.281713,1.826239
7738,-3.779838,1.826239
7739,-2.644197,-0.445042
7740,-2.964384,1.191580
7741,-3.095692,1.320914
7742,-2.872277,1.781812
7743,-3.528889,1.579063
7744,-3.232059,0.730682
7745,-3.123202,0.900969
7746,-1.636943,1.074730
7747,-3.246980,1.623490
7748,-2.941449,0.149460
7749,-1.849772,0.733052
7750,-1.773241,0.455573
7751,-3.650504,1.955573
7752,-3.484462,1.623490
7753,-3.826239,1.652478
7754,-3.152379,1.955573
7755,-3.304955,1.652478
7756,-3.658223,1.449729
7757,-3.158125,1.579063
7758,-3.563623,1.781812
7759,-2.826042,1.911146
7760,-3.304955,1.652478
7761,-3.427775,0.988831
7762,-1.945199,0.149460
7763,-0.158676,1.652478
7764,-3.215828,0.698220
7765,-3.153395,0.440071
7766,-3.658223,1.449729
7767,-2.730682,1.365341
7768,-2.641828,1.320914
7769,-3.824265,1.781812
7770,-0.534266,0.400969
7771,-3.652478,1.826239
7772,-3.911146,1.955573
7773,-1.864156,-0.367711
7774,-3.215828,0.698220
7775,-2.493959,1.246980
7776,-2.941449,0.149460
7777,0.040685,0.142820
7778,-2.654083,-0.425270
7779,-3.158125,1.579063
7780,-3.656250,1.579063
7781,-3.123202,0.900969
7782,-3.478716,2.000000
7783,-2.461033,1.955573
7784,-3.822291,1.911146
7785,-3.563623,1.781812
7786,-1.713557,-0.535628
7787,-0.810020,1.191580
7788,-3.658223,1.449729
7789,-2.272552,1.320914
7790,-2.899457,1.449729
7791,-3.427775,0.988831
7792,-1.607199,0.123490
7793,-3.824265,1.781812
7794,-3.335148,1.191580
7795,-3.911146,1.955573
7796,-1.593993,0.988831
7797,-3.167133,0.988831
7798,-3.326140,1.781812
7799,-1.933731,0.900969
7800,-2.859464,-0.147791
7801,-3.658223,1.449729
7802,-3.824265,1.781812
7803,-2.430339,0.123490
7804,-2.366718,-1.000000
7805,-2.669008,0.988831
7806,-3.490208,1.246980
7807,-3.324167,1.911146
7808,0.501583,0.603718
7809,-1.592048,0.093187
7810,-1.801938,0.900969
7811,-2.540461,0.123490
7812,-3.866718,2.000000
7813,-3.102206,1.246980
7814,-2.993868,1.030303
7815,-3.650504,1.955573
7816,-3.658223,1.449729
7817,-3.434289,1.911146
7818,-3.563623,1.781812
7819,-2.885719,0.900969
7820,-3.658223,1.449729
7821,-2.669008,0.988831
7822,-1.647948,-0.445042
7823,-2.065597,-0.826239
7824,-3.051264,1.365341
7825,-3.955573,1.911146
7826,-3.824265,1.781812
7827,-2.964384,1.191580
7828,-2.163198,1.623490
7829,-1.445133,0.698220
7830,-1.420728,1.030303
7831,-1.314088,-0.074730
7832,-3.692957,1.652478
7833,-3.563623,1.781812
7834,-3.563623,1.781812
7835,-2.541119,0.733052
7836,-2.837543,1.579063
7837,-0.867905,1.365341
7838,-3.123202,0.900969
7839,-1.492359,1.781812
7840,-1.550062,0.900969
7841,-2.742943,1.911146
7842,-3.333174,1.320914
7843,-3.650504,1.955573
7844,-3.246980,1.623490
7845,-3.955573,1.911146
7846,-1.845869,0.988831
7847,-3.246980,1.623490
7848,-3.167133,0.988831
7849,-3.658223,1.449729
7850,-2.669008,0.988831
7851,-1.648630,-0.277479
7852,-1.717979,0.733052
7853,0.066516,-0.033258
7854,-2.883745,1.030303
7855,-3.158125,1.579063
7856,-1.225625,-1.123490
7857,-3.563623,1.781812
7858,-2.780575,0.603718
7859,-3.658223,1.449729
7860,-1.773241,0.455573
7861,-1.225625,-1.123490
7862,-1.474108,-1.400969
7863,-0.728444,-1.634021
7864,-1.044797,-0.109562
7865,-2.892753,0.440071
7866,-2.598822,-0.147791
7867,-3.478716,2.000000
7868,-3.822291,1.911146
7869,-3.822291,1.911146
7870,-2.859464,-0.147791
7871,-0.969501,-1.801938
7872,-0.145365,0.011169
7873,-1.588247,1.365341
7874,-2.367905,-0.134659
7875,-2.941449,0.149460
7876,-3.268248,1.579063
7877,-2.605388,-0.134659
7878,-1.634892,-0.826239
7879,-0.666236,-1.634021
7880,-1.864156,-0.367711
7881,-2.635719,0.400969
7882,-2.873202,0.400969
7883,-3.824265,1.781812
7884,-0.544316,-0.722521
7885,-2.367905,-0.134659
7886,-2.385621,1.030303
7887,-3.911146,1.955573
7888,-2.700489,1.826239
7889,-3.158125,1.579063
7890,-2.835050,1.320914
7891,-2.899457,1.449729
7892,-2.873202,0.400969
7893,-0.246980,0.123490
7894,-3.123202,0.900969
7895,-3.490208,1.246980
7896,-3.822291,1.911146
7897,-3.478716,2.000000
7898,-2.810768,0.142820
7899,-2.383160,1.191580
7900,-3.824265,1.781812
7901,-2.385621,1.030303
7902,-3.652478,1.826239
7903,-2.883745,1.030303
7904,-2.002903,1.911146
7905,-3.656250,1.579063
7906,-3.158125,1.579063
7907,-3.161387,1.365341
7908,-2.261572,-0.955573
7909,-1.593993,0.988831
7910,-3.324167,1.911146
7911,-3.158125,1.579063
7912,-2.859464,-0.147791
7913,-1.303596,-1.488831
7914,-1.849772,0.733052
7915,-3.650504,1.955573
7916,-2.874250,1.652478
7917,-3.215828,0.698220
7918,-2.810768,0.142820
7919,-2.383160,1.191580
7920,-3.911146,1.955573
7921,-2.730682,1.365341
7922,-0.860591,0.400969
7923,-3.335148,1.191580
7924,-3.650504,1.955573
7925,-3.158125,1.579063
7926,-2.780575,0.603718
7927,-3.563623,1.781812
7928,-3.650504,1.955573
7929,-3.652478,1.826239
7930,-3.484462,1.623490
7931,-3.427775,0.988831
7932,-0.462714,-0.277479
7933,-3.652478,1.826239
7934,-2.835050,1.320914
7935,-2.155959,-0.425270
7936,-3.658223,1.449729
7937,-3.484462,1.623490
7938,0.339445,1.191580
7939,-2.810768,0.142820
7940,-2.060606,1.030303
7941,-0.824281,-0.162592
7942,-3.650504,1.955573
7943,-2.349870,0.603718
7944,-2.730682,1.365341
7945,-3.658223,1.449729
7946,-2.899457,1.449729
7947,-1.824442,1.449729
7948,-1.695108,1.579063
7949,-2.388932,-0.955573
7950,-2.899457,1.449729
7951,-3.911146,1.955573
7952,-2.337712,0.326239
7953,-2.235810,0.730682
7954,-3.397582,1.449729
7955,-2.461033,1.955573
7956,-1.960449,1.826239
7957,-0.563340,0.698220
7958,-2.563163,1.030303
7959,-0.151111,-0.365341
7960,-1.349578,0.500000
7961,-3.051264,1.365341
7962,-2.311457,-0.722521
7963,-3.462508,1.191580
7964,-2.837543,1.579063
7965,-1.978621,0.733052
7966,-1.210838,0.222521
7967,-2.810768,0.142820
7968,-1.977662,0.988831
7969,-2.883745,1.030303
7970,-2.899457,1.449729
7971,-2.883745,1.030303
7972,-2.793116,1.623490
7973,-3.333174,1.320914
7974,-3.324167,1.911146
7975,-2.598822,-0.147791
7976,-3.656250,1.579063
7977,-3.397582,1.449729
7978,-2.383160,1.191580
7979,-2.394628,0.440071
7980,-2.730682,1.365341
7981,-3.563623,1.781812
7982,-0.583781,0.500000
7983,-1.801938,0.900969
7984,-3.281713,1.826239
7985,-2.696708,1.652478
7986,-2.461033,1.955573
7987,-2.228125,1.365341
7988,-3.397582,1.449729
7989,-2.576901,1.579063
7990,-0.926428,-1.721883
7991,-2.430339,0.123490
7992,-1.703282,0.440071
7993,-1.731816,1.652478
7994,-3.563623,1.781812
7995,-3.652478,1.826239
7996,-1.836861,1.579063
7997,-3.246980,1.623490
7998,-2.873202,0.400969
7999,-3.158125,1.579063
8000,-2.700489,1.826239
8001,-2.883745,1.030303
8002,-3.826239,1.652478
8003,-2.780575,0.603718
8004,-3.658223,1.449729
8005,-3.153395,0.440071
8006,-2.641828,1.320914
8007,-2.311457,-0.722521
8008,-2.873202,0.400969
8009,-2.272552,1.320914
8010,-3.658223,1.449729
8011,-2.892753,0.440071
8012,-3.304955,1.652478
8013,-3.304955,1.652478
8014,-2.641828,1.320914
8015,-3.826239,1.652478
8016,-2.383160,1.191580
8017,-3.656250,1.579063
8018,-1.926590,-0.109562
8019,-3.484462,1.623490
8020,-3.335148,1.191580
8021,-3.656250,1.579063
8022,-2.717704,0.698220
8023,-3.427775,0.988831
8024,-2.641828,1.320914
8025,-3.822291,1.911146
8026,-2.163198,1.623490
8027,-2.706235,1.449729
8028,-3.304955,1.652478
8029,-2.598822,-0.147791
8030,-3.656250,1.579063
8031,-3.158125,1.579063
8032,-3.822291,1.911146
8033,-3.246980,1.623490
8034,-2.810768,0.142820
8035,0.128724,-0.033258
8036,-2.892753,0.440071
8037,-2.641828,1.320914
8038,-1.121986,-0.722521
8039,-0.709168,-0.914101
8040,-1.733246,0.500000
8041,-1.048700,0.730682
8042,-1.847313,0.603718
8043,-2.938128,0.142820
8044,-2.259209,0.777479
8045,-2.526723,-0.425270
8046,-2.859464,-0.147791
8047,-3.268248,1.579063
8048,-3.658223,1.449729
8049,-3.824265,1.781812
8050,-3.563623,1.781812
8051,-3.824265,1.781812
8052,-3.065499,1.781812
8053,-0.831764,-0.535628
8054,-2.598822,-0.147791
8055,-1.149815,1.320914
8056,-3.123202,0.900969
8057,-3.692957,1.652478
8058,-3.268248,1.579063
8059,-3.528889,1.579063
8060,-2.541119,0.733052
8061,-3.281713,1.826239
8062,-3.563623,1.781812
8063,-3.051264,1.365341
8064,-3.658223,1.449729
8065,-3.434289,1.911146
8066,-0.288960,0.149460
8067,-3.484462,1.623490
8068,-3.281713,1.826239
8069,-3.779838,1.826239
8070,-2.541119,0.733052
8071,-2.899457,1.449729
8072,-3.088468,0.698220
8073,-3.434289,1.911146
8074,-3.088468,0.698220
8075,-3.563623,1.781812
8076,-3.152379,1.955573
8077,-2.038874,-1.400969
8078,-3.397582,1.449729
8079,-2.837543,1.579063
8080,-1.022292,-0.658322
8081,-0.880142,0.440071
8082,-1.423694,-1.889800
8083,-1.231001,-1.634021
8084,-3.161387,1.365341
8085,-1.928302,-1.488831
8086,-2.294861,-0.367711
8087,-2.700489,1.826239
8088,-2.336959,1.449729
8089,-3.656250,1.579063
8090,-3.326140,1.781812
8091,-0.604474,-1.123490
8092,-0.854474,-0.623490
8093,-1.027479,-0.277479
8094,-2.051596,1.911146
8095,-3.528889,1.579063
8096,-3.051264,1.365341
8097,-3.528889,1.579063
8098,-2.835050,1.320914
8099,-2.572099,-0.722521
8100,-3.824265,1.781812
8101,-2.899457,1.449729
8102,-3.152379,1.955573
8103,-1.933731,0.900969
8104,-3.088468,0.698220
8105,-3.281713,1.826239
8106,-3.658223,1.449729
8107,-2.938128,0.142820
8108,-2.208111,1.449729
8109,-2.605388,-0.134659
8110,-3.153395,0.440071
8111,-3.779838,1.826239
8112,-3.528889,1.579063
8113,-2.526723,-0.425270
8114,-3.779838,1.826239
8115,-2.873202,0.400969
8116,-3.281713,1.826239
8117,-2.098256,0.455573
8118,-2.899457,1.449729
8119,-2.700489,1.826239
8120,-3.824265,1.781812
8121,-2.899457,1.449729
8122,-3.911146,1.955573
8123,-3.826239,1.652478
8124,-3.652478,1.826239
8125,-2.635719,0.400969
8126,-3.215828,0.698220
8127,-3.652478,1.826239
8128,-2.780575,0.603718
8129,-0.408062,-0.162592
8130,-0.521367,-0.277479
8131,-0.043581,-1.233052
8132,-1.921819,-1.889800
8133,-2.885719,0.900969
8134,-1.309583,-0.955573
8135,-2.106074,-0.658322
8136,-2.349870,0.603718
8137,-3.333174,1.320914
8138,-2.261572,-0.955573
8139,-1.988459,-1.889800
8140,-0.276723,-0.425270
8141,-3.074730,0.149460
8142,-2.872277,1.781812
8143,-2.641828,1.320914
8144,-2.136480,0.698220
8145,-2.394628,0.440071
8146,-3.397582,1.449729
8147,-3.658223,1.449729
8148,-3.911146,1.955573
8149,-1.977662,0.988831
8150,-1.254687,0.698220
8151,-3.434289,1.911146
8152,-1.917063,0.093187
8153,-1.928302,-1.488831
8154,-2.885719,0.900969
8155,-3.158125,1.579063
8156,-3.650504,1.955573
8157,-3.397582,1.449729
8158,-3.826239,1.652478
8159,-3.335148,1.191580
8160,-1.214222,1.449729
8161,-1.396440,0.698220
8162,-2.654083,-0.425270
8163,-0.816833,0.266948
8164,-2.696708,1.652478
8165,-3.051264,1.365341
8166,-3.694931,1.911146
8167,-2.553446,0.149460
8168,-3.824265,1.781812
8169,-2.964384,1.191580
8170,-2.051596,1.911146
8171,-3.427775,0.988831
8172,-3.563623,1.781812
8173,-2.993868,1.030303
8174,-1.445881,-0.074730
8175,-0.860591,0.400969
8176,-0.928928,-1.233052
8177,-1.713557,-0.535628
8178,-1.121986,-0.722521
8179,-1.921819,-1.889800
8180,-3.652478,1.826239
8181,-3.324167,1.911146
8182,-1.873490,-1.123490
8183,-3.152379,1.955573
8184,-3.563623,1.781812
8185,-2.302521,1.030303
8186,-3.281713,1.826239
8187,-2.526723,-0.425270
8188,-1.637893,1.955573
8189,-3.397582,1.449729
8190,-3.484462,1.623490
8191,-3.268248,1.579063
8192,-3.955573,1.911146
8193,-3.955573,1.911146
8194,-2.669008,0.988831
8195,-2.742943,1.911146
8196,-3.462508,1.191580
8197,-2.872277,1.781812
8198,-3.650504,1.955573
8199,-3.051264,1.365341
8200,-2.837543,1.579063
8201,-2.553446,0.149460
8202,-3.650504,1.955573
8203,-2.641828,1.320914
8204,-3.824265,1.781812
8205,-1.703282,0.440071
8206,-1.137418,-1.466104
8207,-2.835050,1.320914
8208,-3.123202,0.900969
8209,-2.181855,0.400969
8210,-2.098256,0.455573
8211,-3.123202,0.900969
8212,-3.161387,1.365341
8213,-1.574293,-1.721883
8214,-1.873040,-1.211352
8215,-3.324167,1.911146
8216,-2.367905,-0.134659
8217,-0.521367,-0.277479
8218,-2.144490,0.326239
8219,-2.670453,0.603718
8220,-3.692957,1.652478
8221,-2.670453,0.603718
8222,-1.847313,0.603718
8223,-2.742943,1.911146
8224,-3.397582,1.449729
8225,-3.123202,0.900969
8226,-2.311457,-0.722521
8227,-2.641828,1.320914
8228,-2.837543,1.579063
8229,-3.824265,1.781812
8230,-2.964384,1.191580
8231,-2.572099,-0.722521
8232,-1.349189,0.603718
8233,-2.670453,0.603718
8234,-2.184738,-0.367711
8235,-3.528889,1.579063
8236,-2.835050,1.320914
8237,-3.152379,1.955573
8238,-2.440004,0.142820
8239,-3.911146,1.955573
8240,-3.650504,1.955573
8241,-3.333174,1.320914
8242,-1.703282,0.440071
8243,-3.397582,1.449729
8244,-3.911146,1.955573
8245,-3.563623,1.781812
8246,-1.733246,0.500000
8247,-3.246980,1.623490
8248,-2.964384,1.191580
8249,-3.123202,0.900969
8250,-3.692957,1.652478
8251,-2.696708,1.652478
8252,-3.692957,1.652478
8253,-2.938128,0.142820
8254,-3.268248,1.579063
8255,-1.474108,-1.400969
8256,0.102598,0.123490
8257,-3.326140,1.781812
8258,-2.242359,1.781812
8259,-2.337712,0.326239
8260,-3.563623,1.781812
8261,-3.484462,1.623490
8262,-2.717704,0.698220
8263,-2.810768,0.142820
8264,-3.215828,0.698220
8265,-0.700307,0.733052
8266,-0.285640,0.142820
8267,-0.057971,0.603718
8268,-3.158125,1.579063
8269,-2.430339,0.123490
8270,-3.065499,1.781812
8271,-1.858780,0.142820
8272,-2.810768,0.142820
8273,-3.911146,1.955573
8274,-2.844057,0.730682
8275,-1.933731,0.900969
8276,-3.215828,0.698220
8277,-2.883745,1.030303
8278,-3.335148,1.191580
8279,-1.922262,1.652478
8280,-2.493959,1.246980
8281,-1.149815,1.320914
8282,-3.158125,1.579063
8283,-3.333174,1.320914
8284,-3.065499,1.781812
8285,-3.911146,1.955573
8286,-1.864156,-0.367711
8287,-3.324167,1.911146
8288,-2.717704,0.698220
8289,-0.533896,0.266948
8290,-1.877888,-1.977662
8291,-2.730682,1.365341
8292,-2.892753,0.440071
8293,-2.383160,1.191580
8294,-2.181855,0.400969
8295,-3.650504,1.955573
8296,-2.394628,0.440071
8297,-2.883745,1.030303
8298,-1.731816,1.652478
8299,-3.824265,1.781812
8300,-2.810768,0.142820
8301,-2.730682,1.365341
8302,-3.652478,1.826239
8303,-3.335148,1.191580
8304,-1.824442,1.449729
8305,-2.343556,-0.658322
8306,-2.873202,0.400969
8307,-3.335148,1.191580
8308,-2.598822,-0.147791
8309,-1.132335,-0.826239
8310,-1.171501,-0.623490
8311,-3.779838,1.826239
8312,-3.692957,1.652478
8313,-3.051264,1.365341
8314,-3.397582,1.449729
8315,-2.899457,1.449729
8316,-3.088468,0.698220
8317,-2.347897,0.733052
8318,-2.149460,1.074730
8319,-2.635719,0.400969
8320,-1.878417,-1.721883
8321,-1.855707,-1.634021
8322,-0.728444,-1.634021
8323,-1.118740,0.142820
8324,-3.153395,0.440071
8325,-3.623490,1.246980
8326,-3.434289,1.911146
8327,-3.462508,1.191580
8328,-2.136480,0.698220
8329,-3.152379,1.955573
8330,-1.960449,1.826239
8331,-1.375695,-1.211352
8332,-1.507653,-1.721883
8333,-3.051264,1.365341
8334,-3.326140,1.781812
8335,-2.133667,-1.466104
8336,-1.643120,1.191580
8337,-2.885719,0.900969
8338,-3.824265,1.781812
8339,-0.246980,0.123490
8340,-0.207561,-0.033258
8341,-3.158125,1.579063
8342,-3.652478,1.826239
8343,-3.484462,1.623490
8344,-2.641828,1.320914
8345,-1.978621,0.733052
8346,-3.427775,0.988831
8347,-3.490208,1.246980
8348,-2.717704,0.698220
8349,-2.060606,1.030303
8350,-3.324167,1.911146
8351,-3.335148,1.191580
8352,-3.822291,1.911146
8353,-2.859464,-0.147791
8354,-2.294861,-0.367711
8355,-3.656250,1.579063
8356,-1.864156,-0.367711
8357,-2.572099,-0.722521
8358,-3.484462,1.623490
8359,-1.978621,0.733052
8360,-3.911146,1.955573
8361,-1.198511,1.030303
8362,0.388447,0.326239
8363,-3.528889,1.579063
8364,-2.184738,-0.367711
8365,-1.466104,0.733052
8366,-2.993868,1.030303
8367,-3.563623,1.781812
8368,-3.095692,1.320914
8369,-3.911146,1.955573
8370,-3.658223,1.449729
8371,-1.003761,1.579063
8372,-3.088468,0.698220
8373,-2.051596,1.911146
8374,-3.333174,1.320914
8375,-2.837543,1.579063
8376,-3.397582,1.449729
8377,-1.551938,0.400969
8378,-0.105222,0.698220
8379,-2.461033,1.955573
8380,-3.484462,1.623490
8381,-3.281713,1.826239
8382,-0.967322,0.123490
8383,0.127258,0.149460
8384,-1.384971,1.449729
8385,-3.779838,1.826239
8386,-1.594507,0.222521
8387,-1.955475,-0.826239
8388,-2.316833,-1.233052
8389,-0.686458,-0.826239
8390,0.027479,0.777479
8391,-3.694931,1.911146
8392,-3.866718,2.000000
8393,-2.835050,1.320914
8394,-3.194833,1.652478
8395,-3.692957,1.652478
8396,-3.194833,1.652478
8397,-2.184738,-0.367711
8398,-2.859464,-0.147791
8399,-2.431855,0.900969
8400,-1.695108,1.579063
8401,-0.563340,0.698220
8402,-3.123202,0.900969
8403,-1.849772,0.733052
8404,-2.899457,1.449729
8405,-3.333174,1.320914
8406,-2.644197,-0.445042
8407,-3.065499,1.781812
8408,-2.899457,1.449729
8409,-3.692957,1.652478
8410,-2.641828,1.320914
8411,-1.977662,0.988831
8412,-3.911146,1.955573
8413,-2.635719,0.400969
8414,-3.232059,0.730682
8415,-1.005460,-0.955573
8416,-0.873502,-0.445042
8417,-3.158125,1.579063
8418,-3.335148,1.191580
8419,-3.158125,1.579063
8420,-3.824265,1.781812
8421,-1.833963,0.093187
8422,-2.099031,-1.801938
8423,-1.914041,-0.134659
8424,-3.692957,1.652478
8425,-3.528889,1.579063
8426,-2.261572,-0.955573
8427,-3.335148,1.191580
8428,-3.161387,1.365341
8429,-2.541119,0.733052
8430,-3.822291,1.911146
8431,-2.844057,0.730682
8432,-3.326140,1.781812
8433,-3.490208,1.246980
8434,-1.396440,0.698220
8435,-2.700489,1.826239
8436,-2.654083,-0.425270
8437,-1.921819,-1.889800
8438,-3.824265,1.781812
8439,-3.281713,1.826239
8440,-3.102206,1.246980
8441,-1.489885,-1.977662
8442,-2.343556,-0.658322
8443,-3.824265,1.781812
8444,-1.733246,0.500000
8445,-2.572099,-0.722521
8446,-3.326140,1.781812
8447,-2.302521,1.030303
8448,-2.964384,1.191580
8449,-3.650504,1.955573
8450,-0.880142,0.440071
8451,-1.420728,1.030303
8452,-2.181855,0.400969
8453,-2.541119,0.733052
8454,-3.232059,0.730682
8455,-3.281713,1.826239
8456,-3.528889,1.579063
8457,-3.694931,1.911146
8458,-3.484462,1.623490
8459,-3.397582,1.449729
8460,-3.088468,0.698220
8461,-3.434289,1.911146
8462,-0.288010,1.911146
8463,-2.899457,1.449729
8464,-3.333174,1.320914
8465,-0.215380,0.266948
8466,0.142985,1.320914
8467,-2.098256,0.455573
8468,-2.717704,0.698220
8469,-2.711958,1.074730
8470,-3.152379,1.955573
8471,-1.727818,-1.889800
8472,-0.787833,-0.623490
8473,-3.563623,1.781812
8474,-3.333174,1.320914
8475,-1.636943,1.074730
8476,-1.668109,-1.400969
8477,-2.181855,0.400969
8478,-2.669008,0.988831
8479,-2.810768,0.142820
8480,-2.941449,0.149460
8481,-1.988459,-1.889800
8482,-3.102206,1.246980
8483,-0.427724,0.054604
8484,-0.779516,-0.535628
8485,-1.314088,-0.074730
8486,-1.574735,-0.425270
8487,-1.171501,-0.623490
8488,-3.563623,1.781812
8489,-3.194833,1.652478
8490,-3.194833,1.652478
8491,-1.845869,0.988831
8492,-3.167133,0.988831
8493,-3.232059,0.730682
8494,-3.824265,1.781812
8495,-1.492359,1.781812
8496,-3.051264,1.365341
8497,-2.337712,0.326239
8498,-2.899457,1.449729
8499,-3.955573,1.911146
8500,-2.228125,1.365341
8501,-2.964384,1.191580
8502,-3.484462,1.623490
8503,-3.911146,1.955573
8504,-2.837543,1.579063
8505,-2.343556,-0.658322
8506,-3.088468,0.698220
8507,-3.955573,1.911146
8508,-3.911146,1.955573
8509,-3.528889,1.579063
8510,-3.095692,1.320914
8511,-3.824265,1.781812
8512,-3.779838,1.826239
8513,-3.650504,1.955573
8514,-2.563163,1.030303
8515,-3.333174,1.320914
8516,-3.333174,1.320914
8517,-3.246980,1.623490
8518,-2.576901,1.579063
8519,-0.756100,1.955573
8520,-0.729953,0.093187
8521,-1.474108,-1.400969
8522,-2.563163,1.030303
8523,-2.892753,0.440071
8524,-2.553446,0.149460
8525,-3.563623,1.781812
8526,-0.861260,0.222521
8527,-0.490512,-1.721883
8528,-2.605388,-0.134659
8529,-0.932879,0.054604
8530,-2.711958,1.074730
8531,-3.074730,0.149460
8532,-3.123202,0.900969
8533,-3.692957,1.652478
8534,-3.658223,1.449729
8535,-3.194833,1.652478
8536,-2.993868,1.030303
8537,-2.669008,0.988831
8538,-2.466259,1.191580
8539,-2.572099,-0.722521
8540,-2.371693,1.652478
8541,-1.133363,0.455573
8542,-2.641828,1.320914
8543,-1.978621,0.733052
8544,-3.955573,1.911146
8545,-3.268248,1.579063
8546,-2.899457,1.449729
8547,-3.434289,1.911146
8548,-2.964384,1.191580
8549,-3.051264,1.365341
8550,-3.088468,0.698220
8551,-0.867905,1.365341
8552,-1.801938,0.900969
8553,-1.557314,-0.109562
8554,-2.184738,-0.367711
8555,-1.005460,-0.955573
8556,-3.694931,1.911146
8557,-3.088468,0.698220
8558,-2.964384,1.191580
8559,-3.065499,1.781812
8560,-3.692957,1.652478
8561,-3.911146,1.955573
8562,-3.333174,1.320914
8563,-1.914041,-0.134659
8564,-3.824265,1.781812
8565,-3.563623,1.781812
8566,-1.760035,1.320914
8567,-2.109756,0.123490
8568,-2.500000,-1.000000
8569,-3.232059,0.730682
8570,-3.232059,0.730682
8571,-3.911146,1.955573
8572,-1.419626,-1.123490
8573,-2.835050,1.320914
8574,-2.899457,1.449729
8575,-3.246980,1.623490
8576,-3.065499,1.781812
8577,-2.899457,1.449729
8578,-2.144490,0.326239
8579,-3.658223,1.449729
8580,-3.563623,1.781812
8581,-1.727818,-1.889800
8582,-2.826042,1.911146
8583,-3.652478,1.826239
8584,-2.700489,1.826239
8585,-2.730682,1.365341
8586,-2.711958,1.074730
8587,-1.955475,-0.826239
8588,-1.492359,1.781812
8589,-2.261572,-0.955573
8590,-2.810768,0.142820
8591,-2.826042,1.911146
8592,-3.478716,2.000000
8593,-2.311457,-0.722521
8594,-3.158125,1.579063
8595,-3.484462,1.623490
8596,-2.461033,1.955573
8597,-2.700489,1.826239
8598,-2.635719,0.400969
8599,-1.836861,1.579063
8600,-2.670453,0.603718
8601,-3.333174,1.320914
8602,-2.837543,1.579063
8603,-3.102206,1.246980
8604,-3.528889,1.579063
8605,-2.242359,1.781812
8606,-3.658223,1.449729
8607,-3.268248,1.579063
8608,-1.977662,0.988831
8609,-2.938128,0.142820
8610,-3.650504,1.955573
8611,-2.641828,1.320914
8612,-1.978621,0.733052
8613,-1.683887,-1.977662
8614,-1.384971,1.449729
8615,-3.658223,1.449729
8616,-2.892753,0.440071
8617,-0.669220,1.781812
8618,-1.988459,-1.889800
8619,-2.056191,-1.233052
8620,-3.911146,1.955573
8621,-2.873202,0.400969
8622,-3.824265,1.781812
8623,-3.658223,1.449729
8624,-3.304955,1.652478
8625,-3.335148,1.191580
8626,-1.229497,0.266948
8627,-1.121986,-0.722521
8628,-0.652478,0.326239
8629,-2.015156,0.455573
8630,-3.281713,1.826239
8631,-3.281713,1.826239
8632,-3.528889,1.579063
8633,-0.928928,-1.233052
8634,-0.983709,-1.123490
8635,-3.088468,0.698220
8636,-1.170844,-1.233052
8637,-1.442336,-1.211352
8638,-2.641828,1.320914
8639,-3.911146,1.955573
8640,-3.911146,1.955573
8641,-1.824442,1.449729
8642,-3.779838,1.826239
8643,-2.872277,1.781812
8644,-1.934194,0.777479
8645,-0.939778,-1.211352
8646,-1.394005,0.455573
8647,-1.349189,0.603718
8648,-3.528889,1.579063
8649,-1.648630,-0.277479
8650,-3.692957,1.652478
8651,-3.123202,0.900969
8652,-3.484462,1.623490
8653,-2.563163,1.030303
8654,-2.873202,0.400969
8655,-3.484462,1.623490
8656,-3.161387,1.365341
8657,-1.813332,-0.722521
8658,-2.430339,0.123490
8659,-2.793116,1.623490
8660,-2.899457,1.449729
8661,-3.065499,1.781812
8662,-3.335148,1.191580
8663,-0.151626,1.579063
8664,-1.922262,1.652478
8665,-3.326140,1.781812
8666,-3.563623,1.781812
8667,-2.605388,-0.134659
8668,-2.184738,-0.367711
8669,-2.208111,1.449729
8670,-3.065499,1.781812
8671,-2.899457,1.449729
8672,-3.824265,1.781812
8673,-3.167133,0.988831
8674,-3.397582,1.449729
8675,0.001504,0.400969
8676,-2.181855,0.400969
8677,-3.528889,1.579063
8678,-2.541119,0.733052
8679,-2.964384,1.191580
8680,-2.669008,0.988831
8681,-3.563623,1.781812
8682,-1.375695,-1.211352
8683,-1.420728,1.030303
8684,-2.711958,1.074730
8685,-3.563623,1.781812
8686,-3.281713,1.826239
8687,-3.102206,1.246980
8688,-0.078499,0.123490
8689,-2.242359,1.781812
8690,-3.779838,1.826239
8691,-3.095692,1.320914
8692,-3.326140,1.781812
8693,-3.911146,1.955573
8694,-3.658223,1.449729
8695,-2.302521,1.030303
8696,-2.563163,1.030303
8697,-3.911146,1.955573
8698,-3.268248,1.579063
8699,-3.824265,1.781812
8700,-1.977662,0.988831
8701,-2.899457,1.449729
8702,-3.484462,1.623490
8703,-3.911146,1.955573
8704,-3.232059,0.730682
8705,-2.837543,1.579063
8706,-1.926590,-0.109562
8707,-2.670453,0.603718
8708,-1.873490,-1.123490
8709,-1.198511,1.030303
8710,-2.883745,1.030303
8711,-2.885719,0.900969
8712,-3.658223,1.449729
8713,-2.060606,1.030303
8714,-2.272552,1.320914
8715,-0.756100,1.955573
8716,-2.872277,1.781812
8717,-2.431855,0.900969
8718,-1.858780,0.142820
8719,-1.801938,0.900969
8720,-2.181855,0.400969
8721,-2.941449,0.149460
8722,-3.158125,1.579063
8723,-3.490208,1.246980
8724,-3.158125,1.579063
8725,-3.167133,0.988831
8726,-3.333174,1.320914
8727,-3.484462,1.623490
8728,-1.955475,-0.826239
8729,-0.932879,0.054604
8730,-2.605388,-0.134659
8731,-3.335148,1.191580
8732,-3.158125,1.579063
8733,-3.822291,1.911146
8734,-2.793116,1.623490
8735,-3.324167,1.911146
8736,-3.304955,1.652478
8737,-3.650504,1.955573
8738,-3.478716,2.000000
8739,-3.333174,1.320914
8740,-3.822291,1.911146
8741,-2.793116,1.623490
8742,-3.158125,1.579063
8743,-3.335148,1.191580
8744,-3.324167,1.911146
8745,-3.304955,1.652478
8746,-2.347897,0.733052
8747,-3.824265,1.781812
8748,-3.158125,1.579063
8749,-0.521367,-0.277479
8750,-1.229693,-1.889800
8751,-1.890808,-0.955573
8752,-2.110972,-1.123490
8753,-2.228125,1.365341
8754,-0.966034,-0.162592
8755,-0.500689,-0.365341
8756,-2.700489,1.826239
8757,-2.810768,0.142820
8758,-2.899457,1.449729
8759,-3.158125,1.579063
8760,-3.911146,1.955573
8761,-3.335148,1.191580
8762,-3.158125,1.579063
8763,-1.945199,0.149460
8764,-3.658223,1.449729
8765,-3.161387,1.365341
8766,-2.654083,-0.425270
8767,-3.397582,1.449729
8768,-3.484462,1.623490
8769,-3.911146,1.955573
8770,-3.152379,1.955573
8771,-2.383160,1.191580
8772,-2.343556,-0.658322
8773,-3.658223,1.449729
8774,-2.641828,1.320914
8775,-1.179763,1.911146
8776,-3.650504,1.955573
8777,-3.652478,1.826239
8778,-3.065499,1.781812
8779,-3.658223,1.449729
8780,-3.822291,1.911146
8781,-1.261910,1.320914
8782,-2.576901,1.579063
8783,-2.461033,1.955573
8784,-3.434289,1.911146
8785,-2.859464,-0.147791
8786,-3.528889,1.579063
8787,-3.427775,0.988831
8788,-2.873202,0.400969
8789,-2.144490,0.326239
8790,-3.955573,1.911146
8791,-3.268248,1.579063
8792,-3.528889,1.579063
8793,-0.256645,0.142820
8794,0.673761,1.652478
8795,-2.526723,-0.425270
8796,-2.540461,0.123490
8797,-3.051264,1.365341
8798,-3.088468,0.698220
8799,-1.734301,-1.488831
8800,-1.727818,-1.889800
8801,-2.347897,0.733052
8802,-3.167133,0.988831
8803,-3.246980,1.623490
8804,-2.793116,1.623490
8805,-2.706235,1.449729
8806,-3.161387,1.365341
8807,-3.911146,1.955573
8808,-3.326140,1.781812
8809,-2.835050,1.320914
8810,-2.892753,0.440071
8811,-2.717704,0.698220
8812,-3.652478,1.826239
8813,-1.978621,0.733052
8814,-1.977662,0.988831
8815,-3.484462,1.623490
8816,-2.844057,0.730682
8817,-2.844057,0.730682
8818,-2.431855,0.900969
8819,-3.658223,1.449729
8820,-3.652478,1.826239
8821,-3.826239,1.652478
8822,-3.822291,1.911146
8823,-3.911146,1.955573
8824,-1.384971,1.449729
8825,-3.324167,1.911146
8826,-3.822291,1.911146
8827,-3.095692,1.320914
8828,-3.658223,1.449729
8829,-2.873202,0.400969
8830,-2.493959,1.246980
8831,-3.650504,1.955573
8832,-3.304955,1.652478
8833,-3.333174,1.320914
8834,-3.658223,1.449729
8835,-3.215828,0.698220
8836,-2.176109,0.777479
8837,-3.652478,1.826239
8838,-3.304955,1.652478
8839,-2.176109,0.777479
8840,-3.246980,1.623490
8841,-2.873202,0.400969
8842,-2.100697,-0.147791
8843,-2.005777,-1.721883
8844,-1.441541,-1.466104
8845,-1.858780,0.142820
8846,-2.266948,-1.466104
8847,-1.683887,-1.977662
8848,-0.880142,0.440071
8849,-2.440004,0.142820
8850,-0.589531,0.730682
8851,-2.696708,1.652478
8852,-3.650504,1.955573
8853,-3.779838,1.826239
8854,-0.567329,-0.365341
8855,-3.281713,1.826239
8856,-3.088468,0.698220
8857,-3.623490,1.246980
8858,-2.336959,1.449729
8859,-3.694931,1.911146
8860,-3.232059,0.730682
8861,-3.528889,1.579063
8862,-3.694931,1.911146
8863,-3.779838,1.826239
8864,-3.779838,1.826239
8865,-3.326140,1.781812
8866,-3.623490,1.246980
8867,-3.911146,1.955573
8868,-2.563163,1.030303
8869,-3.088468,0.698220
8870,-2.742943,1.911146
8871,-3.194833,1.652478
8872,-3.779838,1.826239
8873,-2.993868,1.030303
8874,-2.136480,0.698220
8875,-2.711958,1.074730
8876,-2.163198,1.623490
8877,-3.051264,1.365341
8878,0.269318,-0.134659
8879,-3.397582,1.449729
8880,-1.890808,-0.955573
8881,-2.576901,1.579063
8882,-2.347897,0.733052
8883,-3.563623,1.781812
8884,-3.484462,1.623490
8885,-2.163198,1.623490
8886,-1.934194,0.777479
8887,-0.021523,0.142820
8888,0.253099,0.326239
8889,-2.383160,1.191580
8890,-3.824265,1.781812
8891,-1.397882,0.603718
8892,-3.324167,1.911146
8893,-2.374152,1.781812
8894,-1.906779,-0.535628
8895,-2.065597,-0.826239
8896,-3.462508,1.191580
8897,-3.779838,1.826239
8898,-2.669008,0.988831
8899,-3.692957,1.652478
8900,-3.528889,1.579063
8901,-2.461033,1.955573
8902,-3.650504,1.955573
8903,-3.462508,1.191580
8904,-2.163198,1.623490
8905,-2.563163,1.030303
8906,0.175738,1.623490
8907,-3.051264,1.365341
8908,-3.153395,0.440071
8909,-3.462508,1.191580
8910,-2.885719,0.900969
8911,-2.235810,0.730682
8912,-1.154522,0.988831
8913,-2.440004,0.142820
8914,-2.859464,-0.147791
8915,-2.109756,0.123490
8916,-3.153395,0.440071
8917,-3.623490,1.246980
8918,-1.349189,0.603718
8919,-1.717979,0.733052
8920,-3.824265,1.781812
8921,0.806302,-0.277479
8922,-2.144490,0.326239
8923,-2.641828,1.320914
8924,-3.658223,1.449729
8925,-3.246980,1.623490
8926,-3.528889,1.579063
8927,-1.978716,-1.000000
8928,-1.760035,1.320914
8929,-2.576901,1.579063
8930,-2.100697,-0.147791
8931,-1.636943,1.074730
8932,-2.136480,0.698220
8933,-2.899457,1.449729
8934,-2.870469,2.000000
8935,-3.281713,1.826239
8936,-1.845869,0.988831
8937,-0.417598,-0.367711
8938,-1.988459,-1.889800
8939,-1.811776,-1.721883
8940,-1.170753,0.149460
8941,-1.149815,1.320914
8942,-1.890808,-0.955573
8943,-3.658223,1.449729
8944,-3.281713,1.826239
8945,-2.576901,1.579063
8946,-3.692957,1.652478
8947,-2.541119,0.733052
8948,-2.598822,-0.147791
8949,-3.281713,1.826239
8950,-3.123202,0.900969
8951,-3.232059,0.730682
8952,-2.938128,0.142820
8953,-3.397582,1.449729
8954,-2.181855,0.400969
8955,-0.602063,-0.162592
8956,-3.658223,1.449729
8957,-3.955573,1.911146
8958,-3.326140,1.781812
8959,-0.787833,-0.623490
8960,-0.602063,-0.162592
8961,-3.484462,1.623490
8962,-1.977662,0.988831
8963,-1.978621,0.733052
8964,-1.262697,0.326239
8965,-3.434289,1.911146
8966,-3.281713,1.826239
8967,-3.650504,1.955573
8968,-2.837543,1.579063
8969,-3.692957,1.652478
8970,-2.371693,1.652478
8971,-3.824265,1.781812
8972,-3.694931,1.911146
8973,-3.102206,1.246980
8974,-2.056191,-1.233052
8975,-3.434289,1.911146
8976,-3.397582,1.449729
8977,-3.088468,0.698220
8978,-2.149460,1.074730
8979,-3.397582,1.449729
8980,-2.106074,-0.658322
8981,-2.964384,1.191580
8982,-3.563623,1.781812
8983,-3.563623,1.781812
8984,-3.779838,1.826239
8985,-3.528889,1.579063
8986,-3.051264,1.365341
8987,-2.367905,-0.134659
8988,-3.692957,1.652478
8989,-3.911146,1.955573
8990,-2.343556,-0.658322
8991,-2.938128,0.142820
8992,-2.374152,1.781812
8993,-3.397582,1.449729
8994,-2.711958,1.074730
8995,-3.824265,1.781812
8996,-3.281713,1.826239
8997,-2.302521,1.030303
8998,-2.837543,1.579063
8999,-3.824265,1.781812
9000,-2.859464,-0.147791
9001,-1.229693,-1.889800
9002,-2.598822,-0.147791
9003,-3.281713,1.826239
9004,-3.434289,1.911146
9005,-3.528889,1.579063
9006,-2.208111,1.449729
9007,-3.658223,1.449729
9008,-3.246980,1.623490
9009,-3.102206,1.246980
9010,-3.427775,0.988831
9011,-1.169803,1.911146
9012,-2.311457,-0.722521
9013,-3.335148,1.191580
9014,-3.824265,1.781812
9015,-2.334986,1.579063
9016,-2.060606,1.030303
9017,-3.658223,1.449729
9018,-3.365341,0.730682
9019,-3.158125,1.579063
9020,-3.650504,1.955573
9021,-2.826042,1.911146
9022,-3.490208,1.246980
9023,-2.541119,0.733052
9024,-3.304955,1.652478
9025,-1.727818,-1.889800
9026,-0.873502,-0.445042
9027,-2.430339,0.123490
9028,-0.088566,-1.634021
9029,-1.330319,-0.914101
9030,-3.281713,1.826239
9031,-2.316833,-1.233052
9032,-2.440004,0.142820
9033,-3.123202,0.900969
9034,-3.563623,1.781812
9035,-2.518736,1.074730
9036,-2.461033,1.955573
9037,-3.658223,1.449729
9038,-2.347897,0.733052
9039,-1.845869,0.988831
9040,-2.374152,1.781812
9041,-3.779838,1.826239
9042,-3.333174,1.320914
9043,-3.658223,1.449729
9044,-2.885719,0.900969
9045,-2.109756,0.123490
9046,-2.440004,0.142820
9047,-1.279149,1.191580
9048,-1.086885,-1.400969
9049,-2.859464,-0.147791
9050,-3.528889,1.579063
9051,-1.637893,1.955573
9052,-3.528889,1.579063
9053,-1.933731,0.900969
9054,-3.333174,1.320914
9055,-3.232059,0.730682
9056,-3.427775,0.988831
9057,-3.692957,1.652478
9058,-2.065597,-0.826239
9059,-2.993868,1.030303
9060,-3.658223,1.449729
9061,-3.563623,1.781812
9062,-3.824265,1.781812
9063,-2.461033,1.955573
9064,-2.431855,0.900969
9065,-3.281713,1.826239
9066,-3.694931,1.911146
9067,-2.500000,-1.000000
9068,-2.541119,0.733052
9069,-3.281713,1.826239
9070,-2.837543,1.579063
9071,-3.462508,1.191580
9072,-1.244415,0.988831
9073,-0.447247,0.730682
9074,-1.394005,0.455573
9075,-1.719513,1.246980
9076,-3.824265,1.781812
9077,-3.484462,1.623490
9078,-1.695108,1.579063
9079,-2.141244,1.191580
9080,-1.592048,0.093187
9081,0.358917,1.449729
9082,-2.993868,1.030303
9083,-2.563163,1.030303
9084,-3.281713,1.826239
9085,-3.246980,1.623490
9086,-1.695108,1.579063
9087,-2.964384,1.191580
9088,-3.528889,1.579063
9089,-3.779838,1.826239
9090,-2.410859,1.246980
9091,-1.442336,-1.211352
9092,-3.822291,1.911146
9093,-3.095692,1.320914
9094,-3.065499,1.781812
9095,-3.304955,1.652478
9096,-2.256195,-0.445042
9097,-1.845869,0.988831
9098,-3.656250,1.579063
9099,-2.654083,-0.425270
9100,-3.246980,1.623490
9101,-3.563623,1.781812
9102,-2.892753,0.440071
9103,-2.641828,1.320914
9104,-3.563623,1.781812
9105,-2.208111,1.449729
9106,-2.242359,1.781812
9107,-3.650504,1.955573
9108,-1.762008,1.191580
9109,-2.844057,0.730682
9110,-3.911146,1.955573
9111,-3.824265,1.781812
9112,-2.060606,1.030303
9113,-2.635719,0.400969
9114,-3.563623,1.781812
9115,-3.335148,1.191580
9116,-1.955475,-0.826239
9117,-2.431855,0.900969
9118,-3.528889,1.579063
9119,-3.167133,0.988831
9120,-3.484462,1.623490
9121,-3.692957,1.652478
9122,-2.388932,-0.955573
9123,-2.885719,0.900969
9124,-0.983709,-1.123490
9125,-3.335148,1.191580
9126,-3.304955,1.652478
9127,-3.304955,1.652478
9128,-2.060606,1.030303
9129,-1.855707,-1.634021
9130,-0.576416,-0.658322
9131,-1.409351,-0.147791
9132,-0.688917,1.781812
9133,-2.106074,-0.658322
9134,-3.161387,1.365341
9135,-3.822291,1.911146
9136,-3.152379,1.955573
9137,-3.658223,1.449729
9138,-2.711958,1.074730
9139,-3.490208,1.246980
9140,-2.383160,1.191580
9141,-3.333174,1.320914
9142,-3.158125,1.579063
9143,-3.326140,1.781812
9144,-3.215828,0.698220
9145,-3.365341,0.730682
9146,-2.835050,1.320914
9147,-2.700489,1.826239
9148,-3.153395,0.440071
9149,-3.335148,1.191580
9150,-1.558067,-1.233052
9151,-3.490208,1.246980
9152,-3.333174,1.320914
9153,-3.911146,1.955573
9154,-3.656250,1.579063
9155,-1.168783,-0.365341
9156,-2.777479,-0.445042
9157,-1.914041,-0.134659
9158,-1.690819,-1.488831
9159,-2.598822,-0.147791
9160,-3.652478,1.826239
9161,-2.859464,-0.147791
9162,-3.335148,1.191580
9163,-2.294861,-0.367711
9164,-2.166234,-1.400969
9165,-1.858780,0.142820
9166,-3.658223,1.449729
9167,-2.700489,1.826239
9168,-2.208111,1.449729
9169,-2.641828,1.320914
9170,-3.333174,1.320914
9171,-1.988459,-1.889800
9172,-2.598822,-0.147791
9173,-2.717704,0.698220
9174,-1.270918,0.730682
9175,-3.822291,1.911146
9176,-3.397582,1.449729
9177,-1.154522,0.988831
9178,-0.319126,-0.162592
9179,-3.692957,1.652478
9180,-2.644197,-0.445042
9181,-2.367905,-0.134659
9182,-3.281713,1.826239
9183,-1.149815,1.320914
9184,-1.361599,-0.367711
9185,-2.184738,-0.367711
9186,-2.605388,-0.134659
9187,-3.528889,1.579063
9188,-3.462508,1.191580
9189,-3.911146,1.955573
9190,-3.528889,1.579063
9191,-1.229693,-1.889800
9192,-2.005777,-1.721883
9193,-3.623490,1.246980
9194,-2.208111,1.449729
9195,-2.964384,1.191580
9196,-1.568917,-1.211352
9197,-0.212537,0.054604
9198,-2.835050,1.320914
9199,-2.337712,0.326239
9200,-3.397582,1.449729
9201,-2.706235,1.449729
9202,-1.462714,0.222521
9203,-3.822291,1.911146
9204,-3.490208,1.246980
9205,-3.652478,1.826239
9206,-0.309692,0.455573
9207,-1.824442,1.449729
9208,-3.326140,1.781812
9209,-2.883745,1.030303
9210,-3.490208,1.246980
9211,-2.641828,1.320914
9212,-2.899457,1.449729
9213,-2.461033,1.955573
9214,-3.326140,1.781812
9215,-2.334986,1.579063
9216,-3.563623,1.781812
9217,-2.541119,0.733052
9218,-2.700489,1.826239
9219,0.194373,0.099031
9220,-0.602063,-0.162592
9221,-3.326140,1.781812
9222,-2.598822,-0.147791
9223,-2.367905,-0.134659
9224,-2.892753,0.440071
9225,-3.528889,1.579063
9226,-3.911146,1.955573
9227,-3.822291,1.911146
9228,-3.158125,1.579063
9229,-2.700489,1.826239
9230,-3.650504,1.955573
9231,-3.650504,1.955573
9232,-3.826239,1.652478
9233,-3.123202,0.900969
9234,-3.397582,1.449729
9235,-3.652478,1.826239
9236,-1.406715,-0.277479
9237,-3.822291,1.911146
9238,-3.158125,1.579063
9239,-2.700489,1.826239
9240,-2.872277,1.781812
9241,-1.116526,0.733052
9242,-3.333174,1.320914
9243,-2.885719,0.900969
9244,-1.074632,0.054604
9245,-0.824281,-0.162592
9246,-3.215828,0.698220
9247,-2.780575,0.603718
9248,-2.635719,0.400969
9249,-2.598822,-0.147791
9250,-1.214222,1.449729
9251,-2.859464,-0.147791
9252,-1.647948,-0.445042
9253,-3.462508,1.191580
9254,-1.978621,0.733052
9255,-3.563623,1.781812
9256,-2.109756,0.123490
9257,-2.144490,0.326239
9258,0.215734,0.400969
9259,-1.244415,0.988831
9260,-3.333174,1.320914
9261,-2.015156,0.455573
9262,-1.601453,0.500000
9263,-3.955573,1.911146
9264,-3.779838,1.826239
9265,-2.347897,0.733052
9266,-3.152379,1.955573
9267,-2.302521,1.030303
9268,-1.634892,-0.826239
9269,-2.394628,0.440071
9270,-0.974766,1.579063
9271,-2.334986,1.579063
9272,-3.822291,1.911146
9273,-3.095692,1.320914
9274,-3.326140,1.781812
9275,-3.215828,0.698220
9276,-3.824265,1.781812
9277,-3.095692,1.320914
9278,0.192876,1.781812
9279,-3.152379,1.955573
9280,-3.911146,1.955573
9281,-3.650504,1.955573
9282,-1.466104,0.733052
9283,-2.261572,-0.955573
9284,-0.784266,0.900969
9285,-0.712714,0.222521
9286,-3.427775,0.988831
9287,-3.326140,1.781812
9288,-3.658223,1.449729
9289,-0.382320,0.988831
9290,-2.883745,1.030303
9291,-1.551938,0.400969
9292,-2.711958,1.074730
9293,-3.822291,1.911146
9294,-3.158125,1.579063
9295,-2.367905,-0.134659
9296,-2.730682,1.365341
9297,-3.326140,1.781812
9298,-3.656250,1.579063
9299,-3.246980,1.623490
9300,-3.158125,1.579063
9301,-2.885719,0.900969
9302,-3.215828,0.698220
9303,-2.493959,1.246980
9304,-1.858780,0.142820
9305,-2.060606,1.030303
9306,-3.153395,0.440071
9307,-3.123202,0.900969
9308,-3.335148,1.191580
9309,-1.703282,0.440071
9310,-3.658223,1.449729
9311,-2.859464,-0.147791
9312,-2.883745,1.030303
9313,-3.158125,1.579063
9314,-2.810768,0.142820
9315,-2.598822,-0.147791
9316,-2.711958,1.074730
9317,-3.158125,1.579063
9318,-2.941449,0.149460
9319,-2.635719,0.400969
9320,-3.824265,1.781812
9321,-3.650504,1.955573
9322,-2.873202,0.400969
9323,-3.824265,1.781812
9324,-3.335148,1.191580
9325,-3.335148,1.191580
9326,-3.304955,1.652478
9327,-2.605388,-0.134659
9328,-2.700489,1.826239
9329,-1.445881,-0.074730
9330,-3.304955,1.652478
9331,-3.652478,1.826239
9332,-3.652478,1.826239
9333,-1.922262,1.652478
9334,-1.906779,-0.535628
9335,-2.892753,0.440071
9336,-0.928928,-1.233052
9337,-1.051938,0.900969
9338,-3.694931,1.911146
9339,-3.281713,1.826239
9340,-2.272552,1.320914
9341,-2.964384,1.191580
9342,-1.681370,1.030303
9343,-3.824265,1.781812
9344,-3.484462,1.623490
9345,-3.484462,1.623490
9346,-3.822291,1.911146
9347,-3.324167,1.911146
9348,-3.335148,1.191580
9349,-1.198511,1.030303
9350,-0.169409,-0.109562
9351,-2.155959,-0.425270
9352,-3.326140,1.781812
9353,-2.367905,-0.134659
9354,-3.824265,1.781812
9355,-3.826239,1.652478
9356,-2.430339,0.123490
9357,-2.883745,1.030303
9358,-2.885719,0.900969
9359,-2.311457,-0.722521
9360,-2.605388,-0.134659
9361,-2.730682,1.365341
9362,-0.415545,-0.535628
9363,-0.241532,0.054604
9364,-1.801938,0.900969
9365,-1.652210,-0.658322
9366,-0.586211,-0.147791
9367,-1.396440,0.698220
9368,-3.324167,1.911146
9369,-1.207436,0.603718
9370,-2.654083,-0.425270
9371,-3.335148,1.191580
9372,-3.324167,1.911146
9373,-2.349870,0.603718
9374,-3.324167,1.911146
9375,-3.658223,1.449729
9376,-2.394628,0.440071
9377,-3.911146,1.955573
9378,-3.911146,1.955573
9379,-0.022338,0.011169
9380,-3.304955,1.652478
9381,-3.650504,1.955573
9382,-2.272552,1.320914
9383,-3.158125,1.579063
9384,-2.394628,0.440071
9385,-2.874250,1.652478
9386,-2.941449,0.149460
9387,-3.324167,1.911146
9388,-2.730682,1.365341
9389,-3.650504,1.955573
9390,-0.823226,0.326239
9391,-3.152379,1.955573
9392,-3.658223,1.449729
9393,-1.132335,-0.826239
9394,-1.775215,0.326239
9395,-1.592048,0.093187
9396,-1.652210,-0.658322
9397,-2.383160,1.191580
9398,-1.858780,0.142820
9399,-3.656250,1.579063
9400,-3.822291,1.911146
9401,-3.652478,1.826239
9402,-3.826239,1.652478
9403,-3.333174,1.320914
9404,-3.911146,1.955573
9405,-2.383160,1.191580
9406,-1.396440,0.698220
9407,-1.039051,0.266948
9408,-2.810768,0.142820
9409,-2.572099,-0.722521
9410,-1.558725,-0.623490
9411,-3.484462,1.623490
9412,-2.302521,1.030303
9413,-3.650504,1.955573
9414,-3.153395,0.440071
9415,0.050576,-0.134659
9416,-1.384971,1.449729
9417,-2.669008,0.988831
9418,-0.176865,-0.074730
9419,-1.690819,-1.488831
9420,-2.228125,1.365341
9421,-1.557314,-0.109562
9422,-1.441541,-1.466104
9423,-0.686458,-0.826239
9424,-2.892753,0.440071
9425,-1.574293,-1.721883
9426,-0.932879,0.054604
9427,-1.349578,0.500000
9428,-2.572099,-0.722521
9429,-1.253943,-1.233052
9430,-3.478716,2.000000
9431,-2.700489,1.826239
9432,-2.941449,0.149460
9433,-1.474108,-1.400969
9434,-0.602063,-0.162592
9435,-2.837543,1.579063
9436,-3.088468,0.698220
9437,-3.326140,1.781812
9438,-2.964384,1.191580
9439,-1.550062,0.900969
9440,-1.934194,0.777479
9441,-2.644197,-0.445042
9442,-2.793116,1.623490
9443,-3.095692,1.320914
9444,-1.011473,1.652478
9445,-0.229775,0.011169
9446,-3.779838,1.826239
9447,-2.872277,1.781812
9448,-3.088468,0.698220
9449,-3.074730,0.149460
9450,-3.095692,1.320914
9451,-2.717704,0.698220
9452,-3.656250,1.579063
9453,-3.656250,1.579063
9454,0.369625,0.093187
9455,-0.197601,-0.033258
9456,-0.237965,1.579063
9457,-2.302521,1.030303
9458,-3.528889,1.579063
9459,-3.095692,1.320914
9460,-1.637893,1.955573
9461,-2.109756,0.123490
9462,-2.964384,1.191580
9463,-3.955573,1.911146
9464,-3.462508,1.191580
9465,-0.371614,-0.623490
9466,-0.855884,0.733052
9467,-3.427775,0.988831
9468,-2.563163,1.030303
9469,-3.866718,2.000000
9470,-3.528889,1.579063
9471,-2.899457,1.449729
9472,-0.763270,1.246980
9473,-0.789708,-1.123490
9474,-0.983709,-1.123490
9475,-3.955573,1.911146
9476,-3.167133,0.988831
9477,-2.670453,0.603718
9478,-3.065499,1.781812
9479,-3.123202,0.900969
9480,-3.281713,1.826239
9481,-2.837543,1.579063
9482,-3.065499,1.781812
9483,-2.242359,1.781812
9484,-2.859464,-0.147791
9485,-3.911146,1.955573
9486,-3.152379,1.955573
9487,-3.161387,1.365341
9488,-3.326140,1.781812
9489,-2.899457,1.449729
9490,-3.304955,1.652478
9491,-4.000000,2.000000
9492,-3.490208,1.246980
9493,-3.158125,1.579063
9494,-3.335148,1.191580
9495,-3.490208,1.246980
9496,-3.158125,1.579063
9497,-3.563623,1.781812
9498,-2.056191,-1.233052
9499,-1.773241,0.455573
9500,1.413021,-0.955573
9501,-0.521367,-0.277479
9502,-2.242359,1.781812
9503,-2.136480,0.698220
9504,-2.938128,0.142820
9505,-2.461033,1.955573
9506,-3.102206,1.246980
9507,-3.434289,1.911146
9508,-2.394628,0.440071
9509,-3.694931,1.911146
9510,-2.272552,1.320914
9511,-2.136480,0.698220
9512,-0.666236,-1.634021
9513,-2.572099,-0.722521
9514,-1.634892,-0.826239
9515,-3.194833,1.652478
9516,-2.563163,1.030303
9517,-3.462508,1.191580
9518,-3.397582,1.449729
9519,-1.944528,-1.977662
9520,-1.588247,1.365341
9521,-2.176109,0.777479
9522,-2.374152,1.781812
9523,-2.163198,1.623490
9524,-0.338389,0.900969
9525,-3.490208,1.246980
9526,-3.158125,1.579063
9527,-1.396440,0.698220
9528,-3.911146,1.955573
9529,-1.762008,1.191580
9530,-2.892753,0.440071
9531,-2.098256,0.455573
9532,-1.760035,1.320914
9533,-2.717704,0.698220
9534,-0.823226,0.326239
9535,-2.374152,1.781812
9536,-2.168944,1.246980
9537,-3.158125,1.579063
9538,-2.793116,1.623490
9539,-3.397582,1.449729
9540,-2.885719,0.900969
9541,-2.872277,1.781812
9542,-2.883745,1.030303
9543,-3.335148,1.191580
9544,-1.858780,0.142820
9545,-3.365341,0.730682
9546,-3.826239,1.652478
9547,-3.563623,1.781812
9548,-3.161387,1.365341
9549,-3.822291,1.911146
9550,-1.933731,0.900969
9551,-3.822291,1.911146
9552,-3.324167,1.911146
9553,-3.563623,1.781812
9554,-3.563623,1.781812
9555,-3.065499,1.781812
9556,-2.810768,0.142820
9557,-3.158125,1.579063
9558,-2.334986,1.579063
9559,-2.337712,0.326239
9560,-3.095692,1.320914
9561,-3.153395,0.440071
9562,-2.383160,1.191580
9563,-3.152379,1.955573
9564,-3.563623,1.781812
9565,-1.637893,1.955573
9566,-3.158125,1.579063
9567,-2.885719,0.900969
9568,-3.304955,1.652478
9569,-2.899457,1.449729
9570,-3.824265,1.781812
9571,-3.652478,1.826239
9572,-3.822291,1.911146
9573,-2.334986,1.579063
9574,-3.650504,1.955573
9575,-0.702281,0.603718
9576,-2.874250,1.652478
9577,-2.892753,0.440071
9578,-0.855884,0.733052
9579,-2.605388,-0.134659
9580,0.735422,-0.367711
9581,-1.462714,0.222521
9582,-1.349578,0.500000
9583,-3.650504,1.955573
9584,-0.272729,0.988831
9585,1.638965,-0.535628
9586,-0.911146,0.455573
9587,-2.011910,1.320914
9588,-2.208111,1.449729
9589,-1.636943,1.074730
9590,-2.883745,1.030303
9591,-3.484462,1.623490
9592,-0.789708,-1.123490
9593,-2.106074,-0.658322
9594,-2.899457,1.449729
9595,-3.051264,1.365341
9596,-2.892753,0.440071
9597,-3.484462,1.623490
9598,-2.563163,1.030303
9599,-2.576901,1.579063
9600,-3.692957,1.652478
9601,-3.397582,1.449729
9602,-3.281713,1.826239
9603,-3.692957,1.652478
9604,-2.899457,1.449729
9605,-3.326140,1.781812
9606,-2.576901,1.579063
9607,-3.528889,1.579063
9608,-3.333174,1.320914
9609,-2.793116,1.623490
9610,-1.233709,-0.623490
9611,-0.140335,-0.147791
9612,-0.195054,-1.801938
9613,-0.712714,0.222521
9614,-2.742943,1.911146
9615,-2.964384,1.191580
9616,-3.484462,1.623490
9617,-2.837543,1.579063
9618,-2.870469,2.000000
9619,-3.866718,2.000000
9620,-3.194833,1.652478
9621,-3.824265,1.781812
9622,-3.095692,1.320914
9623,-2.870469,2.000000
9624,-2.598822,-0.147791
9625,-2.670453,0.603718
9626,-2.431855,0.900969
9627,-2.541119,0.733052
9628,-3.650504,1.955573
9629,-3.955573,1.911146
9630,-3.088468,0.698220
9631,-2.670453,0.603718
9632,-2.526723,-0.425270
9633,-2.938128,0.142820
9634,-3.074730,0.149460
9635,-2.892753,0.440071
9636,-3.397582,1.449729
9637,-3.779838,1.826239
9638,-3.692957,1.652478
9639,-3.694931,1.911146
9640,-3.281713,1.826239
9641,-2.518736,1.074730
9642,-2.149460,1.074730
9643,0.858223,-0.109562
9644,-1.760035,1.320914
9645,-3.123202,0.900969
9646,-0.186374,0.093187
9647,-0.718169,-0.658322
9648,-1.088404,-0.914101
9649,-1.864156,-0.367711
9650,-3.123202,0.900969
9651,-3.652478,1.826239
9652,-0.259965,0.149460
9653,-3.656250,1.579063
9654,-3.824265,1.781812
9655,-2.892753,0.440071
9656,-4.000000,2.000000
9657,-3.652478,1.826239
9658,-2.899457,1.449729
9659,-3.658223,1.449729
9660,-3.167133,0.988831
9661,-2.394628,0.440071
9662,-2.394628,0.440071
9663,-1.988459,-1.889800
9664,-1.890808,-0.955573
9665,-0.722906,-0.365341
9666,-3.246980,1.623490
9667,-2.336959,1.449729
9668,-1.914041,-0.134659
9669,-1.813332,-0.722521
9670,-1.634892,-0.826239
9671,-2.526723,-0.425270
9672,0.246153,0.603718
9673,-2.256195,-0.445042
9674,-2.394628,0.440071
9675,-3.822291,1.911146
9676,-3.650504,1.955573
9677,-3.335148,1.191580
9678,-2.166234,-1.400969
9679,-3.167133,0.988831
9680,-2.431855,0.900969
9681,-2.874250,1.652478
9682,-3.652478,1.826239
9683,-2.899457,1.449729
9684,-3.824265,1.781812
9685,-3.822291,1.911146
9686,-3.215828,0.698220
9687,-3.911146,1.955573
9688,-2.835050,1.320914
9689,-3.153395,0.440071
9690,-3.158125,1.579063
9691,-3.656250,1.579063
9692,-3.333174,1.320914
9693,-2.572099,-0.722521
9694,-2.835050,1.320914
9695,-2.605388,-0.134659
9696,-1.229497,0.266948
9697,-1.155045,-0.914101
9698,-0.275975,0.123490
9699,-1.789708,1.246980
9700,-1.349189,0.603718
9701,-3.824265,1.781812
9702,-1.824442,1.449729
9703,-2.696708,1.652478
9704,-0.503178,1.449729
9705,-3.088468,0.698220
9706,-1.574735,-0.425270
9707,-3.427775,0.988831
9708,-3.167133,0.988831
9709,-2.837543,1.579063
9710,-2.526723,-0.425270
9711,-2.367905,-0.134659
9712,-3.051264,1.365341
9713,-3.051264,1.365341
9714,-3.694931,1.911146
9715,-3.623490,1.246980
9716,-3.123202,0.900969
9717,-2.605388,-0.134659
9718,-2.742943,1.911146
9719,-1.551012,1.781812
9720,-2.563163,1.030303
9721,-3.623490,1.246980
9722,-3.462508,1.191580
9723,-3.528889,1.579063
9724,-2.015156,0.455573
9725,-1.914041,-0.134659
9726,-1.637893,1.955573
9727,-2.337712,0.326239
9728,-3.462508,1.191580
9729,-2.526723,-0.425270
9730,-2.576901,1.579063
9731,-3.528889,1.579063
9732,-2.242359,1.781812
9733,-3.563623,1.781812
9734,-3.824265,1.781812
9735,-3.650504,1.955573
9736,-0.686069,-0.722521
9737,-0.866720,-1.233052
9738,-0.607038,-1.488831
9739,-2.410859,1.246980
9740,-3.434289,1.911146
9741,-3.167133,0.988831
9742,-1.977662,0.988831
9743,-3.095692,1.320914
9744,-3.051264,1.365341
9745,-2.541119,0.733052
9746,-3.779838,1.826239
9747,1.450502,0.733052
9748,-0.088164,0.142820
9749,-2.883745,1.030303
9750,-2.873202,0.400969
9751,-2.717704,0.698220
9752,-2.155959,-0.425270
9753,-3.826239,1.652478
9754,-3.652478,1.826239
9755,-1.926590,-0.109562
9756,-3.824265,1.781812
9757,-2.780575,0.603718
9758,-3.123202,0.900969
9759,-3.335148,1.191580
9760,-1.601453,0.500000
9761,-2.717704,0.698220
9762,-3.822291,1.911146
9763,-3.158125,1.579063
9764,-3.656250,1.579063
9765,-2.885719,0.900969
9766,-0.150597,0.400969
9767,-2.518736,1.074730
9768,-0.911611,-1.400969
9769,-1.026723,1.074730
9770,-2.993868,1.030303
9771,-2.706235,1.449729
9772,-3.692957,1.652478
9773,-3.281713,1.826239
9774,-3.694931,1.911146
9775,-2.964384,1.191580
9776,-2.670453,0.603718
9777,-0.487094,0.603718
9778,-3.484462,1.623490
9779,-3.652478,1.826239
9780,-1.955475,-0.826239
9781,-2.730682,1.365341
9782,-3.652478,1.826239
9783,-3.333174,1.320914
9784,-2.899457,1.449729
9785,-1.855707,-1.634021
9786,-2.810768,0.142820
9787,-2.700489,1.826239
9788,-2.730682,1.365341
9789,-3.158125,1.579063
9790,-1.396440,0.698220
9791,-3.167133,0.988831
9792,-1.921819,-1.889800
9793,-3.153395,0.440071
9794,-2.859464,-0.147791
9795,-2.859464,-0.147791
9796,-2.541119,0.733052
9797,0.710694,1.320914
9798,-2.964384,1.191580
9799,-1.233709,-0.623490
9800,-1.300576,-0.365341
9801,-2.899457,1.449729
9802,-3.822291,1.911146
9803,-2.826042,1.911146
9804,-3.563623,1.781812
9805,-3.152379,1.955573
9806,-2.367905,-0.134659
9807,-2.641828,1.320914
9808,-2.518736,1.074730
9809,-1.207436,0.603718
9810,0.358917,1.449729
9811,-3.911146,1.955573
9812,-3.652478,1.826239
9813,-2.641828,1.320914
9814,-3.822291,1.911146
9815,-2.605388,-0.134659
9816,-3.095692,1.320914
9817,-1.824442,1.449729
9818,-4.000000,2.000000
9819,-3.563623,1.781812
9820,-3.563623,1.781812
9821,-0.373022,1.074730
9822,-1.681370,1.030303
9823,-3.065499,1.781812
9824,-3.397582,1.449729
9825,-2.374152,1.781812
9826,-2.500000,-1.000000
9827,-2.964384,1.191580
9828,-3.484462,1.623490
9829,-3.281713,1.826239
9830,-3.462508,1.191580
9831,-3.563623,1.781812
9832,-1.149815,1.320914
9833,-2.347897,0.733052
9834,-3.065499,1.781812
9835,-3.326140,1.781812
9836,-2.540461,0.123490
9837,-1.592048,0.093187
9838,0.127258,0.149460
9839,-2.383160,1.191580
9840,-3.490208,1.246980
9841,-1.836861,1.579063
9842,-3.158125,1.579063
9843,-2.168944,1.246980
9844,-2.343556,-0.658322
9845,-2.859464,-0.147791
9846,-3.095692,1.320914
9847,-3.167133,0.988831
9848,-1.836861,1.579063
9849,-3.397582,1.449729
9850,-2.654083,-0.425270
9851,-2.654083,-0.425270
9852,-3.911146,1.955573
9853,-2.810768,0.142820
9854,-3.246980,1.623490
9855,-3.484462,1.623490
9856,-0.496114,1.320914
9857,-2.060606,1.030303
9858,-3.658223,1.449729
9859,-3.656250,1.579063
9860,-1.775215,0.326239
9861,-1.442336,-1.211352
9862,-1.248319,-1.466104
9863,-1.873040,-1.211352
9864,-2.272552,1.320914
9865,-2.383160,1.191580
9866,-2.349870,0.603718
9867,-2.706235,1.449729
9868,-2.605388,-0.134659
9869,-0.688917,1.781812
9870,-3.304955,1.652478
9871,-0.854474,-0.623490
9872,0.227885,-0.826239
9873,-0.916907,-0.365341
9874,-3.658223,1.449729
9875,-2.383160,1.191580
9876,-3.652478,1.826239
9877,-3.656250,1.579063
9878,-3.335148,1.191580
9879,-2.717704,0.698220
9880,-3.822291,1.911146
9881,-3.658223,1.449729
9882,-1.466104,0.733052
9883,-3.563623,1.781812
9884,-1.955475,-0.826239
9885,-3.158125,1.579063
9886,-3.656250,1.579063
9887,-3.824265,1.781812
9888,-3.490208,1.246980
9889,-2.598822,-0.147791
9890,2.000883,-0.367711
9891,-1.120429,-1.721883
9892,-1.727818,-1.889800
9893,-3.652478,1.826239
9894,-2.367905,-0.134659
9895,-2.717704,0.698220
9896,-2.518736,1.074730
9897,-3.650504,1.955573
9898,-1.637893,1.955573
9899,-3.563623,1.781812
9900,-3.822291,1.911146
9901,-3.158125,1.579063
9902,-1.384971,1.449729
9903,-0.219815,0.011169
9904,-1.557314,-0.109562
9905,-2.316833,-1.233052
9906,-3.911146,1.955573
9907,-3.065499,1.781812
9908,-3.650504,1.955573
9909,-1.833963,0.093187
9910,-3.123202,0.900969
9911,-2.899457,1.449729
9912,-0.487094,0.603718
9913,-1.977662,0.988831
9914,-1.717542,-0.914101
9915,-1.279149,1.191580
9916,-3.528889,1.579063
9917,-1.681370,1.030303
9918,-3.694931,1.911146
9919,-2.065597,-0.826239
9920,-2.136480,0.698220
9921,-3.650504,1.955573
9922,-2.259209,0.777479
9923,-2.670453,0.603718
9924,-2.711958,1.074730
9925,-3.824265,1.781812
9926,-3.911146,1.955573
9927,-3.694931,1.911146
9928,-3.955573,1.911146
9929,-3.911146,1.955573
9930,-3.955573,1.911146
9931,-3.911146,1.955573
9932,-3.397582,1.449729
9933,-3.563623,1.781812
9934,-3.650504,1.955573
9935,-3.658223,1.449729
9936,-2.993868,1.030303
9937,-3.088468,0.698220
9938,-2.644197,-0.445042
9939,-2.349870,0.603718
9940,-3.324167,1.911146
9941,-3.324167,1.911146
9942,-3.397582,1.449729
9943,-2.385621,1.030303
9944,-2.163198,1.623490
9945,-0.039162,-0.722521
9946,-0.032308,-0.914101
9947,-3.911146,1.955573
9948,-3.955573,1.911146
9949,-3.866718,2.000000
9950,-2.316833,-1.233052
9951,-1.303596,-1.488831
9952,-1.088404,-0.914101
9953,-3.152379,1.955573
9954,-3.194833,1.652478
9955,-3.824265,1.781812
9956,-3.484462,1.623490
9957,-3.779838,1.826239
9958,-3.563623,1.781812
9959,-2.367905,-0.134659
9960,-2.837543,1.579063
9961,-0.250000,-1.000000
9962,0.078577,1.449729
9963,-1.032469,0.698220
9964,-2.844057,0.730682
9965,-3.658223,1.449729
9966,-3.304955,1.652478
9967,-2.096023,2.000000
9968,-4.000000,2.000000
9969,-3.161387,1.365341
9970,-2.461033,1.955573
9971,-2.374152,1.781812
9972,-1.261910,1.320914
9973,-2.700489,1.826239
9974,-1.303596,-1.488831
9975,-1.155045,-0.914101
9976,-1.207436,0.603718
9977,-0.332437,2.000000
9978,-2.899457,1.449729
9979,-1.813332,-0.722521
9980,-0.219815,0.011169
9981,-0.102430,-1.889800
9982,-1.118740,0.142820
9983,-3.779838,1.826239
9984,-1.349578,0.500000
9985,-0.686458,-0.826239
9986,-1.801938,0.900969
9987,-3.563623,1.781812
9988,-3.397582,1.449729
9989,-2.717704,0.698220
9990,-3.153395,0.440071
9991,-3.484462,1.623490
9992,-3.397582,1.449729
9993,-2.540461,0.123490
9994,-2.742943,1.911146
9995,-3.650504,1.955573
9996,-3.167133,0.988831
9997,-3.779838,1.826239
9998,-3.528889,1.579063
9999,-3.650504,1.955573
10000,-1.695108,1.579063
10001,-2.109756,0.123490
10002,-3.167133,0.988831
10003,0.000835,0.222521
10004,-0.226309,-0.914101
10005,-3.650504,1.955573
10006,-1.492359,1.781812
10007,-2.700489,1.826239
10008,-0.445042,0.222521
10009,-1.210838,0.222521
10010,-1.349189,0.603718
10011,-3.658223,1.449729
10012,-3.051264,1.365341
10013,-3.650504,1.955573
10014,-2.136480,0.698220
10015,-3.194833,1.652478
10016,-3.692957,1.652478
10017,-3.088468,0.698220
10018,-0.602063,-0.162592
10019,-0.734763,-0.722521
10020,-2.717704,0.698220
10021,-1.775215,0.326239
10022,-3.158125,1.579063
10023,-0.503178,1.449729
10024,-3.911146,1.955573
10025,-2.635719,0.400969
10026,-1.574735,-0.425270
10027,-1.253943,-1.233052
10028,-1.261910,1.320914
10029,-2.311457,-0.722521
10030,-3.528889,1.579063
10031,-2.938128,0.142820
10032,-2.964384,1.191580
10033,-3.088468,0.698220
10034,-3.824265,1.781812
10035,-3.167133,0.988831
10036,-3.528889,1.579063
10037,-2.837543,1.579063
10038,-3.434289,1.911146
10039,-1.695108,1.579063
10040,-2.011910,1.320914
10041,-2.144490,0.326239
10042,-3.246980,1.623490
10043,-3.911146,1.955573
10044,-2.837543,1.579063
10045,-3.232059,0.730682
10046,-2.964384,1.191580
10047,-2.964384,1.191580
10048,-3.528889,1.579063
10049,-3.088468,0.698220
10050,-2.964384,1.191580
10051,-3.911146,1.955573
10052,-3.095692,1.320914
10053,-2.541119,0.733052
10054,-2.938128,0.142820
10055,-1.648630,-0.277479
10056,-3.694931,1.911146
10057,-3.397582,1.449729
10058,-2.641828,1.320914
10059,-1.695108,1.579063
10060,-2.670453,0.603718
10061,-1.849772,0.733052
10062,-2.964384,1.191580
10063,-3.434289,1.911146
10064,-2.873202,0.400969
10065,-1.051938,0.900969
10066,-2.099031,-1.801938
10067,-2.938128,0.142820
10068,-2.964384,1.191580
10069,-2.993868,1.030303
10070,-2.136480,0.698220
10071,-3.824265,1.781812
10072,-0.275975,0.123490
10073,-3.955573,1.911146
10074,-3.088468,0.698220
10075,-2.576901,1.579063
10076,-3.824265,1.781812
10077,-2.563163,1.030303
10078,-3.658223,1.449729
10079,-2.371693,1.652478
10080,-2.793116,1.623490
10081,-2.431855,0.900969
10082,-3.824265,1.781812
10083,-1.681370,1.030303
10084,-3.088468,0.698220
10085,-3.528889,1.579063
10086,-0.712714,0.222521
10087,-0.305503,-0.367711
10088,-3.074730,0.149460
10089,-2.119812,-0.109562
10090,-3.326140,1.781812
10091,-1.933731,0.900969
10092,-2.899457,1.449729
10093,-2.873202,0.400969
10094,-2.993868,1.030303
10095,-3.246980,1.623490
10096,-0.880142,0.440071
10097,-2.899457,1.449729
10098,-2.859464,-0.147791
10099,-2.144490,0.326239
10100,-2.141244,1.191580
10101,-2.011910,1.320914
10102,-2.149460,1.074730
10103,-1.648630,-0.277479
10104,-3.326140,1.781812
10105,-2.873202,0.400969
10106,-3.462508,1.191580
10107,-2.835050,1.320914
10108,-2.371693,1.652478
10109,-3.623490,1.246980
10110,-3.563623,1.781812
10111,-2.644197,-0.445042
10112,-0.221544,-0.535628
10113,-0.563340,0.698220
10114,-3.153395,0.440071
10115,-2.056191,-1.233052
10116,-0.864659,-0.365341
10117,-3.215828,0.698220
10118,-3.158125,1.579063
10119,-3.490208,1.246980
10120,1.295982,-1.488831
10121,-2.826042,1.911146
10122,-3.822291,1.911146
10123,-3.822291,1.911146
10124,-2.899457,1.449729
10125,-3.652478,1.826239
10126,-0.599578,-1.000000
10127,-1.133363,0.455573
10128,-2.598822,-0.147791
10129,-2.109756,0.123490
10130,-3.911146,1.955573
10131,-3.281713,1.826239
10132,-3.650504,1.955573
10133,-2.938128,0.142820
10134,-3.088468,0.698220
10135,-2.742943,1.911146
10136,-1.801938,0.900969
10137,-1.593993,0.988831
10138,-2.005777,-1.721883
10139,-0.109208,0.054604
10140,-1.072099,0.777479
10141,-2.669008,0.988831
10142,-1.690819,-1.488831
10143,-1.877888,-1.977662
10144,-1.229693,-1.889800
10145,-1.419626,-1.123490
10146,-1.357582,-1.634021
10147,-2.730682,1.365341
10148,-2.730682,1.365341
10149,-3.333174,1.320914
10150,-1.945199,0.149460
10151,-2.347897,0.733052
10152,-3.326140,1.781812
10153,-3.153395,0.440071
10154,-1.955475,-0.826239
10155,-3.281713,1.826239
10156,-3.563623,1.781812
10157,-3.397582,1.449729
10158,-3.246980,1.623490
10159,-2.228125,1.365341
10160,-3.326140,1.781812
10161,-3.779838,1.826239
10162,-2.540461,0.123490
10163,-2.388932,-0.955573
10164,-1.855707,-1.634021
10165,-3.779838,1.826239
10166,-3.911146,1.955573
10167,-3.658223,1.449729
10168,-2.563163,1.030303
10169,-3.326140,1.781812
10170,-3.650504,1.955573
10171,-2.316833,-1.233052
10172,-3.232059,0.730682
10173,-3.694931,1.911146
10174,-3.194833,1.652478
10175,-2.272552,1.320914
10176,-3.397582,1.449729
10177,-3.623490,1.246980
10178,-2.938128,0.142820
10179,-1.717542,-0.914101
10180,-2.964384,1.191580
10181,-3.281713,1.826239
10182,-0.867905,1.365341
10183,-2.563163,1.030303
10184,-2.635719,0.400969
10185,-3.911146,1.955573
10186,-2.572099,-0.722521
10187,-2.005777,-1.721883
10188,-1.624178,-1.488831
10189,-2.572099,-0.722521
10190,-2.780575,0.603718
10191,-3.656250,1.579063
10192,-2.885719,0.900969
10193,-3.826239,1.652478
10194,-3.658223,1.449729
10195,-1.185762,-1.977662
10196,-0.156861,-0.134659
10197,-1.624178,-1.488831
10198,-0.576416,-0.658322
10199,-0.084999,-0.109562
10200,-0.226309,-0.914101
10201,-2.605388,-0.134659
10202,-3.478716,2.000000
10203,-3.335148,1.191580
10204,-2.899457,1.449729
10205,-3.911146,1.955573
10206,-0.974766,1.579063
10207,-2.168944,1.246980
10208,0.149460,-0.074730
10209,-2.670453,0.603718
10210,-1.960449,1.826239
10211,-1.890808,-0.955573
10212,0.127258,0.149460
10213,-3.911146,1.955573
10214,-3.911146,1.955573
10215,-2.883745,1.030303
10216,-2.337712,0.326239
10217,-3.490208,1.246980
10218,-3.324167,1.911146
10219,-3.826239,1.652478
10220,-2.119812,-0.109562
10221,-3.462508,1.191580
10222,-0.652478,0.326239
10223,-1.168783,-0.365341
10224,-3.051264,1.365341
10225,-1.855707,-1.634021
10226,0.181486,0.733052
10227,-3.911146,1.955573
10228,-3.658223,1.449729
10229,-3.065499,1.781812
10230,-3.824265,1.781812
10231,-3.152379,1.955573
10232,-3.326140,1.781812
10233,-3.822291,1.911146
10234,-3.826239,1.652478
10235,-1.762008,1.191580
10236,-3.095692,1.320914
10237,-3.365341,0.730682
10238,-2.810768,0.142820
10239,-2.374152,1.781812
10240,-2.383160,1.191580
10241,-1.717542,-0.914101
10242,-3.167133,0.988831
10243,-3.650504,1.955573
10244,-2.742943,1.911146
10245,-2.116349,-1.634021
10246,-2.941449,0.149460
10247,-2.598822,-0.147791
10248,-1.978621,0.733052
10249,-2.493959,1.246980
10250,-3.484462,1.623490
10251,-2.144490,0.326239
10252,-1.601453,0.500000
10253,-0.492457,-0.826239
10254,-2.184738,-0.367711
10255,-1.801938,0.900969
10256,-1.762918,-1.211352
10257,-2.576901,1.579063
10258,-3.051264,1.365341
10259,-3.650504,1.955573
10260,-3.911146,1.955573
10261,-2.336959,1.449729
10262,-2.374152,1.781812
10263,-1.420728,1.030303
10264,-2.938128,0.142820
10265,-1.647948,-0.445042
10266,-3.434289,1.911146
10267,-3.650504,1.955573
10268,-2.670453,0.603718
10269,-3.268248,1.579063
10270,-2.410859,1.246980
10271,-1.409351,-0.147791
10272,-1.123325,0.054604
10273,-2.598822,-0.147791
10274,-2.228125,1.365341
10275,-2.144490,0.326239
10276,-2.394628,0.440071
10277,-1.118740,0.142820
10278,-2.184738,-0.367711
10279,-0.928928,-1.233052
10280,-1.300576,-0.365341
10281,-3.152379,1.955573
10282,-2.461033,1.955573
10283,-3.335148,1.191580
10284,-1.568917,-1.211352
10285,-3.051264,1.365341
10286,-0.983246,-1.000000
10287,-1.988459,-1.889800
10288,-0.787833,-0.623490
10289,-1.864156,-0.367711
10290,-2.899457,1.449729
10291,-3.158125,1.579063
10292,-1.933731,0.900969
10293,-3.478716,2.000000
10294,-3.490208,1.246980
10295,-1.492359,1.781812
10296,-2.641828,1.320914
10297,-2.883745,1.030303
10298,-3.911146,1.955573
10299,-1.396440,0.698220
10300,-3.911146,1.955573
10301,-3.246980,1.623490
10302,-3.652478,1.826239
10303,-3.161387,1.365341
10304,-3.158125,1.579063
10305,-3.324167,1.911146
10306,-3.822291,1.911146
10307,-2.349870,0.603718
10308,-3.563623,1.781812
10309,-3.658223,1.449729
10310,-3.152379,1.955573
10311,-1.873490,-1.123490
10312,-0.628209,0.455573
10313,-3.123202,0.900969
10314,-2.526723,-0.425270
10315,-3.123202,0.900969
10316,-3.528889,1.579063
10317,-3.658223,1.449729
10318,-3.866718,2.000000
10319,-3.563623,1.781812
10320,-2.163198,1.623490
10321,-2.644197,-0.445042
10322,-0.153316,0.142820
10323,-2.872277,1.781812
10324,-2.964384,1.191580
10325,-3.051264,1.365341
10326,-3.074730,0.149460
10327,-1.121986,-0.722521
10328,-3.194833,1.652478
10329,-2.371693,1.652478
10330,-3.102206,1.246980
10331,-1.214222,1.449729
10332,-2.742943,1.911146
10333,-3.650504,1.955573
10334,-2.837543,1.579063
10335,-3.194833,1.652478
10336,-2.526723,-0.425270
10337,-3.462508,1.191580
10338,0.238315,-0.033258
10339,-2.394628,0.440071
10340,-1.988459,-1.889800
10341,-1.762918,-1.211352
10342,-1.413198,1.623490
10343,-0.729953,0.093187
10344,-1.466104,0.733052
10345,-2.518736,1.074730
10346,-3.152379,1.955573
10347,-3.397582,1.449729
10348,-3.650504,1.955573
10349,-3.158125,1.579063
10350,-3.478716,2.000000
10351,-3.484462,1.623490
10352,-3.650504,1.955573
10353,-3.161387,1.365341
10354,-3.563623,1.781812
10355,-3.822291,1.911146
10356,-3.822291,1.911146
10357,-2.100697,-0.147791
10358,-2.572099,-0.722521
10359,-3.911146,1.955573
10360,-2.872277,1.781812
10361,-3.123202,0.900969
10362,-3.088468,0.698220
10363,-2.109756,0.123490
10364,-0.873667,-0.955573
10365,-3.911146,1.955573
10366,-3.822291,1.911146
10367,-3.656250,1.579063
10368,-2.859464,-0.147791
10369,-0.828209,-0.535628
10370,-3.326140,1.781812
10371,-2.835050,1.320914
10372,-1.914041,-0.134659
10373,-2.541119,0.733052
10374,0.149460,-0.074730
10375,-0.654932,1.030303
10376,-3.563623,1.781812
10377,-3.123202,0.900969
10378,-0.913353,-0.365341
10379,-2.885719,0.900969
10380,-3.484462,1.623490
10381,-3.779838,1.826239
10382,-3.051264,1.365341
10383,-0.654932,1.030303
10384,-3.563623,1.781812
10385,-1.849772,0.733052
10386,-3.824265,1.781812
10387,-1.027479,-0.277479
10388,-0.939778,-1.211352
10389,-2.883745,1.030303
10390,0.260517,-0.033258
10391,-2.641828,1.320914
10392,-2.136480,0.698220
10393,-2.431855,0.900969
10394,-1.116526,0.733052
10395,-0.854474,-0.623490
10396,-1.648630,-0.277479
10397,-3.484462,1.623490
10398,-3.427775,0.988831
10399,-3.427775,0.988831
10400,-3.528889,1.579063
10401,-2.742943,1.911146
10402,-3.824265,1.781812
10403,-3.194833,1.652478
10404,-0.256645,0.142820
10405,-2.235810,0.730682
10406,-2.605388,-0.134659
10407,-3.088468,0.698220
10408,-3.281713,1.826239
10409,-2.051596,1.911146
10410,-2.347897,0.733052
10411,-2.993868,1.030303
10412,-3.911146,1.955573
10413,-3.911146,1.955573
10414,-3.123202,0.900969
10415,-2.837543,1.579063
10416,-0.586211,-0.147791
10417,-3.074730,0.149460
10418,-3.650504,1.955573
10419,-3.397582,1.449729
10420,-2.526723,-0.425270
10421,-3.333174,1.320914
10422,-2.367905,-0.134659
10423,-3.427775,0.988831
10424,-3.065499,1.781812
10425,-3.246980,1.623490
10426,-2.466259,1.191580
10427,-2.440004,0.142820
10428,-2.228125,1.365341
10429,-3.563623,1.781812
10430,-3.694931,1.911146
10431,-3.623490,1.246980
10432,-3.484462,1.623490
10433,-2.208111,1.449729
10434,-2.518736,1.074730
10435,-3.692957,1.652478
10436,-3.434289,1.911146
10437,-2.899457,1.449729
10438,-2.065597,-0.826239
10439,-2.440004,0.142820
10440,-3.427775,0.988831
10441,-1.225625,-1.123490
10442,-2.810768,0.142820
10443,-2.349870,0.603718
10444,-3.656250,1.579063
10445,-2.885719,0.900969
10446,-1.261910,1.320914
10447,-1.551938,0.400969
10448,-1.849772,0.733052
10449,-1.955475,-0.826239
10450,-1.773241,0.455573
10451,-3.335148,1.191580
10452,-3.824265,1.781812
10453,-2.872277,1.781812
10454,-3.650504,1.955573
10455,-3.397582,1.449729
10456,-3.215828,0.698220
10457,-3.478716,2.000000
10458,-2.518736,1.074730
10459,-3.335148,1.191580
10460,-3.478716,2.000000
10461,-2.706235,1.449729
10462,-3.484462,1.623490
10463,-3.324167,1.911146
10464,-3.397582,1.449729
10465,-2.163198,1.623490
10466,-3.167133,0.988831
10467,-1.845869,0.988831
10468,-3.335148,1.191580
10469,-2.844057,0.730682
10470,-3.563623,1.781812
10471,-0.801039,-1.488831
10472,-1.120429,-1.721883
10473,-2.938128,0.142820
10474,-3.333174,1.320914
10475,-2.835050,1.320914
10476,-3.123202,0.900969
10477,-1.960449,1.826239
10478,-3.563623,1.781812
10479,-2.892753,0.440071
10480,-2.837543,1.579063
10481,-2.163198,1.623490
10482,-2.141244,1.191580
10483,-3.088468,0.698220
10484,-2.826042,1.911146
10485,-1.406715,-0.277479
10486,-2.885719,0.900969
10487,-0.722906,-0.365341
10488,-3.095692,1.320914
10489,-3.427775,0.988831
10490,-2.136480,0.698220
10491,-3.434289,1.911146
10492,-2.711958,1.074730
10493,-2.993868,1.030303
10494,-3.194833,1.652478
10495,-3.563623,1.781812
10496,-3.650504,1.955573
10497,-1.592048,0.093187
10498,-2.440004,0.142820
10499,-2.431855,0.900969
10500,-3.911146,1.955573
10501,-1.413198,1.623490
10502,-2.141244,1.191580
10503,-3.194833,1.652478
10504,-3.955573,1.911146
10505,-3.563623,1.781812
10506,-3.779838,1.826239
10507,-1.344281,-0.535628
10508,-3.326140,1.781812
10509,-3.281713,1.826239
10510,-3.866718,2.000000
10511,-2.141244,1.191580
10512,-3.281713,1.826239
10513,-2.461033,1.955573
10514,-2.540461,0.123490
10515,-2.176109,0.777479
10516,-2.572099,-0.722521
10517,-1.039708,-0.623490
10518,-3.123202,0.900969
10519,-3.065499,1.781812
10520,-2.892753,0.440071
10521,-3.326140,1.781812
10522,-3.563623,1.781812
10523,-3.490208,1.246980
10524,-3.478716,2.000000
10525,-3.484462,1.623490
10526,-3.326140,1.781812
10527,-3.650504,1.955573
10528,-3.826239,1.652478
10529,-1.717979,0.733052
10530,-2.119812,-0.109562
10531,-2.349870,0.603718
10532,-1.978621,0.733052
10533,-3.065499,1.781812
10534,-3.158125,1.579063
10535,-2.872277,1.781812
10536,-3.658223,1.449729
10537,-3.397582,1.449729
10538,-3.326140,1.781812
10539,-3.658223,1.449729
10540,-2.181855,0.400969
10541,-3.656250,1.579063
10542,-3.822291,1.911146
10543,-3.563623,1.781812
10544,-3.490208,1.246980
10545,-1.955475,-0.826239
10546,-3.478716,2.000000
10547,-2.874250,1.652478
10548,-3.397582,1.449729
10549,-3.656250,1.579063
10550,-2.826042,1.911146
10551,-2.100697,-0.147791
10552,-0.589531,0.730682
10553,-3.397582,1.449729
10554,-3.911146,1.955573
10555,-1.855707,-1.634021
10556,-2.149460,1.074730
10557,-3.051264,1.365341
10558,-1.574735,-0.425270
10559,-2.605388,-0.134659
10560,-3.824265,1.781812
10561,-3.281713,1.826239
10562,-2.670453,0.603718
10563,-3.167133,0.988831
10564,-3.462508,1.191580
10565,-3.246980,1.623490
10566,-3.484462,1.623490
10567,-3.232059,0.730682
10568,-3.333174,1.320914
10569,-3.051264,1.365341
10570,-0.578811,-0.162592
10571,-3.563623,1.781812
10572,-2.872277,1.781812
10573,-1.933731,0.900969
10574,-2.835050,1.320914
10575,-3.650504,1.955573
10576,-3.866718,2.000000
10577,-3.692957,1.652478
10578,-2.553446,0.149460
10579,-1.214222,1.449729
10580,0.105995,1.955573
10581,0.568195,-0.033258
10582,-2.394628,0.440071
10583,-3.911146,1.955573
10584,-3.652478,1.826239
10585,-2.700489,1.826239
10586,-0.911146,0.455573
10587,-3.158125,1.579063
10588,-3.911146,1.955573
10589,-3.123202,0.900969
10590,-3.158125,1.579063
10591,-3.324167,1.911146
10592,-2.859464,-0.147791
10593,-2.730682,1.365341
10594,-1.858780,0.142820
10595,-2.885719,0.900969
10596,-2.166234,-1.400969
10597,-2.155959,-0.425270
10598,-1.668109,-1.400969
10599,-3.652478,1.826239
10600,-2.641828,1.320914
10601,-3.824265,1.781812
10602,-3.158125,1.579063
10603,-3.658223,1.449729
10604,-3.484462,1.623490
10605,-2.002903,1.911146
10606,-3.822291,1.911146
10607,-2.711958,1.074730
10608,-3.158125,1.579063
10609,-3.650504,1.955573
10610,-1.275116,0.455573
10611,-3.335148,1.191580
10612,-1.933731,0.900969
10613,-2.060606,1.030303
10614,-2.598822,-0.147791
10615,-2.844057,0.730682
10616,-2.700489,1.826239
10617,-2.874250,1.652478
10618,-3.490208,1.246980
10619,-3.822291,1.911146
10620,-3.427775,0.988831
10621,-2.793116,1.623490
10622,-0.864659,-0.365341
10623,-3.484462,1.623490
10624,-3.158125,1.579063
10625,-3.478716,2.000000
10626,-3.158125,1.579063
10627,-3.335148,1.191580
10628,-3.167133,0.988831
10629,-1.833963,0.093187
10630,-1.551584,-1.634021
10631,-2.635719,0.400969
10632,-2.700489,1.826239
10633,-4.000000,2.000000
10634,-3.161387,1.365341
10635,-3.824265,1.781812
10636,-3.563623,1.781812
10637,-3.158125,1.579063
10638,-3.215828,0.698220
10639,-3.161387,1.365341
10640,0.194373,0.099031
10641,-0.500689,-0.365341
10642,-2.261572,-0.955573
10643,-3.324167,1.911146
10644,-2.835050,1.320914
10645,-2.181855,0.400969
10646,-3.490208,1.246980
10647,-2.060606,1.030303
10648,-3.215828,0.698220
10649,-3.658223,1.449729
10650,-2.334986,1.579063
10651,-3.911146,1.955573
10652,-2.717704,0.698220
10653,-2.810768,0.142820
10654,-2.349870,0.603718
10655,-1.733246,0.500000
10656,-3.824265,1.781812
10657,-2.717704,0.698220
10658,-1.475625,-0.623490
10659,-3.563623,1.781812
10660,-2.899457,1.449729
10661,-2.873202,0.400969
10662,-3.478716,2.000000
10663,-2.835050,1.320914
10664,-3.427775,0.988831
10665,-3.326140,1.781812
10666,-1.214222,1.449729
10667,-3.304955,1.652478
10668,-0.801938,0.400969
10669,-2.717704,0.698220
10670,-1.845869,0.988831
10671,-3.215828,0.698220
10672,-3.246980,1.623490
10673,-3.215828,0.698220
10674,-2.349870,0.603718
10675,-1.370469,-1.000000
10676,0.467078,0.400969
10677,-3.434289,1.911146
10678,-3.955573,1.911146
10679,-3.779838,1.826239
10680,-3.484462,1.623490
10681,-3.268248,1.579063
10682,-3.065499,1.781812
10683,-2.110972,-1.123490
10684,-1.849772,0.733052
10685,-2.793116,1.623490
10686,-2.635719,0.400969
10687,-3.824265,1.781812
10688,-3.478716,2.000000
10689,-3.478716,2.000000
10690,-3.563623,1.781812
10691,-3.824265,1.781812
10692,-2.598822,-0.147791
10693,-2.883745,1.030303
10694,-1.607199,0.123490
10695,-3.324167,1.911146
10696,-3.563623,1.781812
10697,-3.215828,0.698220
10698,-2.394628,0.440071
10699,-3.650504,1.955573
10700,-2.892753,0.440071
10701,-0.071261,-0.658322
10702,-1.070127,-0.826239
10703,-2.669008,0.988831
10704,-3.652478,1.826239
10705,-2.883745,1.030303
10706,-1.833963,0.093187
10707,-2.885719,0.900969
10708,-3.824265,1.781812
10709,-2.256195,-0.445042
10710,-0.710661,0.054604
10711,-0.700386,1.030303
10712,-1.717979,0.733052
10713,-2.598822,-0.147791
10714,-3.335148,1.191580
10715,-2.883745,1.030303
10716,-3.826239,1.652478
10717,-2.780575,0.603718
10718,-2.810768,0.142820
10719,-3.822291,1.911146
10720,-3.153395,0.440071
10721,-3.822291,1.911146
10722,-3.123202,0.900969
10723,-2.060606,1.030303
10724,-1.668109,-1.400969
10725,-3.623490,1.246980
10726,-3.123202,0.900969
10727,-2.837543,1.579063
10728,-3.650504,1.955573
10729,-3.911146,1.955573
10730,-2.670453,0.603718
10731,-3.824265,1.781812
10732,-3.167133,0.988831
10733,-2.011169,-1.977662
10734,-2.116349,-1.634021
10735,-2.859464,-0.147791
10736,-0.860591,0.400969
10737,-1.637893,1.955573
10738,-3.194833,1.652478
10739,-3.623490,1.246980
10740,-2.837543,1.579063
10741,-2.184738,-0.367711
10742,-2.670453,0.603718
10743,-3.167133,0.988831
10744,-3.123202,0.900969
10745,-2.336959,1.449729
10746,-2.371693,1.652478
10747,-2.228125,1.365341
10748,-2.964384,1.191580
10749,-3.528889,1.579063
10750,-2.899457,1.449729
10751,-2.899457,1.449729
10752,-3.194833,1.652478
10753,-2.440004,0.142820
10754,-3.051264,1.365341
10755,-2.116349,-1.634021
10756,-1.955475,-0.826239
10757,-3.490208,1.246980
10758,-3.650504,1.955573
10759,-2.835050,1.320914
10760,-0.586211,-0.147791
10761,-3.333174,1.320914
10762,-3.824265,1.781812
10763,-2.700489,1.826239
10764,-2.060606,1.030303
10765,0.003294,0.093187
10766,-2.576901,1.579063
10767,-3.397582,1.449729
10768,-1.637893,1.955573
10769,-2.235810,0.730682
10770,-3.911146,1.955573
10771,-3.246980,1.623490
10772,-3.194833,1.652478
10773,-3.694931,1.911146
10774,-1.873490,-1.123490
10775,-2.316833,-1.233052
10776,-3.153395,0.440071
10777,-2.011910,1.320914
10778,-2.641828,1.320914
10779,-3.268248,1.579063
10780,-2.635719,0.400969
10781,-1.977662,0.988831
10782,-1.917063,0.093187
10783,-3.563623,1.781812
10784,-2.885719,0.900969
10785,-2.056191,-1.233052
10786,-2.371693,1.652478
10787,-2.742943,1.911146
10788,-1.300576,-0.365341
10789,-1.858780,0.142820
10790,-1.864156,-0.367711
10791,-3.650504,1.955573
10792,-3.650504,1.955573
10793,-3.324167,1.911146
10794,-1.652210,-0.658322
10795,-3.158125,1.579063
10796,-3.158125,1.579063
10797,-3.824265,1.781812
10798,-3.563623,1.781812
10799,-2.885719,0.900969
10800,-2.383160,1.191580
10801,-3.563623,1.781812
10802,-1.489885,-1.977662
10803,-1.557314,-0.109562
10804,-2.964384,1.191580
10805,-2.563163,1.030303
10806,-3.095692,1.320914
10807,-2.302521,1.030303
10808,-3.427775,0.988831
10809,-2.572099,-0.722521
10810,-1.050429,1.652478
10811,-1.847313,0.603718
10812,0.106511,0.011169
10813,-2.730682,1.365341
10814,-2.334986,1.579063
10815,-3.158125,1.579063
10816,-2.374152,1.781812
10817,-1.370469,-1.000000
10818,-3.095692,1.320914
10819,-3.822291,1.911146
10820,-3.658223,1.449729
10821,-1.762008,1.191580
10822,-2.383160,1.191580
10823,-3.656250,1.579063
10824,-2.717704,0.698220
10825,-3.427775,0.988831
10826,-3.324167,1.911146
10827,-3.822291,1.911146
10828,-2.810768,0.142820
10829,-1.127350,1.826239
10830,-3.427775,0.988831
10831,-3.563623,1.781812
10832,-2.826042,1.911146
10833,-3.563623,1.781812
10834,-1.836861,1.579063
10835,-3.563623,1.781812
10836,-1.773241,0.455573
10837,-2.873202,0.400969
10838,-2.208111,1.449729
10839,-3.911146,1.955573
10840,-3.333174,1.320914
10841,-3.326140,1.781812
10842,-1.074632,0.054604
10843,-3.158125,1.579063
10844,-3.335148,1.191580
10845,-1.955475,-0.826239
10846,-2.883745,1.030303
10847,-2.383160,1.191580
10848,-3.065499,1.781812
10849,-3.658223,1.449729
10850,-3.824265,1.781812
10851,-2.706235,1.449729
10852,-1.878417,-1.721883
10853,-2.261572,-0.955573
10854,-3.911146,1.955573
10855,-3.484462,1.623490
10856,-3.563623,1.781812
10857,-3.490208,1.246980
10858,-2.598822,-0.147791
10859,-2.872277,1.781812
10860,-3.478716,2.000000
10861,-3.826239,1.652478
10862,-0.434577,-0.109562
10863,-0.338389,0.900969
10864,-2.711958,1.074730
10865,-3.650504,1.955573
10866,-3.427775,0.988831
10867,-1.717979,0.733052
10868,-2.334986,1.579063
10869,-3.563623,1.781812
10870,-1.370469,-1.000000
10871,-2.294861,-0.367711
10872,-2.272552,1.320914
10873,-3.652478,1.826239
10874,-0.260824,0.093187
10875,-0.810020,1.191580
10876,-1.760035,1.320914
10877,-3.158125,1.579063
10878,-2.493959,1.246980
10879,-1.760035,1.320914
10880,-3.824265,1.781812
10881,-3.563623,1.781812
10882,-1.413198,1.623490
10883,-1.906779,-0.535628
10884,-3.095692,1.320914
10885,-1.813332,-0.722521
10886,-3.563623,1.781812
10887,-3.365341,0.730682
10888,-2.383160,1.191580
10889,0.501583,0.603718
10890,-2.181855,0.400969
10891,-3.365341,0.730682
10892,-3.153395,0.440071
10893,-2.810768,0.142820
10894,-3.065499,1.781812
10895,-2.899457,1.449729
10896,-1.070127,-0.826239
10897,-1.988459,-1.889800
10898,-1.713557,-0.535628
10899,-2.873202,0.400969
10900,-3.158125,1.579063
10901,-1.466104,0.733052
10902,-1.279149,1.191580
10903,-0.237965,1.579063
10904,1.157242,-1.211352
10905,-2.440004,0.142820
10906,-1.466104,0.733052
10907,-2.837543,1.579063
10908,-2.837543,1.579063
10909,-3.692957,1.652478
10910,-0.880142,0.440071
10911,-1.849772,0.733052
10912,-3.462508,1.191580
10913,-3.268248,1.579063
10914,-2.136480,0.698220
10915,-3.650504,1.955573
10916,-3.528889,1.579063
10917,-3.095692,1.320914
10918,-2.540461,0.123490
10919,-3.484462,1.623490
10920,-3.658223,1.449729
10921,-3.563623,1.781812
10922,-2.742943,1.911146
10923,-2.641828,1.320914
10924,-3.528889,1.579063
10925,-3.563623,1.781812
10926,-2.461033,1.955573
10927,-3.911146,1.955573
10928,-3.692957,1.652478
10929,-2.302521,1.030303
10930,-1.170753,0.149460
10931,0.269318,-0.134659
10932,-0.578811,-0.162592
10933,-3.095692,1.320914
10934,-1.314088,-0.074730
10935,-2.837543,1.579063
10936,-2.109756,0.123490
10937,-1.419626,-1.123490
10938,-1.171501,-0.623490
10939,0.247255,-0.658322
10940,-2.572099,-0.722521
10941,-3.065499,1.781812
10942,-3.152379,1.955573
10943,-2.780575,0.603718
10944,-3.826239,1.652478
10945,-3.658223,1.449729
10946,-1.977662,0.988831
10947,-2.835050,1.320914
10948,-3.822291,1.911146
10949,-2.810768,0.142820
10950,-1.858780,0.142820
10951,-1.945199,0.149460
10952,-1.833963,0.093187
10953,-2.349870,0.603718
10954,-2.518736,1.074730
10955,-3.652478,1.826239
10956,-2.334986,1.579063
10957,-3.152379,1.955573
10958,-3.490208,1.246980
10959,-2.098256,0.455573
10960,-2.431855,0.900969
10961,-2.002903,1.911146
10962,-2.208111,1.449729
10963,-3.650504,1.955573
10964,-1.039051,0.266948
10965,-3.152379,1.955573
10966,-3.304955,1.652478
10967,-2.116349,-1.634021
10968,-1.149815,1.320914
10969,-3.822291,1.911146
10970,-3.563623,1.781812
10971,-3.215828,0.698220
10972,-3.484462,1.623490
10973,-3.822291,1.911146
10974,-3.152379,1.955573
10975,-0.801938,0.400969
10976,-3.397582,1.449729
10977,-2.334986,1.579063
10978,-2.605388,-0.134659
10979,-1.794458,-1.889800
10980,-1.284124,-0.134659
10981,-2.149460,1.074730
10982,-2.899457,1.449729
10983,-3.779838,1.826239
10984,-3.955573,1.911146
10985,-3.779838,1.826239
10986,-3.427775,0.988831
10987,-1.577747,-1.801938
10988,-2.670453,0.603718
10989,-2.837543,1.579063
10990,-2.837543,1.579063
10991,-3.153395,0.440071
10992,-0.107192,-1.977662
10993,-1.717979,0.733052
10994,-1.977662,0.988831
10995,-2.110972,-1.123490
10996,-0.500689,-0.365341
10997,-0.211190,0.142820
10998,-1.558067,-1.233052
10999,-3.652478,1.826239
11000,-3.158125,1.579063
11001,-2.518736,1.074730
11002,-1.121986,-0.722521
11003,-2.641828,1.320914
11004,-3.246980,1.623490
11005,-3.694931,1.911146
11006,-2.899457,1.449729
11007,0.218617,-0.033258
11008,-1.733246,0.500000
11009,-3.484462,1.623490
11010,-3.333174,1.320914
11011,-2.256195,-0.445042
11012,-3.484462,1.623490
11013,-3.167133,0.988831
11014,-3.563623,1.781812
11015,-2.780575,0.603718
11016,-2.100697,-0.147791
11017,-2.598822,-0.147791
11018,-3.397582,1.449729
11019,-2.334986,1.579063
11020,-2.116349,-1.634021
11021,-3.215828,0.698220
11022,-3.652478,1.826239
11023,-2.149460,1.074730
11024,-2.872277,1.781812
11025,-2.383160,1.191580
11026,-1.474108,-1.400969
11027,-2.541119,0.733052
11028,-3.824265,1.781812
11029,-2.163198,1.623490
11030,-0.913353,-0.365341
11031,-1.681370,1.030303
11032,-3.326140,1.781812
11033,-3.434289,1.911146
11034,-3.123202,0.900969
11035,-3.692957,1.652478
11036,-2.837543,1.579063
11037,-2.144490,0.326239
11038,-3.158125,1.579063
11039,-3.563623,1.781812
11040,-1.409351,-0.147791
11041,-3.333174,1.320914
11042,-3.822291,1.911146
11043,-3.397582,1.449729
11044,-3.650504,1.955573
11045,-3.304955,1.652478
11046,-1.588247,1.365341
11047,-3.158125,1.579063
11048,-3.490208,1.246980
11049,-3.822291,1.911146
11050,-2.717704,0.698220
11051,-3.652478,1.826239
11052,-3.246980,1.623490
11053,-2.641828,1.320914
11054,-2.859464,-0.147791
11055,-3.658223,1.449729
11056,-2.892753,0.440071
11057,-3.824265,1.781812
11058,-0.709622,0.099031
11059,-1.762918,-1.211352
11060,-3.824265,1.781812
11061,-3.434289,1.911146
11062,-1.703282,0.440071
11063,-3.824265,1.781812
11064,-3.088468,0.698220
11065,-3.152379,1.955573
11066,-3.824265,1.781812
11067,-3.650504,1.955573
11068,-1.118740,0.142820
11069,-3.194833,1.652478
11070,-1.960449,1.826239
11071,-3.528889,1.579063
11072,-2.598822,-0.147791
11073,-3.563623,1.781812
11074,-3.563623,1.781812
11075,-3.397582,1.449729
11076,-3.268248,1.579063
11077,-3.658223,1.449729
11078,-1.229693,-1.889800
11079,-0.801938,0.400969
11080,-2.793116,1.623490
11081,-2.563163,1.030303
11082,-3.650504,1.955573
11083,-3.658223,1.449729
11084,-2.706235,1.449729
11085,-2.235810,0.730682
11086,-2.711958,1.074730
11087,-3.281713,1.826239
11088,-1.155045,-0.914101
11089,-1.349578,0.500000
11090,-0.143651,0.123490
11091,-3.365341,0.730682
11092,-3.427775,0.988831
11093,-3.656250,1.579063
11094,-1.492359,1.781812
11095,-0.710661,0.054604
11096,-1.727818,-1.889800
11097,-0.493902,-1.211352
11098,-1.745664,-1.466104
11099,-2.883745,1.030303
11100,-2.385621,1.030303
11101,-3.333174,1.320914
11102,-3.650504,1.955573
11103,-4.000000,2.000000
11104,-3.158125,1.579063
11105,-2.885719,0.900969
11106,-3.158125,1.579063
11107,-3.065499,1.781812
11108,-2.899457,1.449729
11109,-3.563623,1.781812
11110,-2.899457,1.449729
11111,-1.731816,1.652478
11112,0.131183,-0.162592
11113,-1.568917,-1.211352
11114,-2.883745,1.030303
11115,-3.656250,1.579063
11116,-1.154522,0.988831
11117,-1.475625,-0.623490
11118,-2.899457,1.449729
11119,-3.161387,1.365341
11120,-2.383160,1.191580
11121,-3.822291,1.911146
11122,-3.304955,1.652478
11123,-3.826239,1.652478
11124,-3.563623,1.781812
11125,-3.652478,1.826239
11126,-2.883745,1.030303
11127,-2.518736,1.074730
11128,-1.636943,1.074730
11129,-3.232059,0.730682
11130,-3.281713,1.826239
11131,-3.434289,1.911146
11132,-3.528889,1.579063
11133,-2.374152,1.781812
11134,-3.528889,1.579063
11135,-3.779838,1.826239
11136,-2.526723,-0.425270
11137,-2.696708,1.652478
11138,-2.837543,1.579063
11139,-1.466104,0.733052
11140,-2.899457,1.449729
11141,-3.866718,2.000000
11142,-2.859464,-0.147791
11143,-0.494415,-1.977662
11144,-1.955475,-0.826239
11145,-2.430339,0.123490
11146,-2.641828,1.320914
11147,-3.152379,1.955573
11148,-2.541119,0.733052
11149,-3.246980,1.623490
11150,-3.065499,1.781812
11151,-3.911146,1.955573
11152,-3.658223,1.449729
11153,-3.650504,1.955573
11154,-3.822291,1.911146
11155,-3.152379,1.955573
11156,-3.826239,1.652478
11157,-1.836861,1.579063
11158,-2.780575,0.603718
11159,-3.324167,1.911146
11160,-3.911146,1.955573
11161,-1.933731,0.900969
11162,-3.095692,1.320914
11163,-2.261572,-0.955573
11164,-2.316833,-1.233052
11165,-3.123202,0.900969
11166,-0.121453,0.730682
11167,-1.394005,0.455573
11168,-3.911146,1.955573
11169,-3.333174,1.320914
11170,-3.528889,1.579063
11171,-3.658223,1.449729
11172,-1.149815,1.320914
11173,-0.602063,-0.162592
11174,-1.574735,-0.425270
11175,-2.133667,-1.466104
11176,-2.899457,1.449729
11177,-2.518736,1.074730
11178,-3.333174,1.320914
11179,-3.822291,1.911146
11180,-2.883745,1.030303
11181,-3.822291,1.911146
11182,-2.730682,1.365341
11183,-2.874250,1.652478
11184,-2.706235,1.449729
11185,-2.181855,0.400969
11186,-3.158125,1.579063
11187,-3.397582,1.449729
11188,-1.198511,1.030303
11189,-1.588247,1.365341
11190,-2.844057,0.730682
11191,-2.461033,1.955573
11192,-2.598822,-0.147791
11193,-3.656250,1.579063
11194,-2.730682,1.365341
11195,-1.849772,0.733052
11196,-2.711958,1.074730
11197,-2.730682,1.365341
11198,-2.730682,1.365341
11199,-1.607199,0.123490
11200,-3.215828,0.698220
11201,0.087252,-0.074730
11202,-1.349189,0.603718
11203,-2.706235,1.449729
11204,-1.349189,0.603718
11205,-2.056191,-1.233052
11206,-3.911146,1.955573
11207,-2.385621,1.030303
11208,-3.484462,1.623490
11209,-0.756100,1.955573
11210,-2.899457,1.449729
11211,-3.650504,1.955573
11212,-3.826239,1.652478
11213,-3.335148,1.191580
11214,-2.706235,1.449729
11215,-2.011910,1.320914
11216,-2.431855,0.900969
11217,-3.427775,0.988831
11218,-0.553817,0.440071
11219,-1.466104,0.733052
11220,-0.734763,-0.722521
11221,-3.153395,0.440071
11222,-2.526723,-0.425270
11223,-0.014576,-0.134659
11224,0.421965,-1.123490
11225,-3.065499,1.781812
11226,-0.207271,1.246980
11227,-1.978621,0.733052
11228,-2.311457,-0.722521
11229,-2.605388,-0.134659
11230,-2.899457,1.449729
11231,-2.874250,1.652478
11232,-3.335148,1.191580
11233,-3.246980,1.623490
11234,-3.152379,1.955573
11235,-2.349870,0.603718
11236,-2.383160,1.191580
11237,-1.132335,-0.826239
11238,-3.656250,1.579063
11239,-2.316833,-1.233052
11240,-3.123202,0.900969
11241,-4.000000,2.000000
11242,-3.658223,1.449729
11243,-2.873202,0.400969
11244,-1.745664,-1.466104
11245,-0.102415,-0.074730
11246,-3.167133,0.988831
11247,-2.163198,1.623490
11248,-3.304955,1.652478
11249,-1.978621,0.733052
11250,-1.406715,-0.277479
11251,-1.855707,-1.634021
11252,-1.794458,-1.889800
11253,-2.899457,1.449729
11254,0.284793,-1.889800
11255,-3.123202,0.900969
11256,-1.044797,-0.109562
11257,-3.563623,1.781812
11258,-2.461033,1.955573
11259,-3.822291,1.911146
11260,-3.652478,1.826239
11261,-2.374152,1.781812
11262,-3.826239,1.652478
11263,-3.656250,1.579063
11264,-2.056191,-1.233052
11265,-0.688917,1.781812
11266,-2.367905,-0.134659
11267,-3.652478,1.826239
11268,-2.899457,1.449729
11269,-2.711958,1.074730
11270,-3.158125,1.579063
11271,-2.374152,1.781812
11272,-3.158125,1.579063
11273,-2.385621,1.030303
11274,-1.474108,-1.400969
11275,-0.855884,0.733052
11276,-1.384971,1.449729
11277,-0.275215,1.826239
11278,-3.528889,1.579063
11279,-3.051264,1.365341
11280,-1.637893,1.955573
11281,-1.811776,-1.721883
11282,-1.914041,-0.134659
11283,-2.099031,-1.801938
11284,-3.462508,1.191580
11285,-1.811776,-1.721883
11286,-1.965750,-1.801938
11287,-2.873202,0.400969
11288,-3.563623,1.781812
11289,-2.844057,0.730682
11290,-3.335148,1.191580
11291,-2.826042,1.911146
11292,-2.155959,-0.425270
11293,-3.652478,1.826239
11294,-3.304955,1.652478
11295,-3.215828,0.698220
11296,-2.266948,-1.466104
11297,-1.873040,-1.211352
11298,-2.002903,1.911146
11299,-2.641828,1.320914
11300,-2.730682,1.365341
11301,-3.563623,1.781812
11302,-2.777479,-0.445042
11303,-2.119812,-0.109562
11304,-1.200484,0.900969
11305,-2.730682,1.365341
11306,-2.780575,0.603718
11307,-3.065499,1.781812
11308,-3.065499,1.781812
11309,-2.394628,0.440071
11310,-2.635719,0.400969
11311,-2.572099,-0.722521
11312,0.629308,-0.162592
11313,-2.100697,-0.147791
11314,-2.002903,1.911146
11315,0.219124,-0.109562
11316,-2.892753,0.440071
11317,-2.899457,1.449729
11318,-3.123202,0.900969
11319,-2.730682,1.365341
11320,-3.658223,1.449729
11321,-2.654083,-0.425270
11322,-3.333174,1.320914
11323,-2.337712,0.326239
11324,-3.822291,1.911146
11325,-2.892753,0.440071
11326,-2.899457,1.449729
11327,-0.578811,-0.162592
11328,-1.524320,-0.914101
11329,-2.670453,0.603718
11330,-2.106074,-0.658322
11331,-1.978621,0.733052
11332,-2.644197,-0.445042
11333,-3.484462,1.623490
11334,-2.964384,1.191580
11335,-2.136480,0.698220
11336,-1.977662,0.988831
11337,-3.462508,1.191580
11338,-2.837543,1.579063
11339,-3.281713,1.826239
11340,-3.123202,0.900969
11341,-3.528889,1.579063
11342,-1.845869,0.988831
11343,-3.427775,0.988831
11344,-3.427775,0.988831
11345,0.185908,-0.535628
11346,-1.171501,-0.623490
11347,-3.692957,1.652478
11348,-3.167133,0.988831
11349,-3.911146,1.955573
11350,-3.824265,1.781812
11351,-3.528889,1.579063
11352,-2.711958,1.074730
11353,-3.194833,1.652478
11354,-3.911146,1.955573
11355,-3.692957,1.652478
11356,-1.445133,0.698220
11357,-1.864156,-0.367711
11358,-3.326140,1.781812
11359,-3.911146,1.955573
11360,-3.397582,1.449729
11361,-2.700489,1.826239
11362,-1.977662,0.988831
11363,-3.650504,1.955573
11364,-3.650504,1.955573
11365,-2.294861,-0.367711
11366,-2.431855,0.900969
11367,-1.168783,-0.365341
11368,-2.598822,-0.147791
11369,-3.427775,0.988831
11370,-3.333174,1.320914
11371,-2.669008,0.988831
11372,-2.641828,1.320914
11373,-0.821489,0.440071
11374,-1.636943,1.074730
11375,-3.158125,1.579063
11376,-2.383160,1.191580
11377,-3.304955,1.652478
11378,-3.478716,2.000000
11379,-0.823226,0.326239
11380,-2.700489,1.826239
11381,-3.484462,1.623490
11382,-3.158125,1.579063
11383,-1.906779,-0.535628
11384,-1.933731,0.900969
11385,-3.123202,0.900969
11386,-3.153395,0.440071
11387,-1.121986,-0.722521
11388,-2.383160,1.191580
11389,-3.246980,1.623490
11390,-3.484462,1.623490
11391,-3.652478,1.826239
11392,-4.000000,2.000000
11393,-2.899457,1.449729
11394,-3.824265,1.781812
11395,-3.335148,1.191580
11396,-0.371614,-0.623490
11397,-2.669008,0.988831
11398,-3.911146,1.955573
11399,-3.822291,1.911146
11400,-2.176109,0.777479
11401,-0.285640,0.142820
11402,-0.779516,-0.535628
11403,-2.837543,1.579063
11404,-1.550062,0.900969
11405,-1.713557,-0.535628
11406,-2.938128,0.142820
11407,-2.316833,-1.233052
11408,-2.993868,1.030303
11409,-2.872277,1.781812
11410,-2.136480,0.698220
11411,-3.194833,1.652478
11412,-0.855884,0.733052
11413,-1.344281,-0.535628
11414,-2.941449,0.149460
11415,-2.793116,1.623490
11416,-2.641828,1.320914
11417,-2.060606,1.030303
11418,-3.822291,1.911146
11419,-2.256195,-0.445042
11420,-2.256195,-0.445042
11421,-1.413419,-0.914101
11422,-2.181855,0.400969
11423,-2.711958,1.074730
11424,-2.810768,0.142820
11425,-2.149460,1.074730
11426,-3.324167,1.911146
11427,-3.650504,1.955573
11428,-3.824265,1.781812
11429,-3.161387,1.365341
11430,-3.563623,1.781812
11431,-3.650504,1.955573
11432,-3.335148,1.191580
11433,-2.883745,1.030303
11434,-2.383160,1.191580
11435,-1.858780,0.142820
11436,0.669968,0.266948
11437,-0.983709,-1.123490
11438,-3.123202,0.900969
11439,-3.650504,1.955573
11440,-2.149460,1.074730
11441,-3.427775,0.988831
11442,-3.095692,1.320914
11443,-3.955573,1.911146
11444,-3.268248,1.579063
11445,-3.088468,0.698220
11446,0.575655,0.455573
11447,-1.864156,-0.367711
11448,-3.427775,0.988831
11449,-1.409351,-0.147791
11450,-0.861260,0.222521
11451,-3.333174,1.320914
11452,-3.658223,1.449729
11453,-3.822291,1.911146
11454,-3.824265,1.781812
11455,-1.262697,0.326239
11456,-0.700386,1.030303
11457,-3.335148,1.191580
11458,-2.155959,-0.425270
11459,-3.563623,1.781812
11460,-1.977662,0.988831
11461,-2.430339,0.123490
11462,-2.181855,0.400969
11463,-3.911146,1.955573
11464,-3.822291,1.911146
11465,-3.656250,1.579063
11466,-2.810768,0.142820
11467,-2.993868,1.030303
11468,-1.551584,-1.634021
11469,-1.824442,1.449729
11470,-1.801938,0.900969
11471,-2.598822,-0.147791
11472,-1.636943,1.074730
11473,-2.598822,-0.147791
11474,-1.926590,-0.109562
11475,-3.427775,0.988831
11476,-2.730682,1.365341
11477,-3.065499,1.781812
11478,-2.374152,1.781812
11479,-1.074632,0.054604
11480,-3.158125,1.579063
11481,-3.326140,1.781812
11482,-0.272292,-0.658322
11483,-3.427775,0.988831
11484,-1.306849,1.246980
11485,-3.158125,1.579063
11486,-2.892753,0.440071
11487,-2.641828,1.320914
11488,-3.563623,1.781812
11489,-2.717704,0.698220
11490,-2.700489,1.826239
11491,-3.065499,1.781812
11492,-3.158125,1.579063
11493,-2.826042,1.911146
11494,-3.304955,1.652478
11495,-3.333174,1.320914
11496,-3.658223,1.449729
11497,-2.835050,1.320914
11498,-1.914041,-0.134659
11499,-2.256195,-0.445042
11500,-2.899457,1.449729
11501,-2.334986,1.579063
11502,-2.166234,-1.400969
11503,-2.431855,0.900969
11504,-3.563623,1.781812
11505,-3.563623,1.781812
11506,-2.654083,-0.425270
11507,-2.383160,1.191580
11508,-2.635719,0.400969
11509,-3.123202,0.900969
11510,-2.780575,0.603718
11511,-3.563623,1.781812
11512,-2.163198,1.623490
11513,-2.060606,1.030303
11514,-3.824265,1.781812
11515,-1.127350,1.826239
11516,-2.872277,1.781812
11517,-3.335148,1.191580
11518,-2.149460,1.074730
11519,-2.149460,1.074730
11520,-1.461364,0.730682
11521,-3.167133,0.988831
11522,-2.874250,1.652478
11523,-3.167133,0.988831
11524,-1.731816,1.652478
11525,-2.641828,1.320914
11526,-1.303596,-1.488831
11527,-1.419626,-1.123490
11528,-1.717542,-0.914101
11529,-2.261572,-0.955573
11530,-3.478716,2.000000
11531,-3.246980,1.623490
11532,-3.167133,0.988831
11533,-1.864156,-0.367711
11534,-2.366718,-1.000000
11535,-1.921819,-1.889800
11536,-2.892753,0.440071
11537,-1.207436,0.603718
11538,-1.906779,-0.535628
11539,-1.554958,0.777479
11540,-3.563623,1.781812
11541,-3.335148,1.191580
11542,-3.658223,1.449729
11543,-2.899457,1.449729
11544,-3.427775,0.988831
11545,-2.872277,1.781812
11546,0.218617,-0.033258
11547,-1.955475,-0.826239
11548,-3.826239,1.652478
11549,-3.563623,1.781812
11550,-1.214222,1.449729
11551,-2.899457,1.449729
11552,-3.167133,0.988831
11553,-1.836861,1.579063
11554,1.745104,-0.623490
11555,-2.096023,2.000000
11556,-3.652478,1.826239
11557,-2.844057,0.730682
11558,-3.652478,1.826239
11559,-1.977662,0.988831
11560,-2.374152,1.781812
11561,-2.316833,-1.233052
11562,-3.065499,1.781812
11563,-2.810768,0.142820
11564,-3.326140,1.781812
11565,-3.304955,1.652478
11566,-3.427775,0.988831
11567,-1.624178,-1.488831
11568,-2.261572,-0.955573
11569,-3.822291,1.911146
11570,-3.065499,1.781812
11571,-2.541119,0.733052
11572,-2.366718,-1.000000
11573,-1.858780,0.142820
11574,-1.394005,0.455573
11575,-3.650504,1.955573
11576,-2.388932,-0.955573
11577,-3.051264,1.365341
11578,-2.163198,1.623490
11579,-3.194833,1.652478
11580,-2.572099,-0.722521
11581,-2.005777,-1.721883
11582,-1.855707,-1.634021
11583,-2.133667,-1.466104
11584,-2.133667,-1.466104
11585,-2.635719,0.400969
11586,-3.866718,2.000000
11587,-3.692957,1.652478
11588,-3.658223,1.449729
11589,-3.623490,1.246980
11590,-3.194833,1.652478
11591,-2.964384,1.191580
11592,-2.367905,-0.134659
11593,-1.978621,0.733052
11594,-2.635719,0.400969
11595,-1.280886,-1.400969
11596,-1.944528,-1.977662
11597,-2.155959,-0.425270
11598,0.327026,1.320914
11599,-2.149460,1.074730
11600,-3.650504,1.955573
11601,-3.324167,1.911146
11602,-2.883745,1.030303
11603,-2.256195,-0.445042
11604,-2.256195,-0.445042
11605,-1.039051,0.266948
11606,-3.911146,1.955573
11607,-2.654083,-0.425270
11608,-3.911146,1.955573
11609,-3.326140,1.781812
11610,-3.158125,1.579063
11611,-1.026723,1.074730
11612,-3.158125,1.579063
11613,-2.394628,0.440071
11614,-1.551938,0.400969
11615,-2.163198,1.623490
11616,-3.397582,1.449729
11617,-2.155959,-0.425270
11618,-2.518736,1.074730
11619,-2.334986,1.579063
11620,-1.406715,-0.277479
11621,-2.859464,-0.147791
11622,-3.335148,1.191580
11623,-2.349870,0.603718
11624,-3.650504,1.955573
11625,-1.794458,-1.889800
11626,-3.335148,1.191580
11627,-3.365341,0.730682
11628,-2.518736,1.074730
11629,-0.801039,-1.488831
11630,-0.434577,-0.109562
11631,-1.643120,1.191580
11632,-3.623490,1.246980
11633,-1.062213,-0.074730
11634,-1.132335,-0.826239
11635,-3.304955,1.652478
11636,-1.550062,0.900969
11637,-3.650504,1.955573
11638,-2.431855,0.900969
11639,-3.158125,1.579063
11640,-3.652478,1.826239
11641,-3.563623,1.781812
11642,-3.335148,1.191580
11643,-3.304955,1.652478
11644,-2.383160,1.191580
11645,-2.334986,1.579063
11646,-3.658223,1.449729
11647,-2.096023,2.000000
11648,-3.095692,1.320914
11649,-3.246980,1.623490
11650,-2.706235,1.449729
11651,-3.658223,1.449729
11652,-1.858780,0.142820
11653,-3.650504,1.955573
11654,-3.335148,1.191580
11655,-3.095692,1.320914
11656,-2.176109,0.777479
11657,-1.039051,0.266948
11658,-3.650504,1.955573
11659,-3.246980,1.623490
11660,-1.207436,0.603718
11661,-3.123202,0.900969
11662,-3.158125,1.579063
11663,-3.397582,1.449729
11664,-3.911146,1.955573
11665,-3.484462,1.623490
11666,-3.822291,1.911146
11667,-3.335148,1.191580
11668,-3.824265,1.781812
11669,-3.153395,0.440071
11670,-3.484462,1.623490
11671,-3.246980,1.623490
11672,-2.874250,1.652478
11673,-3.652478,1.826239
11674,-3.822291,1.911146
11675,-2.163198,1.623490
11676,-3.650504,1.955573
11677,-3.822291,1.911146
11678,-3.911146,1.955573
11679,-3.656250,1.579063
11680,-3.824265,1.781812
11681,-1.461364,0.730682
11682,-2.541119,0.733052
11683,-3.326140,1.781812
11684,-2.394628,0.440071
11685,-1.607199,0.123490
11686,-3.326140,1.781812
11687,-3.158125,1.579063
11688,-3.652478,1.826239
11689,-2.700489,1.826239
11690,-2.176109,0.777479
11691,-2.641828,1.320914
11692,-3.397582,1.449729
11693,-2.700489,1.826239
11694,-0.721721,-0.367711
11695,-0.828197,0.988831
11696,-1.551938,0.400969
11697,-3.215828,0.698220
11698,-3.490208,1.246980
11699,-3.563623,1.781812
11700,-1.280886,-1.400969
11701,-1.558067,-1.233052
11702,-2.635719,0.400969
11703,-2.941449,0.149460
11704,-1.928302,-1.488831
11705,-2.711958,1.074730
11706,-3.167133,0.988831
11707,-2.334986,1.579063
11708,-1.554958,0.777479
11709,-3.167133,0.988831
11710,0.087252,-0.074730
11711,0.304958,0.222521
11712,-3.335148,1.191580
11713,-3.652478,1.826239
11714,-0.272729,0.988831
11715,-2.717704,0.698220
11716,-1.928302,-1.488831
11717,-2.730682,1.365341
11718,-2.272552,1.320914
11719,0.196404,0.011169
11720,-1.557314,-0.109562
11721,-0.823226,0.326239
11722,-1.926590,-0.109562
11723,-2.826042,1.911146
11724,-2.892753,0.440071
11725,-1.074632,0.054604
11726,-3.484462,1.623490
11727,-3.158125,1.579063
11728,-3.824265,1.781812
11729,-3.246980,1.623490
11730,-3.824265,1.781812
11731,-2.873202,0.400969
11732,-3.563623,1.781812
11733,-3.824265,1.781812
11734,-1.801938,0.900969
11735,-0.642527,-0.914101
11736,-1.474108,-1.400969
11737,-2.430339,0.123490
11738,-3.161387,1.365341
11739,-3.656250,1.579063
11740,-3.335148,1.191580
11741,-2.256195,-0.445042
11742,-3.490208,1.246980
11743,-1.858780,0.142820
11744,-2.941449,0.149460
11745,-0.520157,-0.162592
11746,-3.652478,1.826239
11747,-3.911146,1.955573
11748,-3.484462,1.623490
11749,-2.208111,1.449729
11750,-3.158125,1.579063
11751,-3.658223,1.449729
11752,-3.123202,0.900969
11753,-2.874250,1.652478
11754,-3.911146,1.955573
11755,-1.275116,0.455573
11756,-1.534266,-1.801938
11757,-0.771367,0.222521
11758,-3.652478,1.826239
11759,-2.899457,1.449729
11760,-1.637893,1.955573
11761,-0.700386,1.030303
11762,-3.658223,1.449729
11763,-3.365341,0.730682
11764,-3.158125,1.579063
11765,-2.706235,1.449729
11766,-2.899457,1.449729
11767,-2.717704,0.698220
11768,-1.977662,0.988831
11769,-3.650504,1.955573
11770,-3.484462,1.623490
11771,-3.335148,1.191580
11772,-2.149460,1.074730
11773,-2.669008,0.988831
11774,-2.892753,0.440071
11775,-3.335148,1.191580
11776,-3.335148,1.191580
11777,-2.367905,-0.134659
11778,-3.911146,1.955573
11779,-3.652478,1.826239
11780,-2.810768,0.142820
11781,-2.163198,1.623490
11782,-3.484462,1.623490
11783,-2.385621,1.030303
11784,-0.855884,0.733052
11785,-1.624178,-1.488831
11786,-0.642527,-0.914101
11787,-1.127350,1.826239
11788,-1.594507,0.222521
11789,-0.700386,1.030303
11790,-1.864156,-0.367711
11791,-2.835050,1.320914
11792,-3.152379,1.955573
11793,-3.158125,1.579063
11794,-2.383160,1.191580
11795,-3.650504,1.955573
11796,-3.397582,1.449729
11797,-2.367905,-0.134659
11798,-3.326140,1.781812
11799,-2.605388,-0.134659
11800,-3.123202,0.900969
11801,-0.609756,1.623490
11802,-2.793116,1.623490
11803,-3.528889,1.579063
11804,-2.669008,0.988831
11805,-1.978716,-1.000000
11806,-3.650504,1.955573
11807,-3.397582,1.449729
11808,-2.964384,1.191580
11809,-3.911146,1.955573
11810,-2.431855,0.900969
11811,-2.163198,1.623490
11812,-3.268248,1.579063
11813,-3.528889,1.579063
11814,-3.065499,1.781812
11815,-2.669008,0.988831
11816,-3.955573,1.911146
11817,-3.232059,0.730682
11818,-2.431855,0.900969
11819,-2.144490,0.326239
11820,-0.749532,0.698220
11821,0.233742,-0.367711
11822,-1.409351,-0.147791
11823,-3.102206,1.246980
11824,-2.141244,1.191580
11825,-3.692957,1.652478
11826,-2.576901,1.579063
11827,-2.461033,1.955573
11828,-1.978621,0.733052
11829,-1.568917,-1.211352
11830,-1.284124,-0.134659
11831,-1.934194,0.777479
11832,-3.051264,1.365341
11833,-3.658223,1.449729
11834,-3.694931,1.911146
11835,-3.194833,1.652478
11836,-2.711958,1.074730
11837,-2.166234,-1.400969
11838,-1.794458,-1.889800
11839,-3.427775,0.988831
11840,-3.326140,1.781812
11841,-3.152379,1.955573
11842,-0.445042,0.222521
11843,0.437420,0.400969
11844,-1.116526,0.733052
11845,-2.670453,0.603718
11846,-3.692957,1.652478
11847,-3.102206,1.246980
11848,-1.928302,-1.488831
11849,-2.316833,-1.233052
11850,-1.928302,-1.488831
11851,-2.696708,1.652478
11852,-3.528889,1.579063
11853,-2.793116,1.623490
11854,-3.779838,1.826239
11855,-1.254687,0.698220
11856,-3.694931,1.911146
11857,-3.824265,1.781812
11858,-3.427775,0.988831
11859,-3.563623,1.781812
11860,-3.088468,0.698220
11861,-1.849772,0.733052
11862,-3.051264,1.365341
11863,-3.167133,0.988831
11864,-1.847313,0.603718
11865,0.289016,-0.134659
11866,-2.859464,-0.147791
11867,-3.692957,1.652478
11868,-3.326140,1.781812
11869,-3.427775,0.988831
11870,-2.892753,0.440071
11871,-3.692957,1.652478
11872,-3.434289,1.911146
11873,-2.872277,1.781812
11874,-0.654932,1.030303
11875,-1.489885,-1.977662
11876,-1.419626,-1.123490
11877,-2.810768,0.142820
11878,-2.461033,1.955573
11879,-1.762008,1.191580
11880,-0.911146,0.455573
11881,-2.155959,-0.425270
11882,-0.728444,-1.634021
11883,-1.703282,0.440071
11884,-2.208111,1.449729
11885,-2.899457,1.449729
11886,-3.153395,0.440071
11887,-1.978621,0.733052
11888,-3.484462,1.623490
11889,-2.163198,1.623490
11890,-3.065499,1.781812
11891,-2.184738,-0.367711
11892,-2.106074,-0.658322
11893,-1.801938,0.900969
11894,-2.644197,-0.445042
11895,-1.171501,-0.623490
11896,-0.179571,1.191580
11897,-1.396440,0.698220
11898,-0.828209,-0.535628
11899,-2.015156,0.455573
11900,-3.650504,1.955573
11901,-3.563623,1.781812
11902,-3.779838,1.826239
11903,-2.669008,0.988831
11904,-3.065499,1.781812
11905,-3.397582,1.449729
11906,-3.779838,1.826239
11907,-3.650504,1.955573
11908,-2.598822,-0.147791
11909,-1.648630,-0.277479
11910,-2.440004,0.142820
11911,-2.742943,1.911146
11912,-3.650504,1.955573
11913,-3.955573,1.911146
11914,-2.899457,1.449729
11915,-3.563623,1.781812
11916,-1.760035,1.320914
11917,-0.378932,-0.445042
11918,-0.652478,0.326239
11919,-3.326140,1.781812
11920,-2.100697,-0.147791
11921,-0.860591,0.400969
11922,-2.605388,-0.134659
11923,-2.810768,0.142820
11924,-2.793116,1.623490
11925,-3.652478,1.826239
11926,-3.153395,0.440071
11927,-3.484462,1.623490
11928,-3.563623,1.781812
11929,-2.941449,0.149460
11930,-2.366718,-1.000000
11931,-3.333174,1.320914
11932,-1.309583,-0.955573
11933,-2.844057,0.730682
11934,-3.158125,1.579063
11935,-2.383160,1.191580
11936,-3.658223,1.449729
11937,-3.650504,1.955573
11938,-3.161387,1.365341
11939,-3.658223,1.449729
11940,-3.656250,1.579063
11941,-2.168944,1.246980
11942,-2.654083,-0.425270
11943,-1.088404,-0.914101
11944,-1.120429,-1.721883
11945,-1.551584,-1.634021
11946,-2.700489,1.826239
11947,-2.641828,1.320914
11948,-0.109208,0.054604
11949,-0.966034,-0.162592
11950,-2.742943,1.911146
11951,-3.824265,1.781812
11952,-3.326140,1.781812
11953,-2.431855,0.900969
11954,-2.670453,0.603718
11955,-3.528889,1.579063
11956,-3.911146,1.955573
11957,-3.563623,1.781812
11958,-1.648630,-0.277479
11959,-0.966034,-0.162592
11960,-3.088468,0.698220
11961,-0.779516,-0.535628
11962,-2.149460,1.074730
11963,-2.899457,1.449729
11964,-1.349578,0.500000
11965,-3.563623,1.781812
11966,-2.872277,1.781812
11967,-3.478716,2.000000
11968,-3.167133,0.988831
11969,-2.343556,-0.658322
11970,-3.095692,1.320914
11971,-3.158125,1.579063
11972,-2.873202,0.400969
11973,-1.466104,0.733052
11974,-3.215828,0.698220
11975,-2.572099,-0.722521
11976,-3.652478,1.826239
11977,-2.349870,0.603718
11978,-2.208111,1.449729
11979,-3.650504,1.955573
11980,-2.993868,1.030303
11981,-0.967322,0.123490
11982,-2.109756,0.123490
11983,-3.563623,1.781812
11984,-1.648630,-0.277479
11985,-3.246980,1.623490
11986,-3.333174,1.320914
11987,-3.333174,1.320914
11988,-0.275215,1.826239
11989,-3.484462,1.623490
11990,-3.281713,1.826239
11991,-3.866718,2.000000
11992,-3.123202,0.900969
11993,-3.326140,1.781812
11994,-1.988459,-1.889800
11995,-3.102206,1.246980
11996,-2.208111,1.449729
11997,-3.911146,1.955573
11998,-3.694931,1.911146
11999,-1.413198,1.623490
12000,-3.232059,0.730682
12001,-3.326140,1.781812
12002,-2.964384,1.191580
12003,-0.563340,0.698220
12004,-3.650504,1.955573
12005,-2.526723,-0.425270
12006,-3.434289,1.911146
12007,-3.779838,1.826239
12008,-3.095692,1.320914
12009,-3.658223,1.449729
12010,-1.789708,1.246980
12011,-3.232059,0.730682
12012,-2.109756,0.123490
12013,-3.095692,1.320914
12014,-3.528889,1.579063
12015,-3.911146,1.955573
12016,-1.847313,0.603718
12017,-2.706235,1.449729
12018,-2.349870,0.603718
12019,-1.933731,0.900969
12020,-3.161387,1.365341
12021,-2.272552,1.320914
12022,-3.333174,1.320914
12023,-2.892753,0.440071
12024,-2.700489,1.826239
12025,-3.161387,1.365341
12026,-3.158125,1.579063
12027,-1.127350,1.826239
12028,-3.324167,1.911146
12029,-2.826042,1.911146
12030,-3.563623,1.781812
12031,-2.256195,-0.445042
12032,-2.181855,0.400969
12033,-4.000000,2.000000
12034,-4.000000,2.000000
12035,-3.304955,1.652478
12036,-2.874250,1.652478
12037,-1.717979,0.733052
12038,-3.824265,1.781812
12039,-2.873202,0.400969
12040,-2.430339,0.123490
12041,-3.158125,1.579063
12042,-4.000000,2.000000
12043,-3.563623,1.781812
12044,-3.335148,1.191580
12045,-3.365341,0.730682
12046,-3.650504,1.955573
12047,-2.541119,0.733052
12048,-3.826239,1.652478
12049,-3.826239,1.652478
12050,-3.335148,1.191580
12051,-3.658223,1.449729
12052,-2.347897,0.733052
12053,-2.777479,-0.445042
12054,-3.333174,1.320914
12055,-3.652478,1.826239
12056,-2.641828,1.320914
12057,-1.914041,-0.134659
12058,-1.977662,0.988831
12059,-3.650504,1.955573
12060,-1.977662,0.988831
12061,-3.650504,1.955573
12062,-3.824265,1.781812
12063,-3.335148,1.191580
12064,-3.161387,1.365341
12065,-3.652478,1.826239
12066,-3.158125,1.579063
12067,-1.858780,0.142820
12068,-0.140335,-0.147791
12069,-1.922262,1.652478
12070,-0.700307,0.733052
12071,-2.176109,0.777479
12072,-3.158125,1.579063
12073,-1.466104,0.733052
12074,-1.423694,-1.889800
12075,-1.607199,0.123490
12076,-3.658223,1.449729
12077,-3.822291,1.911146
12078,-3.826239,1.652478
12079,-3.650504,1.955573
12080,-2.635719,0.400969
12081,-2.493959,1.246980
12082,-3.335148,1.191580
12083,0.249707,0.603718
12084,-0.666236,-1.634021
12085,-2.349870,0.603718
12086,-3.826239,1.652478
12087,-3.490208,1.246980
12088,-2.181855,0.400969
12089,-2.261572,-0.955573
12090,-3.153395,0.440071
12091,-0.151111,-0.365341
12092,-2.149460,1.074730
12093,-0.911146,0.455573
12094,-2.394628,0.440071
12095,-1.914041,-0.134659
12096,-0.824281,-0.162592
12097,-3.822291,1.911146
12098,-3.652478,1.826239
12099,-3.324167,1.911146
12100,-0.274673,1.652478
12101,-3.333174,1.320914
12102,-3.911146,1.955573
12103,-2.493959,1.246980
12104,-2.500000,-1.000000
12105,-2.837543,1.579063
12106,-1.933731,0.900969
12107,-3.051264,1.365341
12108,-2.374152,1.781812
12109,-1.695108,1.579063
12110,-1.890808,-0.955573
12111,-3.462508,1.191580
12112,-1.254687,0.698220
12113,-3.658223,1.449729
12114,-2.336959,1.449729
12115,-3.955573,1.911146
12116,-2.144490,0.326239
12117,-3.692957,1.652478
12118,-2.837543,1.579063
12119,-2.302521,1.030303
12120,-2.892753,0.440071
12121,-0.637763,-0.535628
12122,-2.110972,-1.123490
12123,-1.965750,-1.801938
12124,0.159941,0.123490
12125,-2.015156,0.455573
12126,-3.779838,1.826239
12127,-3.434289,1.911146
12128,-3.650504,1.955573
12129,-1.637893,1.955573
12130,-3.779838,1.826239
12131,-2.993868,1.030303
12132,-2.964384,1.191580
12133,-3.153395,0.440071
12134,-3.427775,0.988831
12135,-3.650504,1.955573
12136,-2.899457,1.449729
12137,-0.602063,-0.162592
12138,-3.650504,1.955573
12139,-3.051264,1.365341
12140,-1.027479,-0.277479
12141,-0.299901,-1.211352
12142,-3.490208,1.246980
12143,-3.161387,1.365341
12144,-3.326140,1.781812
12145,-3.484462,1.623490
12146,-2.899457,1.449729
12147,-3.822291,1.911146
12148,-2.430339,0.123490
12149,-3.656250,1.579063
12150,-3.822291,1.911146
12151,-2.641828,1.320914
12152,-1.690819,-1.488831
12153,-1.507653,-1.721883
12154,-0.367567,0.455573
12155,-2.184738,-0.367711
12156,-2.541119,0.733052
12157,-3.246980,1.623490
12158,-2.837543,1.579063
12159,-0.650969,0.099031
12160,-2.859464,-0.147791
12161,-2.065597,-0.826239
12162,-2.099031,-1.801938
12163,-1.419626,-1.123490
12164,-1.396440,0.698220
12165,-1.977662,0.988831
12166,-2.899457,1.449729
12167,-3.563623,1.781812
12168,-2.605388,-0.134659
12169,-2.885719,0.900969
12170,-2.780575,0.603718
12171,-1.977662,0.988831
12172,-3.153395,0.440071
12173,-1.462714,0.222521
12174,-2.168944,1.246980
12175,-3.158125,1.579063
12176,-2.810768,0.142820
12177,-3.824265,1.781812
12178,-3.123202,0.900969
12179,-3.326140,1.781812
12180,-3.152379,1.955573
12181,-3.656250,1.579063
12182,-3.158125,1.579063
12183,-3.215828,0.698220
12184,-2.385621,1.030303
12185,-2.641828,1.320914
12186,-3.158125,1.579063
12187,-3.167133,0.988831
12188,-3.824265,1.781812
12189,-2.383160,1.191580
12190,-1.588247,1.365341
12191,-1.731816,1.652478
12192,-3.326140,1.781812
12193,-3.650504,1.955573
12194,-3.652478,1.826239
12195,-2.873202,0.400969
12196,-2.163198,1.623490
12197,-2.892753,0.440071
12198,-3.158125,1.579063
12199,0.192876,1.781812
12200,-2.899457,1.449729
12201,-2.343556,-0.658322
12202,-3.167133,0.988831
12203,-3.652478,1.826239
12204,-3.656250,1.579063
12205,-3.652478,1.826239
12206,-3.324167,1.911146
12207,-3.153395,0.440071
12208,-3.478716,2.000000
12209,-3.650504,1.955573
12210,-2.717704,0.698220
12211,-3.095692,1.320914
12212,-3.911146,1.955573
12213,-3.822291,1.911146
12214,-3.397582,1.449729
12215,-3.326140,1.781812
12216,-3.324167,1.911146
12217,-3.822291,1.911146
12218,-3.826239,1.652478
12219,-1.370469,-1.000000
12220,-3.484462,1.623490
12221,-2.872277,1.781812
12222,-3.563623,1.781812
12223,-3.490208,1.246980
12224,-3.158125,1.579063
12225,-2.700489,1.826239
12226,-3.335148,1.191580
12227,-2.780575,0.603718
12228,-3.397582,1.449729
12229,-2.336959,1.449729
12230,-3.911146,1.955573
12231,-2.870469,2.000000
12232,-2.038874,-1.400969
12233,-3.232059,0.730682
12234,-1.551012,1.781812
12235,-3.333174,1.320914
12236,-3.692957,1.652478
12237,-3.484462,1.623490
12238,-3.955573,1.911146
12239,-1.849772,0.733052
12240,-1.406715,-0.277479
12241,-3.650504,1.955573
12242,-1.801938,0.900969
12243,-1.229693,-1.889800
12244,-3.167133,0.988831
12245,-2.899457,1.449729
12246,-3.822291,1.911146
12247,-2.334986,1.579063
12248,-3.335148,1.191580
12249,-3.658223,1.449729
12250,-1.442336,-1.211352
12251,-1.858780,0.142820
12252,-2.641828,1.320914
12253,-3.158125,1.579063
12254,-1.275116,0.455573
12255,-2.706235,1.449729
12256,-2.316833,-1.233052
12257,-3.656250,1.579063
12258,-2.654083,-0.425270
12259,-1.845869,0.988831
12260,-3.652478,1.826239
12261,-3.158125,1.579063
12262,-2.635719,0.400969
12263,-0.847680,1.246980
12264,-3.215828,0.698220
12265,-3.333174,1.320914
12266,-2.826042,1.911146
12267,-0.764573,0.326239
12268,0.087252,-0.074730
12269,-2.181855,0.400969
12270,-0.609756,1.623490
12271,-1.945199,0.149460
12272,-3.427775,0.988831
12273,-2.874250,1.652478
12274,-2.810768,0.142820
12275,-1.794458,-1.889800
12276,-2.336959,1.449729
12277,-2.374152,1.781812
12278,-3.123202,0.900969
12279,-3.051264,1.365341
12280,-3.326140,1.781812
12281,-3.650504,1.955573
12282,-3.051264,1.365341
12283,-3.246980,1.623490
12284,-2.576901,1.579063
12285,-3.563623,1.781812
12286,-2.641828,1.320914
12287,-1.169803,1.911146
12288,-3.484462,1.623490
12289,-2.553446,0.149460
12290,-3.153395,0.440071
12291,-3.658223,1.449729
12292,-2.038874,-1.400969
12293,-2.065597,-0.826239
12294,-3.123202,0.900969
12295,-3.326140,1.781812
12296,-3.623490,1.246980
12297,-2.259209,0.777479
12298,-1.254687,0.698220
12299,-2.100697,-0.147791
12300,-3.434289,1.911146
12301,-2.347897,0.733052
12302,-1.978716,-1.000000
12303,-2.311457,-0.722521
12304,-3.088468,0.698220
12305,-3.051264,1.365341
12306,-1.847313,0.603718
12307,-3.397582,1.449729
12308,-3.268248,1.579063
12309,-2.302521,1.030303
12310,-1.394005,0.455573
12311,-3.955573,1.911146
12312,-2.742943,1.911146
12313,-3.528889,1.579063
12314,-2.347897,0.733052
12315,-1.681370,1.030303
12316,-2.051596,1.911146
12317,-2.641828,1.320914
12318,-3.955573,1.911146
12319,-3.911146,1.955573
12320,-2.208111,1.449729
12321,-2.302521,1.030303
12322,-3.484462,1.623490
12323,-3.779838,1.826239
12324,-3.232059,0.730682
12325,-2.670453,0.603718
12326,-3.866718,2.000000
12327,-1.637893,1.955573
12328,-0.654932,1.030303
12329,-1.394005,0.455573
12330,-2.885719,0.900969
12331,-3.397582,1.449729
12332,-1.170753,0.149460
12333,-1.917063,0.093187
12334,-0.729953,0.093187
12335,-2.670453,0.603718
12336,-3.123202,0.900969
12337,-2.349870,0.603718
12338,-2.717704,0.698220
12339,-3.824265,1.781812
12340,-2.518736,1.074730
12341,-2.518736,1.074730
12342,-3.427775,0.988831
12343,-3.478716,2.000000
12344,-2.780575,0.603718
12345,-3.333174,1.320914
12346,-3.652478,1.826239
12347,-3.167133,0.988831
12348,-3.326140,1.781812
12349,-3.490208,1.246980
12350,-3.167133,0.988831
12351,-3.304955,1.652478
12352,-3.158125,1.579063
12353,-2.892753,0.440071
12354,-3.650504,1.955573
12355,-3.563623,1.781812
12356,-2.242359,1.781812
12357,-2.272552,1.320914
12358,-3.158125,1.579063
12359,-1.858780,0.142820
12360,-2.056191,-1.233052
12361,-3.824265,1.781812
12362,-3.427775,0.988831
12363,-1.836861,1.579063
12364,-2.098256,0.455573
12365,-2.810768,0.142820
12366,-0.212537,0.054604
12367,-2.885719,0.900969
12368,-1.179763,1.911146
12369,0.174686,0.054604
12370,-1.072099,0.777479
12371,-2.873202,0.400969
12372,-1.727818,-1.889800
12373,-1.733246,0.500000
12374,-1.261910,1.320914
12375,-3.158125,1.579063
12376,-1.906779,-0.535628
12377,-0.159449,-0.109562
12378,-3.065499,1.781812
12379,-3.427775,0.988831
12380,-2.669008,0.988831
12381,-1.789708,1.246980
12382,-3.232059,0.730682
12383,-3.153395,0.440071
12384,-2.892753,0.440071
12385,-2.899457,1.449729
12386,0.105995,1.955573
12387,-3.563623,1.781812
12388,-3.528889,1.579063
12389,-2.654083,-0.425270
12390,-3.563623,1.781812
12391,-3.656250,1.579063
12392,-3.822291,1.911146
12393,-3.397582,1.449729
12394,-1.550062,0.900969
12395,-3.335148,1.191580
12396,-2.885719,0.900969
12397,-3.911146,1.955573
12398,-3.335148,1.191580
12399,-2.730682,1.365341
12400,-2.835050,1.320914
12401,-0.151626,1.579063
12402,-3.161387,1.365341
12403,0.269318,-0.134659
12404,-1.858780,0.142820
12405,-3.490208,1.246980
12406,-3.911146,1.955573
12407,-1.466104,0.733052
12408,-2.872277,1.781812
12409,-3.324167,1.911146
12410,-2.641828,1.320914
12411,-2.493959,1.246980
12412,-3.335148,1.191580
12413,-1.088404,-0.914101
12414,-0.447472,-0.425270
12415,-1.396440,0.698220
12416,-3.826239,1.652478
12417,-2.256195,-0.445042
12418,-3.158125,1.579063
12419,-3.215828,0.698220
12420,-3.427775,0.988831
12421,-3.123202,0.900969
12422,-2.873202,0.400969
12423,-3.427775,0.988831
12424,-2.717704,0.698220
12425,-2.394628,0.440071
12426,-3.304955,1.652478
12427,-2.883745,1.030303
12428,-0.272292,-0.658322
12429,-3.215828,0.698220
12430,-2.176109,0.777479
12431,-2.641828,1.320914
12432,-1.845869,0.988831
12433,-2.780575,0.603718
12434,-2.605388,-0.134659
12435,-1.978621,0.733052
12436,-3.158125,1.579063
12437,-3.824265,1.781812
12438,-3.158125,1.579063
12439,-3.822291,1.911146
12440,-2.883745,1.030303
12441,-3.153395,0.440071
12442,-3.365341,0.730682
12443,-2.899457,1.449729
12444,-3.304955,1.652478
12445,-2.874250,1.652478
12446,-2.176109,0.777479
12447,-2.383160,1.191580
12448,-2.493959,1.246980
12449,-2.272552,1.320914
12450,-3.158125,1.579063
12451,-2.859464,-0.147791
12452,-3.158125,1.579063
12453,-2.641828,1.320914
12454,-3.161387,1.365341
12455,-3.824265,1.781812
12456,0.763733,-1.123490
12457,-1.461364,0.730682
12458,-3.652478,1.826239
12459,-3.911146,1.955573
12460,-3.427775,0.988831
12461,0.449827,1.579063
12462,-1.132335,-0.826239
12463,-1.977662,0.988831
12464,-3.658223,1.449729
12465,-3.246980,1.623490
12466,-3.822291,1.911146
12467,-3.563623,1.781812
12468,-2.163198,1.623490
12469,-3.652478,1.826239
12470,-3.650504,1.955573
12471,-3.822291,1.911146
12472,-3.484462,1.623490
12473,-3.826239,1.652478
12474,-3.427775,0.988831
12475,-0.275975,0.123490
12476,-1.466104,0.733052
12477,-3.822291,1.911146
12478,-2.119812,-0.109562
12479,-2.885719,0.900969
12480,-3.153395,0.440071
12481,-2.060606,1.030303
12482,-2.873202,0.400969
12483,-2.717704,0.698220
12484,-3.652478,1.826239
12485,-3.658223,1.449729
12486,-2.844057,0.730682
12487,-3.427775,0.988831
12488,-0.824281,-0.162592
12489,-2.383160,1.191580
12490,-2.541119,0.733052
12491,-2.793116,1.623490
12492,-2.060606,1.030303
12493,-1.420728,1.030303
12494,-2.302521,1.030303
12495,-3.194833,1.652478
12496,-2.641828,1.320914
12497,-1.574293,-1.721883
12498,-1.551584,-1.634021
12499,-2.873202,0.400969
12500,-3.051264,1.365341
12501,-3.623490,1.246980
12502,-0.195054,-1.801938
12503,-3.088468,0.698220
12504,-3.623490,1.246980
12505,-2.149460,1.074730
12506,-2.837543,1.579063
12507,-2.367905,-0.134659
12508,-2.337712,0.326239
12509,-2.964384,1.191580
12510,-3.484462,1.623490
12511,-3.528889,1.579063
12512,-3.051264,1.365341
12513,-1.254687,0.698220
12514,-3.152379,1.955573
12515,-3.326140,1.781812
12516,-2.563163,1.030303
12517,-3.824265,1.781812
12518,-3.528889,1.579063
12519,-3.528889,1.579063
12520,-3.650504,1.955573
12521,-3.281713,1.826239
12522,-1.801938,0.900969
12523,-1.361599,-0.367711
12524,-2.837543,1.579063
12525,-2.302521,1.030303
12526,-3.484462,1.623490
12527,-3.268248,1.579063
12528,-3.434289,1.911146
12529,-1.254687,0.698220
12530,-1.647948,-0.445042
12531,-2.938128,0.142820
12532,-2.500000,-1.000000
12533,-3.484462,1.623490
12534,-3.955573,1.911146
12535,-2.964384,1.191580
12536,-3.152379,1.955573
12537,-3.281713,1.826239
12538,-3.281713,1.826239
12539,-2.793116,1.623490
12540,-2.228125,1.365341
12541,-3.563623,1.781812
12542,-1.409351,-0.147791
12543,-2.541119,0.733052
12544,-3.692957,1.652478
12545,-1.775215,0.326239
12546,-2.892753,0.440071
12547,-1.934194,0.777479
12548,-0.368582,0.440071
12549,-1.634892,-0.826239
12550,-2.149460,1.074730
12551,-2.576901,1.579063
12552,-1.713557,-0.535628
12553,-3.490208,1.246980
12554,-1.474108,-1.400969
12555,-1.423694,-1.889800
12556,-2.266948,-1.466104
12557,-0.415545,-0.535628
12558,-1.811776,-1.721883
12559,-1.794458,-1.889800
12560,-2.343556,-0.658322
12561,-1.231001,-1.634021
12562,-3.246980,1.623490
12563,-3.246980,1.623490
12564,-3.304955,1.652478
12565,-3.335148,1.191580
12566,-1.574293,-1.721883
12567,-2.038874,-1.400969
12568,-1.811776,-1.721883
12569,-1.858780,0.142820
12570,-3.333174,1.320914
12571,-2.060606,1.030303
12572,-1.475625,-0.623490
12573,-3.065499,1.781812
12574,-1.466104,0.733052
12575,-3.658223,1.449729
12576,-3.911146,1.955573
12577,-2.835050,1.320914
12578,-3.563623,1.781812
12579,-1.475625,-0.623490
12580,-0.938334,-0.826239
12581,-2.563163,1.030303
12582,-3.779838,1.826239
12583,-3.955573,1.911146
12584,-1.647948,-0.445042
12585,-3.528889,1.579063
12586,-1.877888,-1.977662
12587,-0.831764,-0.535628
12588,-0.472729,-0.033258
12589,-0.784266,0.900969
12590,-1.794458,-1.889800
12591,-2.349870,0.603718
12592,-1.244415,0.988831
12593,-3.822291,1.911146
12594,-2.941449,0.149460
12595,-3.427775,0.988831
12596,-3.397582,1.449729
12597,-2.541119,0.733052
12598,-2.383160,1.191580
12599,-3.304955,1.652478
12600,-3.650504,1.955573
12601,-1.636943,1.074730
12602,-3.658223,1.449729
12603,-2.500000,-1.000000
12604,-2.316833,-1.233052
12605,-3.246980,1.623490
12606,-2.964384,1.191580
12607,-2.302521,1.030303
12608,-1.647948,-0.445042
12609,-3.528889,1.579063
12610,0.946404,-1.488831
12611,-1.088404,-0.914101
12612,-3.490208,1.246980
12613,-1.550062,0.900969
12614,-2.941449,0.149460
12615,-3.152379,1.955573
12616,-3.153395,0.440071
12617,-2.669008,0.988831
12618,-3.167133,0.988831
12619,-3.123202,0.900969
12620,-1.607199,0.123490
12621,-1.349189,0.603718
12622,-3.866718,2.000000
12623,-3.694931,1.911146
12624,-3.268248,1.579063
12625,-3.694931,1.911146
12626,-3.779838,1.826239
12627,0.588389,0.099031
12628,-1.934194,0.777479
12629,-1.648630,-0.277479
12630,-0.450484,-1.801938
12631,-2.742943,1.911146
12632,-3.065499,1.781812
12633,-3.194833,1.652478
12634,-1.719513,1.246980
12635,-2.670453,0.603718
12636,-3.123202,0.900969
12637,-3.152379,1.955573
12638,-3.268248,1.579063
12639,-2.938128,0.142820
12640,-2.605388,-0.134659
12641,-2.540461,0.123490
12642,-1.592048,0.093187
12643,-3.563623,1.781812
12644,-3.563623,1.781812
12645,-1.637893,1.955573
12646,-2.056191,-1.233052
12647,-1.323809,0.455573
12648,-2.141244,1.191580
12649,-3.095692,1.320914
12650,-3.623490,1.246980
12651,-3.484462,1.623490
12652,-3.824265,1.781812
12653,-3.484462,1.623490
12654,-3.955573,1.911146
12655,-3.650504,1.955573
12656,-2.563163,1.030303
12657,-2.563163,1.030303
12658,-3.866718,2.000000
12659,-3.268248,1.579063
12660,-2.553446,0.149460
12661,-1.647948,-0.445042
12662,-2.526723,-0.425270
12663,-3.232059,0.730682
12664,-3.528889,1.579063
12665,-3.528889,1.579063
12666,-3.563623,1.781812
12667,-2.374152,1.781812
12668,-2.872277,1.781812
12669,-2.366718,-1.000000
12670,-2.144490,0.326239
12671,-3.335148,1.191580
12672,-3.650504,1.955573
12673,-3.490208,1.246980
12674,-3.824265,1.781812
12675,-2.598822,-0.147791
12676,-1.965750,-1.801938
12677,-0.567329,-0.365341
12678,-3.158125,1.579063
12679,-1.858780,0.142820
12680,-2.256195,-0.445042
12681,-2.367905,-0.134659
12682,-3.152379,1.955573
12683,-2.060606,1.030303
12684,-2.641828,1.320914
12685,-2.385621,1.030303
12686,-2.334986,1.579063
12687,-2.711958,1.074730
12688,-2.493959,1.246980
12689,-1.593993,0.988831
12690,-3.365341,0.730682
12691,-1.978621,0.733052
12692,-3.246980,1.623490
12693,-3.824265,1.781812
12694,-2.835050,1.320914
12695,-2.700489,1.826239
12696,-2.835050,1.320914
12697,-1.811776,-1.721883
12698,-0.022037,-0.623490
12699,-1.474108,-1.400969
12700,-1.588247,1.365341
12701,0.020611,-0.074730
12702,-3.246980,1.623490
12703,-3.866718,2.000000
12704,-3.911146,1.955573
12705,-2.964384,1.191580
12706,-3.866718,2.000000
12707,-3.246980,1.623490
12708,-3.268248,1.579063
12709,-1.120429,-1.721883
12710,-0.881639,-1.977662
12711,-1.647948,-0.445042
12712,-2.696708,1.652478
12713,-3.658223,1.449729
12714,-2.272552,1.320914
12715,-3.268248,1.579063
12716,-0.939778,-1.211352
12717,-1.634892,-0.826239
12718,-1.695108,1.579063
12719,-3.427775,0.988831
12720,-2.993868,1.030303
12721,-3.692957,1.652478
12722,-1.072099,0.777479
12723,-3.911146,1.955573
12724,-1.703282,0.440071
12725,-1.727818,-1.889800
12726,-3.158125,1.579063
12727,-1.207436,0.603718
12728,-1.568917,-1.211352
12729,-1.248319,-1.466104
12730,-4.000000,2.000000
12731,-2.730682,1.365341
12732,-3.656250,1.579063
12733,-2.859464,-0.147791
12734,-2.872277,1.781812
12735,-2.294861,-0.367711
12736,-1.762008,1.191580
12737,-2.730682,1.365341
12738,-3.658223,1.449729
12739,-1.977662,0.988831
12740,-3.822291,1.911146
12741,-2.899457,1.449729
12742,-0.712635,-0.074730
12743,-1.442336,-1.211352
12744,-1.168783,-0.365341
12745,-2.149460,1.074730
12746,-3.158125,1.579063
12747,-3.563623,1.781812
12748,-3.826239,1.652478
12749,-1.836861,1.579063
12750,-2.730682,1.365341
12751,-2.717704,0.698220
12752,-3.822291,1.911146
12753,-2.116349,-1.634021
12754,-2.261572,-0.955573
12755,-3.065499,1.781812
12756,-1.955475,-0.826239
12757,-0.600619,0.222521
12758,-1.773241,0.455573
12759,-1.349578,0.500000
12760,-3.397582,1.449729
12761,-0.801039,-1.488831
12762,-1.558067,-1.233052
12763,-2.964384,1.191580
12764,-3.650504,1.955573
12765,-2.526723,-0.425270
12766,-1.300576,-0.365341
12767,-2.141244,1.191580
12768,-3.911146,1.955573
12769,-3.563623,1.781812
12770,-1.934194,0.777479
12771,-3.528889,1.579063
12772,-3.650504,1.955573
12773,-2.670453,0.603718
12774,-3.824265,1.781812
12775,-3.065499,1.781812
12776,-2.065597,-0.826239
12777,-1.303596,-1.488831
12778,0.950307,0.266948
12779,-1.170753,0.149460
12780,-2.410859,1.246980
12781,-2.711958,1.074730
12782,-3.427775,0.988831
12783,-3.563623,1.781812
12784,-3.102206,1.246980
12785,-2.394628,0.440071
12786,-3.911146,1.955573
12787,-2.964384,1.191580
12788,-3.246980,1.623490
12789,-3.462508,1.191580
12790,-3.232059,0.730682
12791,-1.412671,0.730682
12792,-1.149815,1.320914
12793,-1.170753,0.149460
12794,-2.563163,1.030303
12795,-1.933731,0.900969
12796,-3.397582,1.449729
12797,-3.658223,1.449729
12798,-3.694931,1.911146
12799,-0.105222,0.698220
12800,-2.440004,0.142820
12801,-2.859464,-0.147791
12802,-1.771749,-1.801938
12803,-2.696708,1.652478
12804,-3.326140,1.781812
12805,-1.375695,-1.211352
12806,-0.066833,-1.233052
12807,-3.490208,1.246980
12808,-2.730682,1.365341
12809,-3.246980,1.623490
12810,-3.824265,1.781812
12811,-2.166234,-1.400969
12812,-2.367905,-0.134659
12813,-3.656250,1.579063
12814,-2.383160,1.191580
12815,-3.335148,1.191580
12816,-1.574293,-1.721883
12817,-3.123202,0.900969
12818,-1.551012,1.781812
12819,-3.215828,0.698220
12820,-0.710661,0.054604
12821,-3.397582,1.449729
12822,-2.641828,1.320914
12823,-2.706235,1.449729
12824,-2.336959,1.449729
12825,-2.706235,1.449729
12826,-3.152379,1.955573
12827,-2.431855,0.900969
12828,-3.528889,1.579063
12829,-2.553446,0.149460
12830,-1.634892,-0.826239
12831,-0.001669,-0.445042
12832,-1.003761,1.579063
12833,-3.824265,1.781812
12834,-2.065597,-0.826239
12835,-2.136480,0.698220
12836,-2.892753,0.440071
12837,-2.228125,1.365341
12838,-3.434289,1.911146
12839,-3.484462,1.623490
12840,-3.623490,1.246980
12841,-2.964384,1.191580
12842,-3.623490,1.246980
12843,-1.262697,0.326239
12844,0.000371,0.099031
12845,-3.335148,1.191580
12846,-1.762008,1.191580
12847,-2.706235,1.449729
12848,-3.397582,1.449729
12849,-2.316833,-1.233052
12850,-3.158125,1.579063
12851,-3.324167,1.911146
12852,-2.334986,1.579063
12853,-2.700489,1.826239
12854,-3.326140,1.781812
12855,-2.641828,1.320914
12856,-0.147870,-0.074730
12857,-2.144490,0.326239
12858,-1.890808,-0.955573
12859,-1.462714,0.222521
12860,-3.478716,2.000000
12861,-3.333174,1.320914
12862,-3.335148,1.191580
12863,-0.186374,0.093187
12864,0.027479,0.777479
12865,-3.397582,1.449729
12866,-3.563623,1.781812
12867,-3.911146,1.955573
12868,-2.100697,-0.147791
12869,-1.849772,0.733052
12870,-1.593993,0.988831
12871,-3.074730,0.149460
12872,-3.528889,1.579063
12873,-3.779838,1.826239
12874,-3.427775,0.988831
12875,-0.789708,-1.123490
12876,-1.733246,0.500000
12877,-0.985218,0.603718
12878,-2.526723,-0.425270
12879,-2.835050,1.320914
12880,-1.445881,-0.074730
12881,-1.731730,-0.277479
12882,-2.730682,1.365341
12883,-3.911146,1.955573
12884,-3.158125,1.579063
12885,-3.822291,1.911146
12886,-2.334986,1.579063
12887,-1.116526,0.733052
12888,-0.652478,0.326239
12889,-2.334986,1.579063
12890,-3.335148,1.191580
12891,-3.563623,1.781812
12892,-3.656250,1.579063
12893,-2.859464,-0.147791
12894,-2.256195,-0.445042
12895,-2.793116,1.623490
12896,-2.168944,1.246980
12897,-3.326140,1.781812
12898,-3.484462,1.623490
12899,-2.056191,-1.233052
12900,-0.493902,-1.211352
12901,-1.070127,-0.826239
12902,-1.745664,-1.466104
12903,-1.168783,-0.365341
12904,-1.558067,-1.233052
12905,-3.656250,1.579063
12906,-3.158125,1.579063
12907,-2.717704,0.698220
12908,-2.899457,1.449729
12909,-1.713557,-0.535628
12910,-3.427775,0.988831
12911,-1.922262,1.652478
12912,-3.652478,1.826239
12913,-3.824265,1.781812
12914,-1.032469,0.698220
12915,-1.762008,1.191580
12916,-2.598822,-0.147791
12917,-0.137905,0.500000
12918,-2.541119,0.733052
12919,-1.489885,-1.977662
12920,-2.109756,0.123490
12921,-1.262697,0.326239
12922,-3.563623,1.781812
12923,-3.232059,0.730682
12924,-3.779838,1.826239
12925,-2.793116,1.623490
12926,-3.911146,1.955573
12927,-3.955573,1.911146
12928,-2.272552,1.320914
12929,-2.964384,1.191580
12930,-3.528889,1.579063
12931,-3.658223,1.449729
12932,-2.641828,1.320914
12933,-3.095692,1.320914
12934,-2.885719,0.900969
12935,-1.349189,0.603718
12936,-3.281713,1.826239
12937,-2.316833,-1.233052
12938,-2.500000,-1.000000
12939,-1.279149,1.191580
12940,-3.268248,1.579063
12941,-3.088468,0.698220
12942,-3.650504,1.955573
12943,-3.484462,1.623490
12944,-3.650504,1.955573
12945,-3.779838,1.826239
12946,-2.208111,1.449729
12947,-2.109756,0.123490
12948,-0.346845,-1.400969
12949,-2.349870,0.603718
12950,-3.824265,1.781812
12951,-3.822291,1.911146
12952,-3.490208,1.246980
12953,-1.873490,-1.123490
12954,-3.822291,1.911146
12955,-3.152379,1.955573
12956,-3.324167,1.911146
12957,-3.324167,1.911146
12958,-3.326140,1.781812
12959,-3.152379,1.955573
12960,-1.637893,1.955573
12961,-1.922262,1.652478
12962,-1.051938,0.900969
12963,-1.423694,-1.889800
12964,-3.484462,1.623490
12965,-1.945199,0.149460
12966,-2.461033,1.955573
12967,-3.152379,1.955573
12968,-3.167133,0.988831
12969,-3.911146,1.955573
12970,-3.652478,1.826239
12971,-3.824265,1.781812
12972,-3.152379,1.955573
12973,-3.650504,1.955573
12974,-2.366718,-1.000000
12975,-2.883745,1.030303
12976,-2.572099,-0.722521
12977,-0.873502,-0.445042
12978,-2.261572,-0.955573
12979,-3.215828,0.698220
12980,-0.702281,0.603718
12981,-3.490208,1.246980
12982,-1.849772,0.733052
12983,-3.911146,1.955573
12984,-3.563623,1.781812
12985,-0.383297,0.099031
12986,-1.396440,0.698220
12987,-1.906779,-0.535628
12988,-3.652478,1.826239
12989,-3.822291,1.911146
12990,-3.563623,1.781812
12991,-2.826042,1.911146
12992,-2.367905,-0.134659
12993,-2.431855,0.900969
12994,-3.822291,1.911146
12995,-3.335148,1.191580
12996,-3.650504,1.955573
12997,-2.176109,0.777479
12998,-3.304955,1.652478
12999,-3.065499,1.781812
13000,-2.163198,1.623490
13001,-2.349870,0.603718
13002,0.295582,-0.147791
13003,-3.123202,0.900969
13004,-3.333174,1.320914
13005,-3.822291,1.911146
13006,-3.326140,1.781812
13007,-3.650504,1.955573
13008,-0.212537,0.054604
13009,-2.383160,1.191580
13010,-2.873202,0.400969
13011,-3.158125,1.579063
13012,-0.176865,-0.074730
13013,-2.316833,-1.233052
13014,-1.406715,-0.277479
13015,-1.253943,-1.233052
13016,-1.086885,-1.400969
13017,-1.027479,-0.277479
13018,0.144005,-0.955573
13019,-2.176109,0.777479
13020,-1.926590,-0.109562
13021,-1.406715,-0.277479
13022,-3.911146,1.955573
13023,-3.158125,1.579063
13024,-1.588247,1.365341
13025,-0.828209,-0.535628
13026,-1.648630,-0.277479
13027,-3.326140,1.781812
13028,-2.526723,-0.425270
13029,-2.526723,-0.425270
13030,-1.934194,0.777479
13031,-3.692957,1.652478
13032,-3.692957,1.652478
13033,-1.801938,0.900969
13034,-2.208111,1.449729
13035,-3.911146,1.955573
13036,-3.779838,1.826239
13037,-2.938128,0.142820
13038,-3.074730,0.149460
13039,-2.793116,1.623490
13040,-1.169803,1.911146
13041,-1.762918,-1.211352
13042,-1.574293,-1.721883
13043,-2.605388,-0.134659
13044,-3.335148,1.191580
13045,-3.152379,1.955573
13046,-3.158125,1.579063
13047,-3.563623,1.781812
13048,0.269318,-0.134659
13049,-2.835050,1.320914
13050,-1.474108,-1.400969
13051,-0.109208,0.054604
13052,-2.294861,-0.367711
13053,-3.427775,0.988831
13054,-3.335148,1.191580
13055,-3.158125,1.579063
13056,-3.484462,1.623490
13057,-2.641828,1.320914
13058,-3.822291,1.911146
13059,-3.826239,1.652478
13060,-3.822291,1.911146
13061,-1.349578,0.500000
13062,-2.810768,0.142820
13063,-3.652478,1.826239
13064,-0.855884,0.733052
13065,-0.211190,0.142820
13066,-1.442336,-1.211352
13067,-1.801938,0.900969
13068,-2.367905,-0.134659
13069,-3.490208,1.246980
13070,-1.878417,-1.721883
13071,-3.232059,0.730682
13072,-3.955573,1.911146
13073,-0.567329,-0.365341
13074,-2.349870,0.603718
13075,-2.874250,1.652478
13076,-3.650504,1.955573
13077,-0.801938,0.400969
13078,-2.700489,1.826239
13079,-3.397582,1.449729
13080,-3.304955,1.652478
13081,-2.155959,-0.425270
13082,-2.430339,0.123490
13083,-3.324167,1.911146
13084,-3.246980,1.623490
13085,-2.872277,1.781812
13086,-2.430339,0.123490
13087,-3.161387,1.365341
13088,-3.824265,1.781812
13089,-2.598822,-0.147791
13090,-0.938334,-0.826239
13091,-2.576901,1.579063
13092,-3.563623,1.781812
13093,-3.333174,1.320914
13094,-2.641828,1.320914
13095,-2.540461,0.123490
13096,-1.794458,-1.889800
13097,-2.166234,-1.400969
13098,-1.836861,1.579063
13099,-2.872277,1.781812
13100,-3.822291,1.911146
13101,-3.563623,1.781812
13102,-1.762008,1.191580
13103,-3.650504,1.955573
13104,-2.119812,-0.109562
13105,-4.000000,2.000000
13106,-3.427775,0.988831
13107,-3.333174,1.320914
13108,-3.658223,1.449729
13109,-2.874250,1.652478
13110,-3.335148,1.191580
13111,-3.397582,1.449729
13112,-3.658223,1.449729
13113,-3.490208,1.246980
13114,-3.095692,1.320914
13115,-3.123202,0.900969
13116,-0.462714,-0.277479
13117,-0.599578,-1.000000
13118,-0.044541,-0.074730
13119,-3.095692,1.320914
13120,-3.650504,1.955573
13121,-3.397582,1.449729
13122,-2.272552,1.320914
13123,-1.811776,-1.721883
13124,-3.824265,1.781812
13125,-3.563623,1.781812
13126,-3.123202,0.900969
13127,-2.302521,1.030303
13128,-2.670453,0.603718
13129,-1.475625,-0.623490
13130,-2.493959,1.246980
13131,-3.490208,1.246980
13132,-2.717704,0.698220
13133,-3.824265,1.781812
13134,-3.826239,1.652478
13135,-3.167133,0.988831
13136,-3.335148,1.191580
13137,-0.260824,0.093187
13138,-0.366526,-1.466104
13139,-3.333174,1.320914
13140,-2.872277,1.781812
13141,-2.641828,1.320914
13142,-3.528889,1.579063
13143,-2.051596,1.911146
13144,-1.890808,-0.955573
13145,-3.779838,1.826239
13146,-3.694931,1.911146
13147,-3.563623,1.781812
13148,-3.563623,1.781812
13149,-3.065499,1.781812
13150,-2.302521,1.030303
13151,-2.302521,1.030303
13152,-2.938128,0.142820
13153,-1.978716,-1.000000
13154,-2.149460,1.074730
13155,-3.065499,1.781812
13156,-3.779838,1.826239
13157,-3.051264,1.365341
13158,-2.051596,1.911146
13159,-2.793116,1.623490
13160,-3.102206,1.246980
13161,-3.152379,1.955573
13162,-2.964384,1.191580
13163,-3.658223,1.449729
13164,-2.993868,1.030303
13165,-3.824265,1.781812
13166,-3.563623,1.781812
13167,-3.779838,1.826239
13168,-2.670453,0.603718
13169,-3.955573,1.911146
13170,-3.153395,0.440071
13171,-2.670453,0.603718
13172,-3.824265,1.781812
13173,-2.109756,0.123490
13174,-3.623490,1.246980
13175,-3.824265,1.781812
13176,-1.492359,1.781812
13177,-2.149460,1.074730
13178,-3.397582,1.449729
13179,-3.528889,1.579063
13180,-2.518736,1.074730
13181,-0.544620,-0.277479
13182,-3.824265,1.781812
13183,-3.563623,1.781812
13184,-3.563623,1.781812
13185,-2.941449,0.149460
13186,-1.198511,1.030303
13187,-3.304955,1.652478
13188,-0.861260,0.222521
13189,-3.304955,1.652478
13190,-3.822291,1.911146
13191,-3.158125,1.579063
13192,-1.977662,0.988831
13193,-2.669008,0.988831
13194,0.256769,-0.109562
13195,-2.349870,0.603718
13196,-2.155959,-0.425270
13197,-2.810768,0.142820
13198,-3.123202,0.900969
13199,-3.153395,0.440071
13200,-3.397582,1.449729
13201,-1.864156,-0.367711
13202,-2.717704,0.698220
13203,-3.652478,1.826239
13204,-3.826239,1.652478
13205,-3.065499,1.781812
13206,-2.060606,1.030303
13207,-1.384971,1.449729
13208,-3.490208,1.246980
13209,-3.065499,1.781812
13210,-2.874250,1.652478
13211,-2.272552,1.320914
13212,-1.409351,-0.147791
13213,-2.383160,1.191580
13214,-2.899457,1.449729
13215,-3.397582,1.449729
13216,-3.563623,1.781812
13217,-3.397582,1.449729
13218,-3.326140,1.781812
13219,-1.906779,-0.535628
13220,-3.484462,1.623490
13221,-3.652478,1.826239
13222,-3.304955,1.652478
13223,-1.306849,1.246980
13224,-3.158125,1.579063
13225,-2.155959,-0.425270
13226,-0.911611,-1.400969
13227,-2.598822,-0.147791
13228,-3.153395,0.440071
13229,-0.847680,1.246980
13230,-2.002903,1.911146
13231,-2.119812,-0.109562
13232,-1.801938,0.900969
13233,-3.397582,1.449729
13234,-2.060606,1.030303
13235,-2.383160,1.191580
13236,-2.461033,1.955573
13237,-0.272729,0.988831
13238,-1.568917,-1.211352
13239,-1.717542,-0.914101
13240,-1.413198,1.623490
13241,-1.349578,0.500000
13242,-1.419626,-1.123490
13243,-2.385621,1.030303
13244,-3.490208,1.246980
13245,-3.490208,1.246980
13246,-2.060606,1.030303
13247,-2.096023,2.000000
13248,-3.822291,1.911146
13249,-1.661706,-1.634021
13250,-2.540461,0.123490
13251,-3.779838,1.826239
13252,-3.955573,1.911146
13253,-3.528889,1.579063
13254,-2.964384,1.191580
13255,-1.323809,0.455573
13256,-2.899457,1.449729
13257,-3.650504,1.955573
13258,-3.911146,1.955573
13259,-3.194833,1.652478
13260,-3.484462,1.623490
13261,-3.095692,1.320914
13262,-3.779838,1.826239
13263,-3.484462,1.623490
13264,-3.563623,1.781812
13265,-3.658223,1.449729
13266,-3.246980,1.623490
13267,-3.281713,1.826239
13268,-2.670453,0.603718
13269,-2.440004,0.142820
13270,-3.484462,1.623490
13271,-2.388932,-0.955573
13272,-3.246980,1.623490
13273,-1.551938,0.400969
13274,-2.964384,1.191580
13275,-3.692957,1.652478
13276,-1.681370,1.030303
13277,-2.141244,1.191580
13278,-3.153395,0.440071
13279,-2.835050,1.320914
13280,-1.149815,1.320914
13281,-3.692957,1.652478
13282,-3.779838,1.826239
13283,-0.654932,1.030303
13284,-2.541119,0.733052
13285,-2.872277,1.781812
13286,-3.123202,0.900969
13287,-1.637893,1.955573
13288,-3.563623,1.781812
13289,-3.563623,1.781812
13290,-2.598822,-0.147791
13291,-3.051264,1.365341
13292,-3.563623,1.781812
13293,-2.641828,1.320914
13294,-1.634892,-0.826239
13295,-1.934194,0.777479
13296,-3.484462,1.623490
13297,-2.835050,1.320914
13298,-3.281713,1.826239
13299,-2.964384,1.191580
13300,-3.397582,1.449729
13301,-2.228125,1.365341
13302,-3.484462,1.623490
13303,-3.281713,1.826239
13304,-3.528889,1.579063
13305,-1.914041,-0.134659
13306,-3.088468,0.698220
13307,-3.824265,1.781812
13308,-3.824265,1.781812
13309,-0.763270,1.246980
13310,-3.102206,1.246980
13311,-3.694931,1.911146
13312,-3.462508,1.191580
13313,-1.934194,0.777479
13314,-2.388932,-0.955573
13315,-1.601453,0.500000
13316,-2.343556,-0.658322
13317,-3.232059,0.730682
13318,-1.361599,-0.367711
13319,-0.146901,-0.134659
13320,-1.836861,1.579063
13321,-3.911146,1.955573
13322,-3.563623,1.781812
13323,-2.518736,1.074730
13324,-3.650504,1.955573
13325,-2.149460,1.074730
13326,-2.106074,-0.658322
13327,-3.167133,0.988831
13328,-3.824265,1.781812
13329,-3.153395,0.440071
13330,-1.406715,-0.277479
13331,-0.088566,-1.634021
13332,-0.140335,-0.147791
13333,-0.490512,-1.721883
13334,-1.568917,-1.211352
13335,-1.855707,-1.634021
13336,-0.298846,-0.722521
13337,-1.005460,-0.955573
13338,-3.167133,0.988831
13339,-1.811776,-1.721883
13340,-2.005777,-1.721883
13341,-2.316833,-1.233052
13342,0.185991,-0.147791
13343,-3.153395,0.440071
13344,-3.123202,0.900969
13345,-2.431855,0.900969
13346,-3.427775,0.988831
13347,0.149460,-0.074730
13348,-3.161387,1.365341
13349,-2.060606,1.030303
13350,-3.123202,0.900969
13351,-3.650504,1.955573
13352,-3.658223,1.449729
13353,-3.333174,1.320914
13354,-3.324167,1.911146
13355,-1.384971,1.449729
13356,-2.717704,0.698220
13357,-2.316833,-1.233052
13358,-2.644197,-0.445042
13359,-2.302521,1.030303
13360,-3.866718,2.000000
13361,-0.709394,0.440071
13362,-3.102206,1.246980
13363,-2.899457,1.449729
13364,-3.955573,1.911146
13365,-3.065499,1.781812
13366,-2.526723,-0.425270
13367,-1.154522,0.988831
13368,-2.899457,1.449729
13369,-0.039708,-1.123490
13370,-1.088404,-0.914101
13371,-1.248319,-1.466104
13372,-1.773241,0.455573
13373,-0.821489,0.440071
13374,-2.859464,-0.147791
13375,-1.849772,0.733052
13376,-2.810768,0.142820
13377,-0.828209,-0.535628
13378,-1.988459,-1.889800
13379,-1.878417,-1.721883
13380,-1.855707,-1.634021
13381,-3.246980,1.623490
13382,0.239354,-0.074730
13383,-0.373022,1.074730
13384,-3.335148,1.191580
13385,-1.554958,0.777479
13386,-1.934194,0.777479
13387,-2.892753,0.440071
13388,-2.563163,1.030303
13389,-3.694931,1.911146
13390,-3.658223,1.449729
13391,-3.658223,1.449729
13392,-2.259209,0.777479
13393,0.096577,1.781812
13394,-1.855707,-1.634021
13395,-2.235810,0.730682
13396,-3.955573,1.911146
13397,-2.742943,1.911146
13398,-3.462508,1.191580
13399,-1.847313,0.603718
13400,-3.397582,1.449729
13401,-3.779838,1.826239
13402,-2.440004,0.142820
13403,-3.051264,1.365341
13404,-2.461033,1.955573
13405,-3.153395,0.440071
13406,-3.563623,1.781812
13407,-1.934194,0.777479
13408,-0.913353,-0.365341
13409,-1.873040,-1.211352
13410,-2.005777,-1.721883
13411,-3.123202,0.900969
13412,-2.144490,0.326239
13413,-3.478716,2.000000
13414,-2.883745,1.030303
13415,-3.652478,1.826239
13416,-3.304955,1.652478
13417,-1.225625,-1.123490
13418,-0.298846,-0.722521
13419,-2.717704,0.698220
13420,-3.335148,1.191580
13421,-3.167133,0.988831
13422,-2.826042,1.911146
13423,-2.700489,1.826239
13424,-2.011910,1.320914
13425,-2.730682,1.365341
13426,-3.158125,1.579063
13427,-1.845869,0.988831
13428,-3.335148,1.191580
13429,-3.326140,1.781812
13430,-2.711958,1.074730
13431,-3.563623,1.781812
13432,-3.658223,1.449729
13433,-3.095692,1.320914
13434,-3.563623,1.781812
13435,-2.706235,1.449729
13436,-2.168944,1.246980
13437,-3.167133,0.988831
13438,-2.155959,-0.425270
13439,-1.890808,-0.955573
13440,-2.742943,1.911146
13441,-2.644197,-0.445042
13442,-3.694931,1.911146
13443,-3.563623,1.781812
13444,-3.623490,1.246980
13445,-1.624178,-1.488831
13446,-0.319126,-0.162592
13447,-3.324167,1.911146
13448,-2.347897,0.733052
13449,-1.005460,-0.955573
13450,-1.690819,-1.488831
13451,-2.885719,0.900969
13452,-3.692957,1.652478
13453,-3.528889,1.579063
13454,-2.873202,0.400969
13455,-3.232059,0.730682
13456,-3.484462,1.623490
13457,-3.088468,0.698220
13458,-2.336959,1.449729
13459,-3.658223,1.449729
13460,-3.102206,1.246980
13461,-1.681370,1.030303
13462,-3.563623,1.781812
13463,-2.641828,1.320914
13464,-2.311457,-0.722521
13465,-2.440004,0.142820
13466,-2.780575,0.603718
13467,-3.652478,1.826239
13468,-3.652478,1.826239
13469,-3.650504,1.955573
13470,-0.066833,-1.233052
13471,-2.011910,1.320914
13472,-3.161387,1.365341
13473,-3.335148,1.191580
13474,-0.702281,0.603718
13475,-3.563623,1.781812
13476,-3.652478,1.826239
13477,-4.000000,2.000000
13478,-2.098256,0.455573
13479,-3.652478,1.826239
13480,-3.658223,1.449729
13481,-2.334986,1.579063
13482,-2.349870,0.603718
13483,-3.826239,1.652478
13484,-3.650504,1.955573
13485,-3.304955,1.652478
13486,-3.161387,1.365341
13487,-3.167133,0.988831
13488,-3.822291,1.911146
13489,-3.215828,0.698220
13490,-2.717704,0.698220
13491,-3.563623,1.781812
13492,-3.158125,1.579063
13493,-3.484462,1.623490
13494,-2.163198,1.623490
13495,-3.478716,2.000000
13496,-2.605388,-0.134659
13497,-3.123202,0.900969
13498,-3.911146,1.955573
13499,-3.158125,1.579063
13500,-3.563623,1.781812
13501,-3.123202,0.900969
13502,-3.652478,1.826239
13503,-2.394628,0.440071
13504,-0.027125,-0.109562
13505,-0.447472,-0.425270
13506,-0.911611,-1.400969
13507,-2.938128,0.142820
13508,-1.661706,-1.634021
13509,-3.123202,0.900969
13510,-3.427775,0.988831
13511,-2.598822,-0.147791
13512,-2.964384,1.191580
13513,-3.434289,1.911146
13514,-3.397582,1.449729
13515,-2.635719,0.400969
13516,-3.528889,1.579063
13517,-3.095692,1.320914
13518,-1.086885,-1.400969
13519,-3.167133,0.988831
13520,-2.149460,1.074730
13521,-0.214510,0.149460
13522,-3.051264,1.365341
13523,-2.576901,1.579063
13524,-3.528889,1.579063
13525,-3.528889,1.579063
13526,-2.228125,1.365341
13527,-2.106074,-0.658322
13528,-3.051264,1.365341
13529,-3.824265,1.781812
13530,-3.824265,1.781812
13531,-2.870469,2.000000
13532,-3.194833,1.652478
13533,-3.153395,0.440071
13534,-2.576901,1.579063
13535,-2.526723,-0.425270
13536,-2.343556,-0.658322
13537,-0.472729,-0.033258
13538,-2.431855,0.900969
13539,-3.123202,0.900969
13540,-3.563623,1.781812
13541,-3.065499,1.781812
13542,-3.335148,1.191580
13543,-1.284124,-0.134659
13544,-2.711958,1.074730
13545,-1.849772,0.733052
13546,-1.988459,-1.889800
13547,-2.883745,1.030303
13548,-3.326140,1.781812
13549,-1.466104,0.733052
13550,-3.484462,1.623490
13551,-3.484462,1.623490
13552,-3.822291,1.911146
13553,-3.427775,0.988831
13554,-2.700489,1.826239
13555,-1.198511,1.030303
13556,-1.624178,-1.488831
13557,-3.427775,0.988831
13558,-2.780575,0.603718
13559,-3.652478,1.826239
13560,-2.706235,1.449729
13561,0.249707,0.603718
13562,-3.563623,1.781812
13563,-3.656250,1.579063
13564,-3.652478,1.826239
13565,-3.065499,1.781812
13566,-2.334986,1.579063
13567,-3.563623,1.781812
13568,-2.892753,0.440071
13569,-2.347897,0.733052
13570,-3.826239,1.652478
13571,-2.100697,-0.147791
13572,-2.706235,1.449729
13573,-2.835050,1.320914
13574,-0.311666,0.326239
13575,-2.641828,1.320914
13576,-3.088468,0.698220
13577,-2.706235,1.449729
13578,-3.333174,1.320914
13579,-2.964384,1.191580
13580,-1.634892,-0.826239
13581,-2.272552,1.320914
13582,-3.268248,1.579063
13583,-3.232059,0.730682
13584,-3.095692,1.320914
13585,-3.650504,1.955573
13586,-2.670453,0.603718
13587,-3.694931,1.911146
13588,-3.065499,1.781812
13589,-2.938128,0.142820
13590,-2.440004,0.142820
13591,-0.722906,-0.365341
13592,-3.911146,1.955573
13593,-2.015156,0.455573
13594,-3.528889,1.579063
13595,-2.149460,1.074730
13596,-2.605388,-0.134659
13597,-3.528889,1.579063
13598,-3.427775,0.988831
13599,-0.916907,-0.365341
13600,-2.541119,0.733052
13601,-3.779838,1.826239
13602,-3.658223,1.449729
13603,-2.526723,-0.425270
13604,-3.694931,1.911146
13605,-1.695108,1.579063
13606,-2.228125,1.365341
13607,-3.650504,1.955573
13608,-3.397582,1.449729
13609,-2.706235,1.449729
13610,-2.136480,0.698220
13611,-2.641828,1.320914
13612,-3.281713,1.826239
13613,-1.011473,1.652478
13614,-2.835050,1.320914
13615,-0.589531,0.730682
13616,-1.934194,0.777479
13617,-3.153395,0.440071
13618,-2.065597,-0.826239
13619,-2.367905,-0.134659
13620,-3.490208,1.246980
13621,-3.824265,1.781812
13622,-3.911146,1.955573
13623,-2.385621,1.030303
13624,-2.106074,-0.658322
13625,-2.261572,-0.955573
13626,-1.878417,-1.721883
13627,-2.294861,-0.367711
13628,-2.383160,1.191580
13629,-3.563623,1.781812
13630,-1.977662,0.988831
13631,-2.859464,-0.147791
13632,-0.066833,-1.233052
13633,-2.440004,0.142820
13634,-1.717542,-0.914101
13635,-2.553446,0.149460
13636,-3.281713,1.826239
13637,-2.440004,0.142820
13638,-3.528889,1.579063
13639,-3.246980,1.623490
13640,-1.394005,0.455573
13641,-3.333174,1.320914
13642,-3.397582,1.449729
13643,-3.153395,0.440071
13644,-3.563623,1.781812
13645,-3.623490,1.246980
13646,-3.051264,1.365341
13647,-3.194833,1.652478
13648,-3.911146,1.955573
13649,-3.088468,0.698220
13650,-3.194833,1.652478
13651,-3.434289,1.911146
13652,-3.153395,0.440071
13653,-2.964384,1.191580
13654,-2.899457,1.449729
13655,-2.899457,1.449729
13656,-2.272552,1.320914
13657,-3.694931,1.911146
13658,-3.088468,0.698220
13659,-2.641828,1.320914
13660,-3.268248,1.579063
13661,-3.563623,1.781812
13662,-1.551938,0.400969
13663,-2.641828,1.320914
13664,-3.281713,1.826239
13665,-3.102206,1.246980
13666,-3.326140,1.781812
13667,-3.650504,1.955573
13668,-3.065499,1.781812
13669,-3.955573,1.911146
13670,-1.051938,0.900969
13671,-2.371693,1.652478
13672,-3.152379,1.955573
13673,-0.563340,0.698220
13674,-3.397582,1.449729
13675,-1.813332,-0.722521
13676,-3.650504,1.955573
13677,-3.528889,1.579063
13678,-3.102206,1.246980
13679,-2.885719,0.900969
13680,-3.281713,1.826239
13681,-1.789708,1.246980
13682,-2.526723,-0.425270
13683,-2.563163,1.030303
13684,-3.779838,1.826239
13685,-1.934194,0.777479
13686,-2.742943,1.911146
13687,-3.911146,1.955573
13688,-2.964384,1.191580
13689,-2.938128,0.142820
13690,-3.232059,0.730682
13691,-2.793116,1.623490
13692,-2.051596,1.911146
13693,-2.993868,1.030303
13694,-0.666236,-1.634021
13695,-3.427775,0.988831
13696,-2.670453,0.603718
13697,-3.074730,0.149460
13698,-1.394005,0.455573
13699,0.260517,-0.033258
13700,-3.095692,1.320914
13701,-3.866718,2.000000
13702,-2.553446,0.149460
13703,-3.955573,1.911146
13704,-2.242359,1.781812
13705,-3.911146,1.955573
13706,-3.051264,1.365341
13707,-3.824265,1.781812
13708,-3.824265,1.781812
13709,-3.397582,1.449729
13710,-2.563163,1.030303
13711,-3.650504,1.955573
13712,-3.694931,1.911146
13713,-1.960449,1.826239
13714,-1.361599,-0.367711
13715,-2.859464,-0.147791
13716,-1.637893,1.955573
13717,-3.658223,1.449729
13718,-3.650504,1.955573
13719,-2.706235,1.449729
13720,-3.152379,1.955573
13721,-2.553446,0.149460
13722,-3.528889,1.579063
13723,-3.088468,0.698220
13724,-3.692957,1.652478
13725,-3.528889,1.579063
13726,-3.563623,1.781812
13727,-3.268248,1.579063
13728,-2.410859,1.246980
13729,-1.231001,-1.634021
13730,-0.349031,0.400969
13731,0.269318,-0.134659
13732,-3.484462,1.623490
13733,-3.563623,1.781812
13734,-3.822291,1.911146
13735,-1.212812,0.093187
13736,-3.658223,1.449729
13737,-3.304955,1.652478
13738,-3.563623,1.781812
13739,-2.242359,1.781812
13740,-2.635719,0.400969
13741,-1.794458,-1.889800
13742,-1.681370,1.030303
13743,-1.413198,1.623490
13744,-3.650504,1.955573
13745,-1.026723,1.074730
13746,-0.378932,-0.445042
13747,-2.873202,0.400969
13748,-3.692957,1.652478
13749,-3.333174,1.320914
13750,-3.427775,0.988831
13751,-3.232059,0.730682
13752,-2.742943,1.911146
13753,-3.427775,0.988831
13754,-1.551012,1.781812
13755,-3.694931,1.911146
13756,-3.694931,1.911146
13757,-3.650504,1.955573
13758,-2.163198,1.623490
13759,-2.410859,1.246980
13760,-3.194833,1.652478
13761,-1.681370,1.030303
13762,-0.867905,1.365341
13763,-1.413198,1.623490
13764,-3.911146,1.955573
13765,-2.563163,1.030303
13766,-2.100697,-0.147791
13767,-2.938128,0.142820
13768,-1.300576,-0.365341
13769,-2.367905,-0.134659
13770,-1.978621,0.733052
13771,-3.123202,0.900969
13772,-3.167133,0.988831
13773,-3.333174,1.320914
13774,-2.563163,1.030303
13775,-3.911146,1.955573
13776,-3.824265,1.781812
13777,-1.977662,0.988831
13778,-1.988459,-1.889800
13779,-1.960449,1.826239
13780,-1.088404,-0.914101
13781,-3.153395,0.440071
13782,-1.727818,-1.889800
13783,-2.873202,0.400969
13784,-3.158125,1.579063
13785,-3.563623,1.781812
13786,-1.928302,-1.488831
13787,-0.966034,-0.162592
13788,-1.643120,1.191580
13789,-2.228125,1.365341
13790,-3.434289,1.911146
13791,-2.235810,0.730682
13792,-2.576901,1.579063
13793,-2.394628,0.440071
13794,-2.563163,1.030303
13795,-3.065499,1.781812
13796,-2.518736,1.074730
13797,-3.326140,1.781812
13798,-3.088468,0.698220
13799,-1.550062,0.900969
13800,-3.866718,2.000000
13801,-2.938128,0.142820
13802,-3.281713,1.826239
13803,-2.837543,1.579063
13804,-2.993868,1.030303
13805,-2.518736,1.074730
13806,-2.461033,1.955573
13807,-3.427775,0.988831
13808,-2.993868,1.030303
13809,-2.181855,0.400969
13810,-3.095692,1.320914
13811,-3.484462,1.623490
13812,-2.136480,0.698220
13813,-3.866718,2.000000
13814,-2.837543,1.579063
13815,-1.344281,-0.535628
13816,-2.696708,1.652478
13817,-3.779838,1.826239
13818,-3.333174,1.320914
13819,-2.837543,1.579063
13820,-0.966034,-0.162592
13821,-2.941449,0.149460
13822,-1.945199,0.149460
13823,-3.658223,1.449729
13824,-1.397882,0.603718
13825,-3.158125,1.579063
13826,-3.123202,0.900969
13827,-2.899457,1.449729
13828,-3.304955,1.652478
13829,-3.158125,1.579063
13830,-2.883745,1.030303
13831,0.339445,1.191580
13832,-3.397582,1.449729
13833,-1.270918,0.730682
13834,-2.208111,1.449729
13835,-3.650504,1.955573
13836,-1.229497,0.266948
13837,-1.955475,-0.826239
13838,-1.668109,-1.400969
13839,-1.745664,-1.466104
13840,-3.158125,1.579063
13841,-3.095692,1.320914
13842,-3.652478,1.826239
13843,-3.822291,1.911146
13844,-3.650504,1.955573
13845,-3.490208,1.246980
13846,-3.158125,1.579063
13847,-3.824265,1.781812
13848,-3.824265,1.781812
13849,-3.826239,1.652478
13850,-3.065499,1.781812
13851,-3.490208,1.246980
13852,-3.427775,0.988831
13853,-3.158125,1.579063
13854,-3.652478,1.826239
13855,-0.669220,1.781812
13856,-3.158125,1.579063
13857,-2.168944,1.246980
13858,-0.272292,-0.658322
13859,-2.430339,0.123490
13860,-2.810768,0.142820
13861,-2.518736,1.074730
13862,-3.822291,1.911146
13863,-3.911146,1.955573
13864,-3.911146,1.955573
13865,-3.658223,1.449729
13866,0.097527,0.900969
13867,-1.492359,1.781812
13868,-1.574735,-0.425270
13869,-3.167133,0.988831
13870,-0.938334,-0.826239
13871,-2.228125,1.365341
13872,-3.911146,1.955573
13873,-3.281713,1.826239
13874,-3.088468,0.698220
13875,-3.779838,1.826239
13876,-2.440004,0.142820
13877,-3.650504,1.955573
13878,-3.955573,1.911146
13879,-2.641828,1.320914
13880,-3.779838,1.826239
13881,-3.650504,1.955573
13882,-2.563163,1.030303
13883,-3.563623,1.781812
13884,-0.880142,0.440071
13885,-3.397582,1.449729
13886,-2.051596,1.911146
13887,-3.167133,0.988831
13888,-2.235810,0.730682
13889,-2.641828,1.320914
13890,-2.563163,1.030303
13891,-1.594507,0.222521
13892,-2.367905,-0.134659
13893,-0.022338,0.011169
13894,-3.326140,1.781812
13895,-1.833963,0.093187
13896,-2.461033,1.955573
13897,-2.873202,0.400969
13898,-3.152379,1.955573
13899,-3.822291,1.911146
13900,-2.810768,0.142820
13901,1.279663,1.074730
13902,-2.366718,-1.000000
13903,-2.941449,0.149460
13904,-0.834695,-0.425270
13905,-3.822291,1.911146
13906,-2.872277,1.781812
13907,-2.899457,1.449729
13908,-2.374152,1.781812
13909,-3.335148,1.191580
13910,-3.652478,1.826239
13911,-3.365341,0.730682
13912,-2.730682,1.365341
13913,-3.822291,1.911146
13914,-3.427775,0.988831
13915,-3.826239,1.652478
13916,-2.826042,1.911146
13917,-1.551012,1.781812
13918,-3.911146,1.955573
13919,-1.557314,-0.109562
13920,-3.427775,0.988831
13921,-3.623490,1.246980
13922,-3.563623,1.781812
13923,-3.246980,1.623490
13924,-3.824265,1.781812
13925,-2.576901,1.579063
13926,-2.993868,1.030303
13927,-3.528889,1.579063
13928,-2.371693,1.652478
13929,-2.669008,0.988831
13930,-2.051596,1.911146
13931,-2.242359,1.781812
13932,-3.563623,1.781812
13933,-2.100697,-0.147791
13934,-3.694931,1.911146
13935,-1.849772,0.733052
13936,-0.219815,0.011169
13937,-2.383160,1.191580
13938,-3.167133,0.988831
13939,-0.298920,0.149460
13940,-0.702281,0.603718
13941,-3.158125,1.579063
13942,-2.717704,0.698220
13943,-1.462714,0.222521
13944,-2.311457,-0.722521
13945,-3.427775,0.988831
13946,-2.430339,0.123490
13947,-3.911146,1.955573
13948,-3.484462,1.623490
13949,-2.899457,1.449729
13950,-3.911146,1.955573
13951,-2.383160,1.191580
13952,-2.777479,-0.445042
13953,-1.955475,-0.826239
13954,-3.152379,1.955573
13955,-2.835050,1.320914
13956,-2.730682,1.365341
13957,-4.000000,2.000000
13958,-3.215828,0.698220
13959,-0.533896,0.266948
13960,0.366703,0.099031
13961,-3.650504,1.955573
13962,-3.088468,0.698220
13963,-3.650504,1.955573
13964,-2.235810,0.730682
13965,-3.153395,0.440071
13966,-3.095692,1.320914
13967,-2.259209,0.777479
13968,-3.246980,1.623490
13969,-2.885719,0.900969
13970,-3.484462,1.623490
13971,-3.051264,1.365341
13972,-2.873202,0.400969
13973,-1.906779,-0.535628
13974,-3.065499,1.781812
13975,-3.281713,1.826239
13976,-3.623490,1.246980
13977,-2.670453,0.603718
13978,-2.837543,1.579063
13979,-3.088468,0.698220
13980,-3.281713,1.826239
13981,-2.872277,1.781812
13982,-2.311457,-0.722521
13983,-3.194833,1.652478
13984,-2.015156,0.455573
13985,-3.074730,0.149460
13986,-2.598822,-0.147791
13987,-2.208111,1.449729
13988,-2.242359,1.781812
13989,-3.268248,1.579063
13990,-2.440004,0.142820
13991,-2.670453,0.603718
13992,-1.849772,0.733052
13993,-0.487094,0.603718
13994,1.164702,-0.722521
13995,-2.136480,0.698220
13996,-3.824265,1.781812
13997,-3.658223,1.449729
13998,-2.181855,0.400969
13999,-3.051264,1.365341
14000,-3.397582,1.449729
14001,-3.397582,1.449729
14002,-1.978621,0.733052
14003,-1.934194,0.777479
14004,-3.824265,1.781812
14005,-1.733246,0.500000
14006,-2.938128,0.142820
14007,-2.717704,0.698220
14008,-0.251492,0.054604
14009,1.157242,-1.211352
14010,-3.692957,1.652478
14011,-3.434289,1.911146
14012,-2.793116,1.623490
14013,-2.302521,1.030303
14014,-1.762918,-1.211352
14015,-3.658223,1.449729
14016,-2.793116,1.623490
14017,-3.824265,1.781812
14018,-3.281713,1.826239
14019,-2.038874,-1.400969
14020,-1.955475,-0.826239
14021,-0.686458,-0.826239
14022,-2.654083,-0.425270
14023,-1.833963,0.093187
14024,-2.168944,1.246980
14025,-3.652478,1.826239
14026,-3.826239,1.652478
14027,-2.780575,0.603718
14028,-2.859464,-0.147791
14029,-1.210838,0.222521
14030,-3.478716,2.000000
14031,-2.272552,1.320914
14032,-3.658223,1.449729
14033,-3.158125,1.579063
14034,-2.777479,-0.445042
14035,-1.855707,-1.634021
14036,-2.993868,1.030303
14037,-1.233709,-0.623490
14038,-2.015156,0.455573
14039,-3.462508,1.191580
14040,-1.934194,0.777479
14041,-3.563623,1.781812
14042,-3.102206,1.246980
14043,-2.065597,-0.826239
14044,-2.706235,1.449729
14045,-2.410859,1.246980
14046,-1.934194,0.777479
14047,-3.427775,0.988831
14048,-3.692957,1.652478
14049,-3.694931,1.911146
14050,-3.779838,1.826239
14051,-2.835050,1.320914
14052,-2.670453,0.603718
14053,-1.445881,-0.074730
14054,-3.694931,1.911146
14055,-2.837543,1.579063
14056,-3.434289,1.911146
14057,-3.528889,1.579063
14058,-2.141244,1.191580
14059,-2.696708,1.652478
14060,-1.775215,0.326239
14061,-3.326140,1.781812
14062,-1.300576,-0.365341
14063,-3.824265,1.781812
14064,-3.158125,1.579063
14065,-3.304955,1.652478
14066,-3.658223,1.449729
14067,-3.246980,1.623490
14068,-3.123202,0.900969
14069,-2.700489,1.826239
14070,-0.801938,0.400969
14071,-1.945199,0.149460
14072,-2.261572,-0.955573
14073,-3.656250,1.579063
14074,-3.158125,1.579063
14075,-3.650504,1.955573
14076,-2.394628,0.440071
14077,-3.335148,1.191580
14078,-3.652478,1.826239
14079,-1.762008,1.191580
14080,-3.822291,1.911146
14081,-3.822291,1.911146
14082,-3.490208,1.246980
14083,-2.106074,-0.658322
14084,0.218617,-0.033258
14085,-4.000000,2.000000
14086,-3.397582,1.449729
14087,-3.478716,2.000000
14088,-1.668109,-1.400969
14089,-1.648630,-0.277479
14090,-2.343556,-0.658322
14091,-2.540461,0.123490
14092,-3.563623,1.781812
14093,-2.576901,1.579063
14094,-2.563163,1.030303
14095,-3.866718,2.000000
14096,-2.235810,0.730682
14097,-2.109756,0.123490
14098,-3.563623,1.781812
14099,-2.873202,0.400969
14100,-3.167133,0.988831
14101,-2.993868,1.030303
14102,-2.576901,1.579063
14103,-3.650504,1.955573
14104,-2.706235,1.449729
14105,-2.899457,1.449729
14106,-2.466259,1.191580
14107,-2.337712,0.326239
14108,-0.864659,-0.365341
14109,-3.167133,0.988831
14110,-3.490208,1.246980
14111,-1.762008,1.191580
14112,-2.163198,1.623490
14113,-1.873040,-1.211352
14114,-0.186825,-0.074730
14115,-1.413198,1.623490
14116,-1.681370,1.030303
14117,-3.650504,1.955573
14118,-3.779838,1.826239
14119,-3.911146,1.955573
14120,-2.885719,0.900969
14121,-2.065597,-0.826239
14122,-1.419626,-1.123490
14123,-1.594507,0.222521
14124,-3.065499,1.781812
14125,-2.669008,0.988831
14126,-0.438255,-0.623490
14127,-3.490208,1.246980
14128,-2.793116,1.623490
14129,-3.656250,1.579063
14130,-2.700489,1.826239
14131,-2.711958,1.074730
14132,-3.911146,1.955573
14133,-3.658223,1.449729
14134,-1.588247,1.365341
14135,-3.652478,1.826239
14136,-3.215828,0.698220
14137,-2.859464,-0.147791
14138,-3.822291,1.911146
14139,-3.490208,1.246980
14140,-3.563623,1.781812
14141,-3.656250,1.579063
14142,-2.149460,1.074730
14143,-1.551938,0.400969
14144,-3.656250,1.579063
14145,-3.304955,1.652478
14146,-2.941449,0.149460
14147,-2.641828,1.320914
14148,-3.484462,1.623490
14149,-3.563623,1.781812
14150,-3.333174,1.320914
14151,-3.652478,1.826239
14152,-3.911146,1.955573
14153,-3.158125,1.579063
14154,-3.652478,1.826239
14155,-0.709622,0.099031
14156,-0.503178,1.449729
14157,-3.095692,1.320914
14158,-2.334986,1.579063
14159,-3.658223,1.449729
14160,-3.158125,1.579063
14161,-1.717542,-0.914101
14162,-2.430339,0.123490
14163,-3.215828,0.698220
14164,-3.246980,1.623490
14165,-0.983246,-1.000000
14166,-0.445042,0.222521
14167,-3.281713,1.826239
14168,-2.873202,0.400969
14169,-3.563623,1.781812
14170,-3.779838,1.826239
14171,-3.563623,1.781812
14172,-2.302521,1.030303
14173,-1.524320,-0.914101
14174,-1.773241,0.455573
14175,-0.437586,-0.445042
14176,-3.911146,1.955573
14177,-3.658223,1.449729
14178,-2.885719,0.900969
14179,-3.652478,1.826239
14180,-3.065499,1.781812
14181,-3.158125,1.579063
14182,-2.155959,-0.425270
14183,-3.484462,1.623490
14184,-2.730682,1.365341
14185,-3.246980,1.623490
14186,-1.926590,-0.109562
14187,-2.883745,1.030303
14188,-2.835050,1.320914
14189,-1.801938,0.900969
14190,-3.650504,1.955573
14191,-3.152379,1.955573
14192,-3.427775,0.988831
14193,-3.563623,1.781812
14194,-3.158125,1.579063
14195,-1.039051,0.266948
14196,-3.822291,1.911146
14197,-1.833963,0.093187
14198,-3.158125,1.579063
14199,-1.864156,-0.367711
14200,-2.873202,0.400969
14201,-3.652478,1.826239
14202,-2.060606,1.030303
14203,-3.397582,1.449729
14204,-2.518736,1.074730
14205,-2.883745,1.030303
14206,-0.879043,-1.466104
14207,-1.300576,-0.365341
14208,-3.955573,1.911146
14209,-3.694931,1.911146
14210,-3.153395,0.440071
14211,-1.592048,0.093187
14212,-3.268248,1.579063
14213,-3.246980,1.623490
14214,-3.065499,1.781812
14215,-2.563163,1.030303
14216,-2.228125,1.365341
14217,-3.281713,1.826239
14218,-3.152379,1.955573
14219,-2.872277,1.781812
14220,-3.866718,2.000000
14221,-3.246980,1.623490
14222,-3.692957,1.652478
14223,-3.650504,1.955573
14224,-3.434289,1.911146
14225,-3.528889,1.579063
14226,-3.281713,1.826239
14227,-2.394628,0.440071
14228,-2.540461,0.123490
14229,0.259488,-1.721883
14230,-1.917063,0.093187
14231,-2.553446,0.149460
14232,-2.051596,1.911146
14233,-3.484462,1.623490
14234,-2.065597,-0.826239
14235,-2.343556,-0.658322
14236,-0.842470,-1.889800
14237,-2.259209,0.777479
14238,-3.692957,1.652478
14239,-1.409351,-0.147791
14240,-0.967322,0.123490
14241,-0.867905,1.365341
14242,-2.553446,0.149460
14243,-3.065499,1.781812
14244,-3.326140,1.781812
14245,-2.235810,0.730682
14246,-0.756100,1.955573
14247,-3.246980,1.623490
14248,-3.484462,1.623490
14249,-2.461033,1.955573
14250,-3.824265,1.781812
14251,-3.281713,1.826239
14252,-2.870469,2.000000
14253,-2.870469,2.000000
14254,-2.136480,0.698220
14255,-3.484462,1.623490
14256,-2.181855,0.400969
14257,-1.634892,-0.826239
14258,-3.051264,1.365341
14259,-2.938128,0.142820
14260,-1.760035,1.320914
14261,-3.911146,1.955573
14262,-3.153395,0.440071
14263,-2.993868,1.030303
14264,-2.899457,1.449729
14265,-1.873490,-1.123490
14266,-1.225625,-1.123490
14267,-2.060606,1.030303
14268,-3.333174,1.320914
14269,-1.636943,1.074730
14270,-2.810768,0.142820
14271,-2.654083,-0.425270
14272,-3.153395,0.440071
14273,-0.861260,0.222521
14274,-1.080402,-1.801938
14275,-1.309583,-0.955573
14276,-1.396440,0.698220
14277,-3.246980,1.623490
14278,-3.158125,1.579063
14279,-3.822291,1.911146
14280,-3.123202,0.900969
14281,-2.700489,1.826239
14282,-1.212812,0.093187
14283,-3.484462,1.623490
14284,-3.822291,1.911146
14285,-2.635719,0.400969
14286,-3.215828,0.698220
14287,-3.427775,0.988831
14288,-3.333174,1.320914
14289,-3.158125,1.579063
14290,-2.056191,-1.233052
14291,-2.261572,-0.955573
14292,-1.461364,0.730682
14293,-2.493959,1.246980
14294,-3.650504,1.955573
14295,-2.461033,1.955573
14296,-0.828197,0.988831
14297,-3.065499,1.781812
14298,-2.826042,1.911146
14299,-2.155959,-0.425270
14300,-1.731730,-0.277479
14301,-0.916907,-0.365341
14302,-1.703282,0.440071
14303,-2.367905,-0.134659
14304,-2.873202,0.400969
14305,-2.793116,1.623490
14306,-2.394628,0.440071
14307,-1.179763,1.911146
14308,-2.337712,0.326239
14309,-3.326140,1.781812
14310,-3.123202,0.900969
14311,-3.658223,1.449729
14312,-2.873202,0.400969
14313,-2.261572,-0.955573
14314,-3.490208,1.246980
14315,-1.396440,0.698220
14316,-3.326140,1.781812
14317,-1.624178,-1.488831
14318,-2.430339,0.123490
14319,-2.793116,1.623490
14320,-1.280886,-1.400969
14321,-2.938128,0.142820
14322,-0.916907,-0.365341
14323,-1.300576,-0.365341
14324,-3.652478,1.826239
14325,-0.176865,-0.074730
14326,-0.729953,0.093187
14327,-1.384971,1.449729
14328,-2.837543,1.579063
14329,-3.658223,1.449729
14330,-3.528889,1.579063
14331,-2.336959,1.449729
14332,-1.384971,1.449729
14333,-2.641828,1.320914
14334,-2.228125,1.365341
14335,-1.978621,0.733052
14336,-3.153395,0.440071
14337,-3.779838,1.826239
14338,-3.911146,1.955573
14339,-3.866718,2.000000
14340,-3.427775,0.988831
14341,-2.899457,1.449729
14342,-3.658223,1.449729
14343,-3.692957,1.652478
14344,-2.872277,1.781812
14345,-3.484462,1.623490
14346,-3.088468,0.698220
14347,-2.837543,1.579063
14348,-1.445133,0.698220
14349,-3.153395,0.440071
14350,-2.181855,0.400969
14351,0.631776,-1.634021
14352,-0.399093,-1.400969
14353,-3.822291,1.911146
14354,-3.652478,1.826239
14355,-3.326140,1.781812
14356,-1.198511,1.030303
14357,-3.158125,1.579063
14358,-1.588247,1.365341
14359,-0.285640,0.142820
14360,-1.062213,-0.074730
14361,-1.121986,-0.722521
14362,-1.072099,0.777479
14363,-1.647948,-0.445042
14364,-3.281713,1.826239
14365,-3.824265,1.781812
14366,-3.397582,1.449729
14367,-3.563623,1.781812
14368,-3.427775,0.988831
14369,-1.977662,0.988831
14370,-3.074730,0.149460
14371,-1.906779,-0.535628
14372,-2.598822,-0.147791
14373,-0.231828,0.093187
14374,-1.928302,-1.488831
14375,-1.357582,-1.634021
14376,-2.337712,0.326239
14377,-3.268248,1.579063
14378,-3.911146,1.955573
14379,-3.692957,1.652478
14380,-3.065499,1.781812
14381,-2.461033,1.955573
14382,-3.528889,1.579063
14383,-3.397582,1.449729
14384,-2.184738,-0.367711
14385,-1.864156,-0.367711
14386,-3.326140,1.781812
14387,-2.793116,1.623490
14388,-3.822291,1.911146
14389,-1.409351,-0.147791
14390,-1.214222,1.449729
14391,-2.899457,1.449729
14392,-3.158125,1.579063
14393,-1.873490,-1.123490
14394,-1.300576,-0.365341
14395,0.180972,-0.033258
14396,-0.928928,-1.233052
14397,-2.136480,0.698220
14398,-1.775215,0.326239
14399,-1.634892,-0.826239
14400,-1.314088,-0.074730
14401,-1.032469,0.698220
14402,-3.652478,1.826239
14403,-3.158125,1.579063
14404,-2.700489,1.826239
14405,-2.163198,1.623490
14406,-3.152379,1.955573
14407,-3.826239,1.652478
14408,-1.236955,-1.488831
14409,-2.644197,-0.445042
14410,-3.397582,1.449729
14411,-2.337712,0.326239
14412,-3.563623,1.781812
14413,-3.955573,1.911146
14414,-3.528889,1.579063
14415,-0.880142,0.440071
14416,-3.281713,1.826239
14417,-3.232059,0.730682
14418,-3.692957,1.652478
14419,-3.911146,1.955573
14420,-3.167133,0.988831
14421,-2.670453,0.603718
14422,-3.051264,1.365341
14423,-3.866718,2.000000
14424,-1.690819,-1.488831
14425,-2.431855,0.900969
14426,-3.824265,1.781812
14427,-2.302521,1.030303
14428,-2.835050,1.320914
14429,-2.149460,1.074730
14430,-3.153395,0.440071
14431,-3.563623,1.781812
14432,-3.650504,1.955573
14433,-3.911146,1.955573
14434,-3.281713,1.826239
14435,-2.993868,1.030303
14436,-3.692957,1.652478
14437,-1.703282,0.440071
14438,-2.641828,1.320914
14439,-1.717979,0.733052
14440,-1.072099,0.777479
14441,-1.357582,-1.634021
14442,-0.008010,-0.147791
14443,-3.167133,0.988831
14444,-2.109756,0.123490
14445,-3.694931,1.911146
14446,-2.144490,0.326239
14447,-1.233709,-0.623490
14448,0.328724,-1.977662
14449,0.127258,0.149460
14450,-3.051264,1.365341
14451,-1.409351,-0.147791
14452,-3.153395,0.440071
14453,-2.136480,0.698220
14454,-2.011910,1.320914
14455,-2.374152,1.781812
14456,-3.074730,0.149460
14457,-2.311457,-0.722521
14458,-3.779838,1.826239
14459,-2.563163,1.030303
14460,-3.102206,1.246980
14461,-3.095692,1.320914
14462,-3.462508,1.191580
14463,-2.641828,1.320914
14464,-1.845869,0.988831
14465,-2.563163,1.030303
14466,-2.116349,-1.634021
14467,-1.811776,-1.721883
14468,-1.833963,0.093187
14469,-3.822291,1.911146
14470,-3.304955,1.652478
14471,-3.826239,1.652478
14472,-3.563623,1.781812
14473,-3.326140,1.781812
14474,-3.650504,1.955573
14475,-0.001041,-0.277479
14476,-1.695108,1.579063
14477,-1.244415,0.988831
14478,-2.493959,1.246980
14479,-3.158125,1.579063
14480,-3.563623,1.781812
14481,-3.563623,1.781812
14482,-3.326140,1.781812
14483,-3.824265,1.781812
14484,-2.349870,0.603718
14485,-2.810768,0.142820
14486,-1.836861,1.579063
14487,-1.849772,0.733052
14488,-3.652478,1.826239
14489,-3.822291,1.911146
14490,-2.349870,0.603718
14491,-2.892753,0.440071
14492,-2.181855,0.400969
14493,-3.563623,1.781812
14494,-1.207436,0.603718
14495,-0.855884,0.733052
14496,-3.822291,1.911146
14497,-3.335148,1.191580
14498,-2.844057,0.730682
14499,-3.652478,1.826239
14500,-2.780575,0.603718
14501,-3.246980,1.623490
14502,-3.484462,1.623490
14503,-3.304955,1.652478
14504,-2.826042,1.911146
14505,-0.974766,1.579063
14506,-3.427775,0.988831
14507,-3.397582,1.449729
14508,-1.922262,1.652478
14509,-1.461364,0.730682
14510,-3.158125,1.579063
14511,-2.717704,0.698220
14512,-1.149815,1.320914
14513,-1.762008,1.191580
14514,-3.158125,1.579063
14515,-3.167133,0.988831
14516,-3.652478,1.826239
14517,-2.176109,0.777479
14518,-3.152379,1.955573
14519,-3.656250,1.579063
14520,-3.484462,1.623490
14521,-3.397582,1.449729
14522,-2.119812,-0.109562
14523,-3.490208,1.246980
14524,-3.324167,1.911146
14525,-3.563623,1.781812
14526,-1.445881,-0.074730
14527,-2.098256,0.455573
14528,-0.195042,-0.277479
14529,-1.039051,0.266948
14530,-2.336959,1.449729
14531,-3.824265,1.781812
14532,-2.349870,0.603718
14533,-3.824265,1.781812
14534,-0.688917,1.781812
14535,-3.911146,1.955573
14536,-1.636943,1.074730
14537,-3.911146,1.955573
14538,-2.349870,0.603718
14539,-1.922262,1.652478
14540,-2.899457,1.449729
14541,-3.335148,1.191580
14542,-3.484462,1.623490
14543,-3.656250,1.579063
14544,-2.096023,2.000000
14545,-3.324167,1.911146
14546,-2.572099,-0.722521
14547,-3.088468,0.698220
14548,-3.692957,1.652478
14549,-3.955573,1.911146
14550,-1.558725,-0.623490
14551,-2.383160,1.191580
14552,-1.977662,0.988831
14553,-2.168944,1.246980
14554,-2.598822,-0.147791
14555,-0.490512,-1.721883
14556,-1.303596,-1.488831
14557,-2.272552,1.320914
14558,-1.233709,-0.623490
14559,-0.928928,-1.233052
14560,-3.153395,0.440071
14561,-3.866718,2.000000
14562,-3.397582,1.449729
14563,-3.088468,0.698220
14564,-3.824265,1.781812
14565,-0.167082,0.054604
14566,-1.357582,-1.634021
14567,-2.410859,1.246980
14568,-3.333174,1.320914
14569,-3.333174,1.320914
14570,-1.637893,1.955573
14571,-2.793116,1.623490
14572,-2.938128,0.142820
14573,-3.484462,1.623490
14574,-1.210838,0.222521
14575,-0.371614,-0.623490
14576,-0.159449,-0.109562
14577,-3.161387,1.365341
14578,-1.801938,0.900969
14579,-2.826042,1.911146
14580,-1.836861,1.579063
14581,-2.883745,1.030303
14582,-2.892753,0.440071
14583,-3.822291,1.911146
14584,-1.977662,0.988831
14585,-2.155959,-0.425270
14586,-2.793116,1.623490
14587,-3.822291,1.911146
14588,-3.652478,1.826239
14589,-1.396440,0.698220
14590,-2.717704,0.698220
14591,-0.560521,1.449729
14592,-2.385621,1.030303
14593,-1.717979,0.733052
14594,-2.383160,1.191580
14595,-2.844057,0.730682
14596,-2.383160,1.191580
14597,-3.652478,1.826239
14598,-3.153395,0.440071
14599,-3.324167,1.911146
14600,-2.826042,1.911146
14601,-3.652478,1.826239
14602,-3.246980,1.623490
14603,-2.347897,0.733052
14604,-3.650504,1.955573
14605,-2.793116,1.623490
14606,-2.168944,1.246980
14607,-3.911146,1.955573
14608,-3.152379,1.955573
14609,-1.423694,-1.889800
14610,-2.116349,-1.634021
14611,-3.490208,1.246980
14612,-2.518736,1.074730
14613,-1.475625,-0.623490
14614,-3.484462,1.623490
14615,-4.000000,2.000000
14616,-3.152379,1.955573
14617,-3.824265,1.781812
14618,-2.598822,-0.147791
14619,-1.652210,-0.658322
14620,-1.703282,0.440071
14621,-0.462714,-0.277479
14622,-2.654083,-0.425270
14623,-2.116349,-1.634021
14624,-2.119812,-0.109562
14625,-3.563623,1.781812
14626,-3.528889,1.579063
14627,-3.434289,1.911146
14628,-2.563163,1.030303
14629,-0.766862,-0.658322
14630,0.763733,-1.123490
14631,-1.833963,0.093187
14632,-3.333174,1.320914
14633,-3.652478,1.826239
14634,-2.261572,-0.955573
14635,-1.489885,-1.977662
14636,-0.298920,0.149460
14637,-3.333174,1.320914
14638,-3.397582,1.449729
14639,-2.711958,1.074730
14640,-3.692957,1.652478
14641,-2.835050,1.320914
14642,-2.670453,0.603718
14643,-3.955573,1.911146
14644,-3.281713,1.826239
14645,-3.955573,1.911146
14646,-3.427775,0.988831
14647,-3.074730,0.149460
14648,0.231673,-0.134659
14649,-2.259209,0.777479
14650,-3.462508,1.191580
14651,-3.824265,1.781812
14652,-1.695108,1.579063
14653,-2.899457,1.449729
14654,-2.870469,2.000000
14655,-2.993868,1.030303
14656,-2.742943,1.911146
14657,-3.484462,1.623490
14658,-2.461033,1.955573
14659,-3.397582,1.449729
14660,-2.669008,0.988831
14661,-2.635719,0.400969
14662,-2.526723,-0.425270
14663,-3.088468,0.698220
14664,-2.015156,0.455573
14665,-2.598822,-0.147791
14666,-3.656250,1.579063
14667,-3.158125,1.579063
14668,-2.810768,0.142820
14669,-2.883745,1.030303
14670,-3.167133,0.988831
14671,-2.859464,-0.147791
14672,-3.484462,1.623490
14673,-2.116349,-1.634021
14674,-2.835050,1.320914
14675,-3.152379,1.955573
14676,-3.335148,1.191580
14677,-1.637893,1.955573
14678,-1.775215,0.326239
14679,-1.833963,0.093187
14680,-0.666236,-1.634021
14681,-2.366718,-1.000000
14682,-0.734763,-0.722521
14683,-3.623490,1.246980
14684,-1.551012,1.781812
14685,-2.311457,-0.722521
14686,-0.867905,1.365341
14687,-1.413198,1.623490
14688,-3.434289,1.911146
14689,-0.458468,1.320914
14690,-1.154522,0.988831
14691,-3.528889,1.579063
14692,-2.374152,1.781812
14693,-1.118740,0.142820
14694,-3.692957,1.652478
14695,-1.801938,0.900969
14696,-2.964384,1.191580
14697,-2.553446,0.149460
14698,-2.410859,1.246980
14699,-2.576901,1.579063
14700,-3.563623,1.781812
14701,-3.232059,0.730682
14702,-1.072099,0.777479
14703,-3.434289,1.911146
14704,-2.440004,0.142820
14705,-2.670453,0.603718
14706,-1.133363,0.455573
14707,-0.322099,-0.722521
14708,-1.280886,-1.400969
14709,-1.279149,1.191580
14710,-0.938334,-0.826239
14711,-1.719513,1.246980
14712,-3.658223,1.449729
14713,-3.779838,1.826239
14714,-3.088468,0.698220
14715,-2.015156,0.455573
14716,-1.634892,-0.826239
14717,-3.650504,1.955573
14718,-1.914041,-0.134659
14719,-1.727818,-1.889800
14720,-0.221544,-0.535628
14721,-2.011910,1.320914
14722,-1.637893,1.955573
14723,-3.095692,1.320914
14724,-2.461033,1.955573
14725,-2.259209,0.777479
14726,-0.880142,0.440071
14727,-2.316833,-1.233052
14728,-3.123202,0.900969
14729,-3.658223,1.449729
14730,-3.824265,1.781812
14731,-3.563623,1.781812
14732,-3.911146,1.955573
14733,-4.000000,2.000000
14734,-3.158125,1.579063
14735,-2.541119,0.733052
14736,-3.427775,0.988831
14737,-3.152379,1.955573
14738,-1.906779,-0.535628
14739,-3.326140,1.781812
14740,-3.650504,1.955573
14741,-3.652478,1.826239
14742,-2.431855,0.900969
14743,-1.978621,0.733052
14744,-2.337712,0.326239
14745,-3.397582,1.449729
14746,-1.811776,-1.721883
14747,-0.873667,-0.955573
14748,-2.572099,-0.722521
14749,-2.717704,0.698220
14750,-3.324167,1.911146
14751,-3.152379,1.955573
14752,-1.524320,-0.914101
14753,-2.835050,1.320914
14754,-3.911146,1.955573
14755,-3.484462,1.623490
14756,-2.892753,0.440071
14757,-2.098256,0.455573
14758,-3.246980,1.623490
14759,-2.899457,1.449729
14760,-2.730682,1.365341
14761,-3.652478,1.826239
14762,-2.700489,1.826239
14763,-2.899457,1.449729
14764,-3.656250,1.579063
14765,-3.304955,1.652478
14766,-2.885719,0.900969
14767,-2.394628,0.440071
14768,-3.656250,1.579063
14769,-3.246980,1.623490
14770,-2.163198,1.623490
14771,-2.261572,-0.955573
14772,-2.343556,-0.658322
14773,-3.652478,1.826239
14774,-2.493959,1.246980
14775,-3.911146,1.955573
14776,-0.821489,0.440071
14777,-1.824442,1.449729
14778,-1.773241,0.455573
14779,-3.652478,1.826239
14780,-2.717704,0.698220
14781,-1.396440,0.698220
14782,-2.334986,1.579063
14783,-2.885719,0.900969
14784,-2.883745,1.030303
14785,-1.836861,1.579063
14786,-3.650504,1.955573
14787,-3.335148,1.191580
14788,-2.605388,-0.134659
14789,-1.207436,0.603718
14790,-2.654083,-0.425270
14791,-1.554958,0.777479
14792,-2.383160,1.191580
14793,-3.652478,1.826239
14794,-3.652478,1.826239
14795,-1.773241,0.455573
14796,-2.394628,0.440071
14797,-3.652478,1.826239
14798,-3.427775,0.988831
14799,-3.326140,1.781812
14800,-3.826239,1.652478
14801,-3.652478,1.826239
14802,-3.158125,1.579063
14803,-2.208111,1.449729
14804,-2.056191,-1.233052
14805,-2.149460,1.074730
14806,-2.572099,-0.722521
14807,-3.484462,1.623490
14808,-2.873202,0.400969
14809,-3.326140,1.781812
14810,-3.153395,0.440071
14811,-3.335148,1.191580
14812,-1.409351,-0.147791
14813,-2.060606,1.030303
14814,-1.977662,0.988831
14815,-2.294861,-0.367711
14816,-0.718169,-0.658322
14817,-0.873502,-0.445042
14818,-1.051938,0.900969
14819,-2.635719,0.400969
14820,-3.324167,1.911146
14821,-1.475625,-0.623490
14822,-2.563163,1.030303
14823,-3.866718,2.000000
14824,-2.964384,1.191580
14825,-1.419626,-1.123490
14826,-2.641828,1.320914
14827,-1.005460,-0.955573
14828,-2.109756,0.123490
14829,-3.333174,1.320914
14830,-3.484462,1.623490
14831,-0.366526,-1.466104
14832,-2.938128,0.142820
14833,-1.261910,1.320914
14834,-3.528889,1.579063
14835,-0.763270,1.246980
14836,-2.644197,-0.445042
14837,-3.281713,1.826239
14838,-2.706235,1.449729
14839,-3.911146,1.955573
14840,-2.572099,-0.722521
14841,-3.232059,0.730682
14842,-3.650504,1.955573
14843,-3.123202,0.900969
14844,-1.960449,1.826239
14845,-3.866718,2.000000
14846,-3.955573,1.911146
14847,-2.184738,-0.367711
14848,-2.349870,0.603718
14849,-0.880142,0.440071
14850,-3.478716,2.000000
14851,-2.518736,1.074730
14852,-3.911146,1.955573
14853,-3.333174,1.320914
14854,-3.652478,1.826239
14855,-3.484462,1.623490
14856,-3.824265,1.781812
14857,-2.337712,0.326239
14858,-3.215828,0.698220
14859,-3.095692,1.320914
14860,-3.246980,1.623490
14861,-3.427775,0.988831
14862,-3.246980,1.623490
14863,-1.419626,-1.123490
14864,-0.538346,-1.889800
14865,-2.334986,1.579063
14866,-2.883745,1.030303
14867,-3.824265,1.781812
14868,-2.572099,-0.722521
14869,-3.095692,1.320914
14870,-2.641828,1.320914
14871,-3.335148,1.191580
14872,-1.988459,-1.889800
14873,-3.911146,1.955573
14874,-3.490208,1.246980
14875,-3.335148,1.191580
14876,-3.563623,1.781812
14877,-3.822291,1.911146
14878,-3.911146,1.955573
14879,-2.334986,1.579063
14880,-3.158125,1.579063
14881,-3.826239,1.652478
14882,-1.652210,-0.658322
14883,-2.261572,-0.955573
14884,-1.132335,-0.826239
14885,-0.298846,-0.722521
14886,-0.688917,1.781812
14887,-3.826239,1.652478
14888,-3.658223,1.449729
14889,-3.304955,1.652478
14890,-2.208111,1.449729
14891,-2.793116,1.623490
14892,-1.309583,-0.955573
14893,-3.158125,1.579063
14894,-3.324167,1.911146
14895,-3.158125,1.579063
14896,-2.717704,0.698220
14897,-2.717704,0.698220
14898,-2.598822,-0.147791
14899,-3.335148,1.191580
14900,-2.883745,1.030303
14901,-2.706235,1.449729
14902,-1.878417,-1.721883
14903,-3.911146,1.955573
14904,-2.336959,1.449729
14905,-3.051264,1.365341
14906,-3.779838,1.826239
14907,-3.326140,1.781812
14908,-3.528889,1.579063
14909,-3.088468,0.698220
14910,-3.955573,1.911146
14911,-1.168783,-0.365341
14912,-0.256645,0.142820
14913,-2.706235,1.449729
14914,-2.706235,1.449729
14915,-2.410859,1.246980
14916,-2.872277,1.781812
14917,-3.563623,1.781812
14918,-3.065499,1.781812
14919,-3.484462,1.623490
14920,-3.779838,1.826239
14921,-2.272552,1.320914
14922,-3.692957,1.652478
14923,-2.696708,1.652478
14924,-1.133363,0.455573
14925,-1.977662,0.988831
14926,-3.658223,1.449729
14927,-2.859464,-0.147791
14928,-2.337712,0.326239
14929,-1.236955,-1.488831
14930,-2.461033,1.955573
14931,-3.652478,1.826239
14932,-3.427775,0.988831
14933,-2.885719,0.900969
14934,-3.652478,1.826239
14935,-3.652478,1.826239
14936,-3.065499,1.781812
14937,-1.864156,-0.367711
14938,-2.181855,0.400969
14939,-0.437586,-0.445042
14940,-0.969501,-1.801938
14941,-2.116349,-1.634021
14942,-2.553446,0.149460
14943,-3.102206,1.246980
14944,-2.141244,1.191580
14945,-3.911146,1.955573
14946,-1.123325,0.054604
14947,-2.526723,-0.425270
14948,0.946404,-1.488831
14949,-1.873490,-1.123490
14950,-1.634892,-0.826239
14951,-2.873202,0.400969
14952,-2.136480,0.698220
14953,-2.669008,0.988831
14954,-3.194833,1.652478
14955,-1.890808,-0.955573
14956,-3.051264,1.365341
14957,-3.955573,1.911146
14958,-3.623490,1.246980
14959,-3.167133,0.988831
14960,-2.461033,1.955573
14961,-0.966034,-0.162592
14962,-1.229693,-1.889800
14963,-2.892753,0.440071
14964,-2.837543,1.579063
14965,-1.170753,0.149460
14966,-1.652210,-0.658322
14967,-2.696708,1.652478
14968,-3.824265,1.781812
14969,-3.065499,1.781812
14970,-0.492457,-0.826239
14971,-2.899457,1.449729
14972,-3.194833,1.652478
14973,-3.866718,2.000000
14974,-3.434289,1.911146
14975,-2.242359,1.781812
14976,-3.692957,1.652478
14977,-2.793116,1.623490
14978,-3.484462,1.623490
14979,-3.563623,1.781812
14980,-2.696708,1.652478
14981,-3.779838,1.826239
14982,-2.572099,-0.722521
14983,-3.779838,1.826239
14984,-2.374152,1.781812
14985,-3.658223,1.449729
14986,-2.892753,0.440071
14987,-3.779838,1.826239
14988,-2.410859,1.246980
14989,-3.658223,1.449729
14990,-2.892753,0.440071
14991,-3.088468,0.698220
14992,-3.427775,0.988831
14993,-3.462508,1.191580
14994,-3.911146,1.955573
14995,-1.719513,1.246980
14996,-3.102206,1.246980
14997,-1.534266,-1.801938
14998,-3.215828,0.698220
14999,-3.123202,0.900969
15000,-3.822291,1.911146
15001,-2.730682,1.365341
15002,-2.256195,-0.445042
15003,-3.152379,1.955573
15004,-3.563623,1.781812
15005,-3.397582,1.449729
15006,-2.899457,1.449729
15007,-3.650504,1.955573
15008,-2.572099,-0.722521
15009,-3.324167,1.911146
15010,-2.366718,-1.000000
15011,-3.158125,1.579063
15012,-1.637893,1.955573
15013,0.022585,0.054604
15014,-2.349870,0.603718
15015,-2.730682,1.365341
15016,-3.365341,0.730682
15017,-3.161387,1.365341
15018,-1.945199,0.149460
15019,-2.343556,-0.658322
15020,-2.347897,0.733052
15021,-3.563623,1.781812
15022,-2.730682,1.365341
15023,-3.158125,1.579063
15024,-3.822291,1.911146
15025,-3.911146,1.955573
15026,-2.155959,-0.425270
15027,-2.100697,-0.147791
15028,-1.624178,-1.488831
15029,-1.423694,-1.889800
15030,-3.095692,1.320914
15031,-3.658223,1.449729
15032,-2.176109,0.777479
15033,-3.911146,1.955573
15034,-2.493959,1.246980
15035,-3.650504,1.955573
15036,-3.333174,1.320914
15037,-3.656250,1.579063
15038,-1.588247,1.365341
15039,-0.709394,0.440071
15040,-3.324167,1.911146
15041,-3.158125,1.579063
15042,-3.397582,1.449729
15043,-3.123202,0.900969
15044,-2.294861,-0.367711
15045,-3.215828,0.698220
15046,-2.334986,1.579063
15047,-0.538874,0.099031
15048,-3.304955,1.652478
15049,-0.388818,-0.425270
15050,-0.628209,0.455573
15051,-3.484462,1.623490
15052,-2.388932,-0.955573
15053,-2.742943,1.911146
15054,-3.333174,1.320914
15055,-3.824265,1.781812
15056,-3.484462,1.623490
15057,-3.484462,1.623490
15058,-3.650504,1.955573
15059,-2.964384,1.191580
15060,-2.563163,1.030303
15061,-1.171501,-0.623490
15062,-2.056191,-1.233052
15063,-1.070127,-0.826239
15064,-1.690819,-1.488831
15065,-2.144490,0.326239
15066,-3.333174,1.320914
15067,-3.232059,0.730682
15068,-3.095692,1.320914
15069,-3.779838,1.826239
15070,-2.038874,-1.400969
15071,-1.955475,-0.826239
15072,-2.316833,-1.233052
15073,-1.794458,-1.889800
15074,-1.890808,-0.955573
15075,-1.713557,-0.535628
15076,-2.872277,1.781812
15077,-3.824265,1.781812
15078,-2.011910,1.320914
15079,-1.200484,0.900969
15080,-3.658223,1.449729
15081,-3.434289,1.911146
15082,-2.553446,0.149460
15083,-2.144490,0.326239
15084,-2.696708,1.652478
15085,-3.484462,1.623490
15086,-2.711958,1.074730
15087,-3.462508,1.191580
15088,-2.641828,1.320914
15089,-3.955573,1.911146
15090,-3.658223,1.449729
15091,-2.572099,-0.722521
15092,-3.563623,1.781812
15093,-3.427775,0.988831
15094,-3.692957,1.652478
15095,-2.388932,-0.955573
15096,-1.557314,-0.109562
15097,-2.242359,1.781812
15098,-3.824265,1.781812
15099,0.436751,0.222521
15100,0.158759,0.011169
15101,-1.855707,-1.634021
15102,-1.118740,0.142820
15103,-3.397582,1.449729
15104,-3.095692,1.320914
15105,-2.885719,0.900969
15106,-2.669008,0.988831
15107,-1.978716,-1.000000
15108,-1.419626,-1.123490
15109,-2.343556,-0.658322
15110,-3.779838,1.826239
15111,-3.563623,1.781812
15112,-3.824265,1.781812
15113,-3.167133,0.988831
15114,-2.541119,0.733052
15115,-3.434289,1.911146
15116,-3.692957,1.652478
15117,-1.847313,0.603718
15118,-1.253943,-1.233052
15119,-1.039708,-0.623490
15120,-2.670453,0.603718
15121,-3.051264,1.365341
15122,-3.866718,2.000000
15123,-2.993868,1.030303
15124,-3.528889,1.579063
15125,-2.706235,1.449729
15126,-3.692957,1.652478
15127,-1.011473,1.652478
15128,-2.119812,-0.109562
15129,-2.696708,1.652478
15130,-2.964384,1.191580
15131,-3.955573,1.911146
15132,-2.302521,1.030303
15133,-3.694931,1.911146
15134,-3.152379,1.955573
15135,-0.766862,-0.658322
15136,-3.658223,1.449729
15137,-3.911146,1.955573
15138,-2.366718,-1.000000
15139,-0.266837,-0.445042
15140,-2.493959,1.246980
15141,-1.773241,0.455573
15142,-2.605388,-0.134659
15143,-3.335148,1.191580
15144,-3.822291,1.911146
15145,-3.911146,1.955573
15146,-2.098256,0.455573
15147,-2.810768,0.142820
15148,-3.824265,1.781812
15149,-2.872277,1.781812
15150,-3.652478,1.826239
15151,-1.813332,-0.722521
15152,-2.885719,0.900969
15153,-0.549693,-1.233052
15154,-2.742943,1.911146
15155,-0.966034,-0.162592
15156,-3.866718,2.000000
15157,-3.866718,2.000000
15158,-3.246980,1.623490
15159,-2.706235,1.449729
15160,-1.933731,0.900969
15161,-3.658223,1.449729
15162,-3.427775,0.988831
15163,-0.123151,-0.033258
15164,-1.357582,-1.634021
15165,-0.709394,0.440071
15166,-2.110972,-1.123490
15167,-3.167133,0.988831
15168,-3.167133,0.988831
15169,-2.337712,0.326239
15170,-3.268248,1.579063
15171,-3.779838,1.826239
15172,-2.576901,1.579063
15173,-3.246980,1.623490
15174,-1.279149,1.191580
15175,-2.208111,1.449729
15176,-2.644197,-0.445042
15177,-2.541119,0.733052
15178,-3.434289,1.911146
15179,0.432157,-0.535628
15180,-1.361599,-0.367711
15181,-0.966034,-0.162592
15182,-3.074730,0.149460
15183,-3.955573,1.911146
15184,-2.793116,1.623490
15185,-2.259209,0.777479
15186,-3.528889,1.579063
15187,-2.670453,0.603718
15188,-2.670453,0.603718
15189,-1.413198,1.623490
15190,-3.102206,1.246980
15191,-3.779838,1.826239
15192,-3.167133,0.988831
15193,-0.492457,-0.826239
15194,-3.152379,1.955573
15195,-3.484462,1.623490
15196,-3.911146,1.955573
15197,-2.993868,1.030303
15198,-3.281713,1.826239
15199,-2.461033,1.955573
15200,-2.100697,-0.147791
15201,-1.794458,-1.889800
15202,-1.574735,-0.425270
15203,-1.022292,-0.658322
15204,-2.466259,1.191580
15205,-2.605388,-0.134659
15206,-2.644197,-0.445042
15207,-2.873202,0.400969
15208,-2.242359,1.781812
15209,-2.374152,1.781812
15210,-2.337712,0.326239
15211,-1.934194,0.777479
15212,-3.051264,1.365341
15213,-3.051264,1.365341
15214,-1.593993,0.988831
15215,-1.713557,-0.535628
15216,-1.873040,-1.211352
15217,-2.056191,-1.233052
15218,-2.730682,1.365341
15219,-2.294861,-0.367711
15220,-2.899457,1.449729
15221,-2.777479,-0.445042
15222,-2.461033,1.955573
15223,-2.654083,-0.425270
15224,-0.700386,1.030303
15225,-3.484462,1.623490
15226,-2.116349,-1.634021
15227,-2.883745,1.030303
15228,-3.161387,1.365341
15229,-2.060606,1.030303
15230,-2.669008,0.988831
15231,-3.563623,1.781812
15232,-1.280886,-1.400969
15233,-2.835050,1.320914
15234,-1.978716,-1.000000
15235,-0.295600,0.142820
15236,-1.934194,0.777479
15237,-2.938128,0.142820
15238,-1.592048,0.093187
15239,-3.268248,1.579063
15240,-3.694931,1.911146
15241,-2.669008,0.988831
15242,-3.692957,1.652478
15243,-3.650504,1.955573
15244,-3.123202,0.900969
15245,-3.694931,1.911146
15246,-1.960449,1.826239
15247,-0.275215,1.826239
15248,-0.828197,0.988831
15249,-1.890808,-0.955573
15250,-2.302521,1.030303
15251,-1.121986,-0.722521
15252,-1.011473,1.652478
15253,-0.349031,0.400969
15254,-3.304955,1.652478
15255,-3.427775,0.988831
15256,-2.700489,1.826239
15257,-2.383160,1.191580
15258,-1.921819,-1.889800
15259,-1.225625,-1.123490
15260,-3.152379,1.955573
15261,-3.427775,0.988831
15262,-2.598822,-0.147791
15263,-2.541119,0.733052
15264,-2.635719,0.400969
15265,-2.835050,1.320914
15266,-3.281713,1.826239
15267,-2.015156,0.455573
15268,-3.528889,1.579063
15269,-2.742943,1.911146
15270,-1.419626,-1.123490
15271,-1.928302,-1.488831
15272,-1.072099,0.777479
15273,-3.051264,1.365341
15274,-3.563623,1.781812
15275,-3.065499,1.781812
15276,-3.623490,1.246980
15277,-3.650504,1.955573
15278,-2.466259,1.191580
15279,-3.911146,1.955573
15280,-2.576901,1.579063
15281,-3.074730,0.149460
15282,-3.123202,0.900969
15283,-2.065597,-0.826239
15284,-3.623490,1.246980
15285,-2.311457,-0.722521
15286,-1.760035,1.320914
15287,-2.576901,1.579063
15288,-3.911146,1.955573
15289,-2.518736,1.074730
15290,-3.528889,1.579063
15291,-2.742943,1.911146
15292,0.382628,-0.277479
15293,-2.706235,1.449729
15294,-1.592048,0.093187
15295,-1.836861,1.579063
15296,-1.873490,-1.123490
15297,-3.911146,1.955573
15298,-3.478716,2.000000
15299,-3.427775,0.988831
15300,-3.652478,1.826239
15301,-3.824265,1.781812
15302,-1.588247,1.365341
15303,-2.367905,-0.134659
15304,-3.650504,1.955573
15305,-3.158125,1.579063
15306,-3.427775,0.988831
15307,-3.563623,1.781812
15308,-3.335148,1.191580
15309,-1.926590,-0.109562
15310,-2.700489,1.826239
15311,-3.397582,1.449729
15312,-2.430339,0.123490
15313,-1.945199,0.149460
15314,-2.430339,0.123490
15315,-1.849772,0.733052
15316,-2.374152,1.781812
15317,-2.635719,0.400969
15318,-3.652478,1.826239
15319,-2.835050,1.320914
15320,-3.652478,1.826239
15321,-3.304955,1.652478
15322,-1.977662,0.988831
15323,-1.864156,-0.367711
15324,-3.658223,1.449729
15325,-2.899457,1.449729
15326,-3.656250,1.579063
15327,-3.326140,1.781812
15328,-2.711958,1.074730
15329,-3.215828,0.698220
15330,-3.335148,1.191580
15331,-3.911146,1.955573
15332,-3.478716,2.000000
15333,-2.383160,1.191580
15334,-2.810768,0.142820
15335,-2.366718,-1.000000
15336,-3.365341,0.730682
15337,-2.383160,1.191580
15338,-3.652478,1.826239
15339,-3.822291,1.911146
15340,-3.215828,0.698220
15341,-3.153395,0.440071
15342,-2.598822,-0.147791
15343,-2.892753,0.440071
15344,-2.383160,1.191580
15345,-2.826042,1.911146
15346,-3.563623,1.781812
15347,-3.304955,1.652478
15348,-0.916907,-0.365341
15349,-0.576416,-0.658322
15350,-2.872277,1.781812
15351,-3.153395,0.440071
15352,-1.681370,1.030303
15353,-3.065499,1.781812
15354,-3.779838,1.826239
15355,-0.382320,0.988831
15356,-1.133363,0.455573
15357,-2.670453,0.603718
15358,-2.015156,0.455573
15359,-3.866718,2.000000
15360,-2.837543,1.579063
15361,-3.563623,1.781812
15362,-3.326140,1.781812
15363,-3.658223,1.449729
15364,-3.528889,1.579063
15365,-2.431855,0.900969
15366,0.156904,-1.634021
15367,-2.184738,-0.367711
15368,-3.123202,0.900969
15369,-3.650504,1.955573
15370,-3.563623,1.781812
15371,0.420441,-1.211352
15372,-3.152379,1.955573
15373,-2.717704,0.698220
15374,-1.330319,-0.914101
15375,-1.149815,1.320914
15376,-2.431855,0.900969
15377,0.036415,1.030303
15378,-1.279149,1.191580
15379,-1.551938,0.400969
15380,-2.316833,-1.233052
15381,-2.885719,0.900969
15382,-2.654083,-0.425270
15383,-2.337712,0.326239
15384,-2.835050,1.320914
15385,-2.883745,1.030303
15386,-3.427775,0.988831
15387,-2.385621,1.030303
15388,-2.892753,0.440071
15389,-2.060606,1.030303
15390,-3.158125,1.579063
15391,-3.246980,1.623490
15392,-2.374152,1.781812
15393,-3.658223,1.449729
15394,-3.478716,2.000000
15395,-3.153395,0.440071
15396,-3.335148,1.191580
15397,-3.326140,1.781812
15398,-2.793116,1.623490
15399,-3.215828,0.698220
15400,-3.656250,1.579063
15401,-3.478716,2.000000
15402,-3.324167,1.911146
15403,-2.430339,0.123490
15404,-0.567329,-0.365341
15405,-0.109208,0.054604
15406,-2.430339,0.123490
15407,-3.911146,1.955573
15408,-0.828197,0.988831
15409,-1.833963,0.093187
15410,-3.656250,1.579063
15411,-1.877888,-1.977662
15412,-1.690819,-1.488831
15413,-0.938334,-0.826239
15414,-2.106074,-0.658322
15415,-3.652478,1.826239
15416,-3.656250,1.579063
15417,-2.572099,-0.722521
15418,-1.462714,0.222521
15419,-3.123202,0.900969
15420,-3.824265,1.781812
15421,-2.385621,1.030303
15422,-3.167133,0.988831
15423,-4.000000,2.000000
15424,-2.383160,1.191580
15425,-3.650504,1.955573
15426,-2.826042,1.911146
15427,-1.933731,0.900969
15428,-3.304955,1.652478
15429,-2.899457,1.449729
15430,-3.158125,1.579063
15431,-2.493959,1.246980
15432,-2.119812,-0.109562
15433,-2.717704,0.698220
15434,-3.652478,1.826239
15435,-0.974766,1.579063
15436,-2.060606,1.030303
15437,-3.158125,1.579063
15438,-3.153395,0.440071
15439,-2.366718,-1.000000
15440,-2.149460,1.074730
15441,-3.335148,1.191580
15442,-1.836861,1.579063
15443,-3.304955,1.652478
15444,-3.822291,1.911146
15445,-3.161387,1.365341
15446,-0.669220,1.781812
15447,-1.574735,-0.425270
15448,-3.065499,1.781812
15449,-2.993868,1.030303
15450,-0.652478,0.326239
15451,-0.607038,-1.488831
15452,-0.367567,0.455573
15453,-3.866718,2.000000
15454,-1.149815,1.320914
15455,-1.855707,-1.634021
15456,-1.551584,-1.634021
15457,-2.005777,-1.721883
15458,-0.686069,-0.722521
15459,-1.412671,0.730682
15460,-2.367905,-0.134659
15461,-1.005460,-0.955573
15462,-0.969501,-1.801938
15463,-2.541119,0.733052
15464,-3.462508,1.191580
15465,-3.434289,1.911146
15466,-2.337712,0.326239
15467,-1.926590,-0.109562
15468,-2.993868,1.030303
15469,-2.670453,0.603718
15470,-2.540461,0.123490
15471,-3.692957,1.652478
15472,-3.563623,1.781812
15473,-3.824265,1.781812
15474,-0.569543,-0.955573
15475,-3.911146,1.955573
15476,-2.572099,-0.722521
15477,-1.661706,-1.634021
15478,-0.860591,0.400969
15479,-2.780575,0.603718
15480,-2.311457,-0.722521
15481,-3.304955,1.652478
15482,-2.899457,1.449729
15483,-3.822291,1.911146
15484,-3.652478,1.826239
15485,-1.396440,0.698220
15486,-2.641828,1.320914
15487,-3.652478,1.826239
15488,-1.262697,0.326239
15489,-1.878417,-1.721883
15490,-4.000000,2.000000
15491,-2.873202,0.400969
15492,-3.095692,1.320914
15493,-2.826042,1.911146
15494,-2.899457,1.449729
15495,-3.824265,1.781812
15496,-3.326140,1.781812
15497,-3.656250,1.579063
15498,-1.442336,-1.211352
15499,-0.569543,-0.955573
15500,-2.144490,0.326239
15501,-1.634892,-0.826239
15502,-0.880142,0.440071
15503,-3.528889,1.579063
15504,-3.955573,1.911146
15505,-3.152379,1.955573
15506,-2.793116,1.623490
15507,-3.650504,1.955573
15508,-2.885719,0.900969
15509,-3.658223,1.449729
15510,-2.572099,-0.722521
15511,-2.654083,-0.425270
15512,-2.605388,-0.134659
15513,-3.826239,1.652478
15514,-2.541119,0.733052
15515,0.146956,0.149460
15516,-3.161387,1.365341
15517,-0.828197,0.988831
15518,-4.000000,2.000000
15519,-1.607199,0.123490
15520,-2.810768,0.142820
15521,-3.333174,1.320914
15522,-2.780575,0.603718
15523,-3.911146,1.955573
15524,-2.493959,1.246980
15525,-1.492359,1.781812
15526,-2.883745,1.030303
15527,-1.717542,-0.914101
15528,-1.634892,-0.826239
15529,-2.051596,1.911146
15530,-2.518736,1.074730
15531,-0.916907,-0.365341
15532,-2.388932,-0.955573
15533,0.140244,0.123490
15534,-0.578811,-0.162592
15535,-0.866720,-1.233052
15536,-1.262697,0.326239
15537,-3.123202,0.900969
15538,-3.123202,0.900969
15539,-3.484462,1.623490
15540,-2.873202,0.400969
15541,-2.706235,1.449729
15542,-3.652478,1.826239
15543,-3.911146,1.955573
15544,-2.874250,1.652478
15545,-3.123202,0.900969
15546,-3.427775,0.988831
15547,-1.824442,1.449729
15548,-3.656250,1.579063
15549,-2.641828,1.320914
15550,-2.873202,0.400969
15551,-2.669008,0.988831
15552,-2.793116,1.623490
15553,-1.574293,-1.721883
15554,-1.813332,-0.722521
15555,-2.261572,-0.955573
15556,-2.311457,-0.722521
15557,-0.521367,-0.277479
15558,-2.706235,1.449729
15559,-2.430339,0.123490
15560,-2.835050,1.320914
15561,-3.658223,1.449729
15562,-2.872277,1.781812
15563,-2.899457,1.449729
15564,-2.261572,-0.955573
15565,-2.717704,0.698220
15566,-2.181855,0.400969
15567,-2.859464,-0.147791
15568,-2.119812,-0.109562
15569,-1.588247,1.365341
15570,-3.563623,1.781812
15571,-0.821489,0.440071
15572,-2.168944,1.246980
15573,-2.700489,1.826239
15574,-3.563623,1.781812
15575,-3.397582,1.449729
15576,-3.484462,1.623490
15577,-3.563623,1.781812
15578,-1.731816,1.652478
15579,-2.493959,1.246980
15580,-3.161387,1.365341
15581,0.331531,0.440071
15582,-3.911146,1.955573
15583,-2.228125,1.365341
15584,-1.262697,0.326239
15585,-2.742943,1.911146
15586,-3.911146,1.955573
15587,-1.977662,0.988831
15588,-3.484462,1.623490
15589,-1.934194,0.777479
15590,-2.826042,1.911146
15591,-3.304955,1.652478
15592,-2.176109,0.777479
15593,-3.153395,0.440071
15594,-1.727818,-1.889800
15595,-0.553817,0.440071
15596,-0.709168,-0.914101
15597,-1.762918,-1.211352
15598,-2.938128,0.142820
15599,-3.528889,1.579063
15600,-3.779838,1.826239
15601,-1.977662,0.988831
15602,-2.742943,1.911146
15603,-1.557314,-0.109562
15604,-0.001379,-0.367711
15605,-0.569543,-0.955573
15606,-0.528520,0.777479
15607,-3.158125,1.579063
15608,-1.349578,0.500000
15609,-2.383160,1.191580
15610,-3.652478,1.826239
15611,-2.730682,1.365341
15612,-3.658223,1.449729
15613,-2.430339,0.123490
15614,-3.065499,1.781812
15615,-2.730682,1.365341
15616,-3.478716,2.000000
15617,-2.700489,1.826239
15618,-1.926590,-0.109562
15619,-2.347897,0.733052
15620,-3.824265,1.781812
15621,-3.826239,1.652478
15622,-3.824265,1.781812
15623,-3.822291,1.911146
15624,-3.246980,1.623490
15625,-3.650504,1.955573
15626,-1.878417,-1.721883
15627,-2.431855,0.900969
15628,-1.945199,0.149460
15629,0.188627,-0.277479
15630,-2.311457,-0.722521
15631,-3.484462,1.623490
15632,-2.899457,1.449729
15633,-2.272552,1.320914
15634,0.181486,0.733052
15635,-0.170149,0.440071
15636,-3.333174,1.320914
15637,-2.337712,0.326239
15638,-1.574735,-0.425270
15639,-1.003761,1.579063
15640,-2.518736,1.074730
15641,-3.484462,1.623490
15642,-2.641828,1.320914
15643,-3.692957,1.652478
15644,-3.779838,1.826239
15645,-3.563623,1.781812
15646,-2.272552,1.320914
15647,-3.088468,0.698220
15648,-3.779838,1.826239
15649,-2.993868,1.030303
15650,-1.357582,-1.634021
15651,-2.110972,-1.123490
15652,-2.885719,0.900969
15653,-1.261910,1.320914
15654,-1.168783,-0.365341
15655,-3.652478,1.826239
15656,-3.167133,0.988831
15657,-2.098256,0.455573
15658,-2.166234,-1.400969
15659,-2.941449,0.149460
15660,-2.598822,-0.147791
15661,1.392285,-0.914101
15662,-1.762918,-1.211352
15663,-3.123202,0.900969
15664,-1.847313,0.603718
15665,-1.279149,1.191580
15666,-2.706235,1.449729
15667,-3.074730,0.149460
15668,-2.892753,0.440071
15669,-2.228125,1.365341
15670,-2.641828,1.320914
15671,-2.837543,1.579063
15672,-3.095692,1.320914
15673,-3.232059,0.730682
15674,-1.574735,-0.425270
15675,-2.654083,-0.425270
15676,-1.955475,-0.826239
15677,-3.095692,1.320914
15678,-3.434289,1.911146
15679,-2.136480,0.698220
15680,-2.141244,1.191580
15681,-2.181855,0.400969
15682,-3.051264,1.365341
15683,-2.605388,-0.134659
15684,-3.281713,1.826239
15685,-3.434289,1.911146
15686,-2.706235,1.449729
15687,-2.706235,1.449729
15688,-3.268248,1.579063
15689,-3.333174,1.320914
15690,-3.102206,1.246980
15691,-3.650504,1.955573
15692,-3.326140,1.781812
15693,-3.065499,1.781812
15694,-3.268248,1.579063
15695,-3.484462,1.623490
15696,-2.964384,1.191580
15697,-0.650969,0.099031
15698,-3.694931,1.911146
15699,-3.088468,0.698220
15700,-2.605388,-0.134659
15701,-2.109756,0.123490
15702,-2.228125,1.365341
15703,-2.576901,1.579063
15704,-2.670453,0.603718
15705,-3.152379,1.955573
15706,-2.641828,1.320914
15707,-2.605388,-0.134659
15708,-3.158125,1.579063
15709,-3.563623,1.781812
15710,-3.658223,1.449729
15711,-3.826239,1.652478
15712,-3.650504,1.955573
15713,-3.652478,1.826239
15714,-3.484462,1.623490
15715,-3.478716,2.000000
15716,-3.652478,1.826239
15717,-2.311457,-0.722521
15718,-1.406715,-0.277479
15719,-3.158125,1.579063
15720,-3.304955,1.652478
15721,-3.652478,1.826239
15722,-2.106074,-0.658322
15723,-0.211190,0.142820
15724,-3.246980,1.623490
15725,-3.365341,0.730682
15726,-3.158125,1.579063
15727,-3.095692,1.320914
15728,-3.324167,1.911146
15729,-0.161161,-1.488831
15730,-1.229693,-1.889800
15731,-1.864156,-0.367711
15732,-3.065499,1.781812
15733,-1.039051,0.266948
15734,-3.656250,1.579063
15735,-3.650504,1.955573
15736,-3.563623,1.781812
15737,-1.717979,0.733052
15738,-3.822291,1.911146
15739,-3.427775,0.988831
15740,-3.152379,1.955573
15741,-2.385621,1.030303
15742,-3.652478,1.826239
15743,-3.911146,1.955573
15744,-3.824265,1.781812
15745,-1.637893,1.955573
15746,-3.563623,1.781812
15747,-2.334986,1.579063
15748,-3.484462,1.623490
15749,-3.095692,1.320914
15750,-3.656250,1.579063
15751,-3.335148,1.191580
15752,-3.822291,1.911146
15753,-2.810768,0.142820
15754,-3.652478,1.826239
15755,-1.409351,-0.147791
15756,-0.686069,-0.722521
15757,-2.711958,1.074730
15758,-2.964384,1.191580
15759,-3.650504,1.955573
15760,-2.144490,0.326239
15761,-3.281713,1.826239
15762,-3.462508,1.191580
15763,-0.317152,-0.033258
15764,-2.440004,0.142820
15765,-0.652478,0.326239
15766,-3.397582,1.449729
15767,-3.658223,1.449729
15768,-3.326140,1.781812
15769,-2.553446,0.149460
15770,-0.967322,0.123490
15771,-1.442336,-1.211352
15772,-0.864659,-0.365341
15773,-3.397582,1.449729
15774,-3.427775,0.988831
15775,-0.854474,-0.623490
15776,-2.388932,-0.955573
15777,-2.644197,-0.445042
15778,-3.051264,1.365341
15779,-3.484462,1.623490
15780,-3.779838,1.826239
15781,-3.102206,1.246980
15782,-1.789708,1.246980
15783,-0.586211,-0.147791
15784,-2.316833,-1.233052
15785,-2.500000,-1.000000
15786,-1.229497,0.266948
15787,-3.095692,1.320914
15788,-2.541119,0.733052
15789,-2.056191,-1.233052
15790,-1.270918,0.730682
15791,-2.711958,1.074730
15792,-1.794458,-1.889800
15793,-3.088468,0.698220
15794,-2.872277,1.781812
15795,-3.911146,1.955573
15796,-3.333174,1.320914
15797,-3.427775,0.988831
15798,-2.541119,0.733052
15799,-3.123202,0.900969
15800,-3.563623,1.781812
15801,-3.694931,1.911146
15802,-3.692957,1.652478
15803,-1.695108,1.579063
15804,-0.399093,-1.400969
15805,-2.576901,1.579063
15806,-3.434289,1.911146
15807,-3.065499,1.781812
15808,-3.462508,1.191580
15809,-3.088468,0.698220
15810,-3.484462,1.623490
15811,-2.873202,0.400969
15812,-3.658223,1.449729
15813,-2.500000,-1.000000
15814,-3.623490,1.246980
15815,-2.541119,0.733052
15816,1.243583,1.911146
15817,-2.500000,-1.000000
15818,-2.938128,0.142820
15819,-3.281713,1.826239
15820,0.508862,-1.466104
15821,-2.015156,0.455573
15822,-3.065499,1.781812
15823,-3.824265,1.781812
15824,-2.133667,-1.466104
15825,-2.654083,-0.425270
15826,-2.367905,-0.134659
15827,-2.349870,0.603718
15828,-3.563623,1.781812
15829,-2.261572,-0.955573
15830,-3.158125,1.579063
15831,-2.493959,1.246980
15832,-3.335148,1.191580
15833,-3.326140,1.781812
15834,-3.065499,1.781812
15835,-0.834695,-0.425270
15836,-2.883745,1.030303
15837,-2.261572,-0.955573
15838,-2.385621,1.030303
15839,-2.874250,1.652478
15840,-2.872277,1.781812
15841,-1.026723,1.074730
15842,-1.349578,0.500000
15843,-3.335148,1.191580
15844,-3.324167,1.911146
15845,-3.490208,1.246980
15846,-2.730682,1.365341
15847,-3.824265,1.781812
15848,-2.605388,-0.134659
15849,-3.826239,1.652478
15850,-0.911611,-1.400969
15851,-1.394005,0.455573
15852,-2.837543,1.579063
15853,-3.563623,1.781812
15854,-1.928302,-1.488831
15855,0.421965,-1.123490
15856,-2.837543,1.579063
15857,-3.194833,1.652478
15858,-3.779838,1.826239
15859,-2.563163,1.030303
15860,-3.123202,0.900969
15861,-3.462508,1.191580
15862,-3.462508,1.191580
15863,-2.669008,0.988831
15864,-2.670453,0.603718
15865,-0.771367,0.222521
15866,-2.993868,1.030303
15867,-3.246980,1.623490
15868,-3.326140,1.781812
15869,-3.623490,1.246980
15870,-3.692957,1.652478
15871,-3.484462,1.623490
15872,-2.635719,0.400969
15873,-3.528889,1.579063
15874,-1.420728,1.030303
15875,-3.528889,1.579063
15876,-3.167133,0.988831
15877,-2.837543,1.579063
15878,-3.246980,1.623490
15879,-3.281713,1.826239
15880,-3.528889,1.579063
15881,-3.051264,1.365341
15882,-0.494415,-1.977662
15883,-1.873490,-1.123490
15884,-2.060606,1.030303
15885,-1.280886,-1.400969
15886,-2.873202,0.400969
15887,-2.941449,0.149460
15888,-2.873202,0.400969
15889,-1.032469,0.698220
15890,-3.650504,1.955573
15891,-3.365341,0.730682
15892,-1.212812,0.093187
15893,-0.317152,-0.033258
15894,-2.541119,0.733052
15895,-1.574293,-1.721883
15896,-1.745664,-1.466104
15897,-3.102206,1.246980
15898,-2.598822,-0.147791
15899,-1.349189,0.603718
15900,-1.928302,-1.488831
15901,-2.493959,1.246980
15902,-3.161387,1.365341
15903,-3.123202,0.900969
15904,-3.650504,1.955573
15905,-3.152379,1.955573
15906,-2.272552,1.320914
15907,-2.493959,1.246980
15908,-3.822291,1.911146
15909,-3.158125,1.579063
15910,-3.335148,1.191580
15911,-3.658223,1.449729
15912,-2.002903,1.911146
15913,-3.563623,1.781812
15914,-3.152379,1.955573
15915,-2.430339,0.123490
15916,-0.911611,-1.400969
15917,-2.873202,0.400969
15918,-2.644197,-0.445042
15919,-1.801938,0.900969
15920,-3.484462,1.623490
15921,-3.281713,1.826239
15922,-2.181855,0.400969
15923,-1.361599,-0.367711
15924,-3.065499,1.781812
15925,-3.866718,2.000000
15926,-2.938128,0.142820
15927,-2.885719,0.900969
15928,-2.873202,0.400969
15929,-2.440004,0.142820
15930,-1.466104,0.733052
15931,-3.692957,1.652478
15932,-2.500000,-1.000000
15933,-1.384971,1.449729
15934,-2.670453,0.603718
15935,-2.149460,1.074730
15936,-3.694931,1.911146
15937,-1.594507,0.222521
15938,-2.133667,-1.466104
15939,-2.793116,1.623490
15940,-3.158125,1.579063
15941,-3.824265,1.781812
15942,-2.383160,1.191580
15943,-2.859464,-0.147791
15944,-3.824265,1.781812
15945,-2.872277,1.781812
15946,-1.836861,1.579063
15947,-2.835050,1.320914
15948,-3.326140,1.781812
15949,-3.563623,1.781812
15950,-3.563623,1.781812
15951,-2.874250,1.652478
15952,-1.733246,0.500000
15953,-3.658223,1.449729
15954,-1.601453,0.500000
15955,-3.658223,1.449729
15956,-3.658223,1.449729
15957,-3.652478,1.826239
15958,-3.246980,1.623490
15959,-2.334986,1.579063
15960,-1.717979,0.733052
15961,-2.334986,1.579063
15962,-3.065499,1.781812
15963,-3.822291,1.911146
15964,-3.478716,2.000000
15965,-3.324167,1.911146
15966,-3.326140,1.781812
15967,-3.158125,1.579063
15968,-3.304955,1.652478
15969,-2.777479,-0.445042
15970,-2.717704,0.698220
15971,-2.518736,1.074730
15972,-1.965750,-1.801938
15973,-2.374152,1.781812
15974,-3.911146,1.955573
15975,-2.810768,0.142820
15976,-2.431855,0.900969
15977,-2.181855,0.400969
15978,-1.550062,0.900969
15979,-1.396440,0.698220
15980,-2.872277,1.781812
15981,-3.822291,1.911146
15982,-1.864156,-0.367711
15983,0.142962,-1.488831
15984,-3.822291,1.911146
15985,-3.563623,1.781812
15986,-3.826239,1.652478
15987,-3.911146,1.955573
15988,-2.654083,-0.425270
15989,-3.324167,1.911146
15990,-3.911146,1.955573
15991,-3.484462,1.623490
15992,-1.039051,0.266948
15993,-2.654083,-0.425270
15994,0.079338,-0.826239
15995,0.259488,-1.721883
15996,-1.225625,-1.123490
15997,-3.326140,1.781812
15998,0.194384,0.054604
15999,-1.170844,-1.233052
16000,-2.598822,-0.147791
16001,-1.330319,-0.914101
16002,-3.692957,1.652478
16003,-2.431855,0.900969
16004,-2.742943,1.911146
16005,-2.644197,-0.445042
16006,-2.141244,1.191580
16007,-1.988459,-1.889800
16008,-2.938128,0.142820
16009,-2.526723,-0.425270
16010,-1.551938,0.400969
16011,-2.598822,-0.147791
16012,-2.259209,0.777479
16013,-1.344281,-0.535628
16014,-1.303596,-1.488831
16015,-0.710661,0.054604
16016,-3.911146,1.955573
16017,-3.911146,1.955573
16018,-3.304955,1.652478
16019,-3.158125,1.579063
16020,-2.654083,-0.425270
16021,-2.844057,0.730682
16022,-3.652478,1.826239
16023,-3.652478,1.826239
16024,-1.462714,0.222521
16025,-2.343556,-0.658322
16026,-1.977662,0.988831
16027,-1.349189,0.603718
16028,-3.051264,1.365341
16029,-0.009807,-0.277479
16030,0.079338,-0.826239
16031,0.144005,-0.955573
16032,-3.824265,1.781812
16033,-2.228125,1.365341
16034,-0.569543,-0.955573
16035,-0.831764,-0.535628
16036,-0.654932,1.030303
16037,-3.427775,0.988831
16038,-3.194833,1.652478
16039,-1.048700,0.730682
16040,-3.623490,1.246980
16041,-3.167133,0.988831
16042,-2.706235,1.449729
16043,-3.152379,1.955573
16044,-1.801938,0.900969
16045,-0.816833,0.266948
16046,-1.695108,1.579063
16047,-2.136480,0.698220
16048,-3.563623,1.781812
16049,-3.694931,1.911146
16050,-2.133667,-1.466104
16051,-2.835050,1.320914
16052,-3.911146,1.955573
16053,-3.088468,0.698220
16054,-3.563623,1.781812
16055,-1.801938,0.900969
16056,-2.641828,1.320914
16057,-1.934194,0.777479
16058,-3.326140,1.781812
16059,-1.849772,0.733052
16060,-3.650504,1.955573
16061,-2.742943,1.911146
16062,-3.153395,0.440071
16063,-3.824265,1.781812
16064,-3.824265,1.781812
16065,-2.410859,1.246980
16066,-1.409351,-0.147791
16067,-2.835050,1.320914
16068,-3.779838,1.826239
16069,-1.811776,-1.721883
16070,-1.717542,-0.914101
16071,-3.167133,0.988831
16072,-3.694931,1.911146
16073,-3.123202,0.900969
16074,-3.692957,1.652478
16075,-3.153395,0.440071
16076,0.239354,-0.074730
16077,-3.911146,1.955573
16078,-2.015156,0.455573
16079,-3.652478,1.826239
16080,-3.822291,1.911146
16081,-3.563623,1.781812
16082,-0.285640,0.142820
16083,-2.669008,0.988831
16084,-0.560521,1.449729
16085,-2.383160,1.191580
16086,-2.883745,1.030303
16087,-2.002903,1.911146
16088,-3.650504,1.955573
16089,-3.822291,1.911146
16090,-4.000000,2.000000
16091,-1.284124,-0.134659
16092,-3.123202,0.900969
16093,-3.158125,1.579063
16094,-3.822291,1.911146
16095,-2.899457,1.449729
16096,-3.650504,1.955573
16097,-1.309583,-0.955573
16098,-3.335148,1.191580
16099,-2.873202,0.400969
16100,-2.541119,0.733052
16101,-2.493959,1.246980
16102,-2.872277,1.781812
16103,-2.100697,-0.147791
16104,-3.123202,0.900969
16105,-1.396440,0.698220
16106,-2.060606,1.030303
16107,-1.554958,0.777479
16108,-3.065499,1.781812
16109,-1.922262,1.652478
16110,-3.822291,1.911146
16111,-2.899457,1.449729
16112,-1.261910,1.320914
16113,-2.883745,1.030303
16114,-3.824265,1.781812
16115,-2.060606,1.030303
16116,-1.231001,-1.634021
16117,-1.978716,-1.000000
16118,-1.858780,0.142820
16119,-2.780575,0.603718
16120,-1.731816,1.652478
16121,-3.822291,1.911146
16122,-3.065499,1.781812
16123,-2.883745,1.030303
16124,-2.793116,1.623490
16125,-3.324167,1.911146
16126,-3.656250,1.579063
16127,-3.326140,1.781812
16128,-3.822291,1.911146
16129,-2.874250,1.652478
16130,-1.466104,0.733052
16131,-3.478716,2.000000
16132,-0.332437,2.000000
16133,-2.493959,1.246980
16134,-1.833963,0.093187
16135,-2.711958,1.074730
16136,0.023853,0.440071
16137,-2.993868,1.030303
16138,-3.528889,1.579063
16139,-2.553446,0.149460
16140,-3.088468,0.698220
16141,-3.528889,1.579063
16142,-3.246980,1.623490
16143,-3.281713,1.826239
16144,-3.484462,1.623490
16145,-3.434289,1.911146
16146,-3.484462,1.623490
16147,-1.906779,-0.535628
16148,-2.870469,2.000000
16149,-3.397582,1.449729
16150,-3.397582,1.449729
16151,-2.635719,0.400969
16152,-3.528889,1.579063
16153,-3.955573,1.911146
16154,-3.088468,0.698220
16155,-3.866718,2.000000
16156,-3.153395,0.440071
16157,-3.563623,1.781812
16158,-2.711958,1.074730
16159,-2.885719,0.900969
16160,-1.977662,0.988831
16161,-3.281713,1.826239
16162,-3.326140,1.781812
16163,-2.870469,2.000000
16164,-1.394005,0.455573
16165,1.879127,1.911146
16166,-3.095692,1.320914
16167,-0.195054,-1.801938
16168,-2.696708,1.652478
16169,-1.960449,1.826239
16170,-2.065597,-0.826239
16171,-3.123202,0.900969
16172,-3.304955,1.652478
16173,-3.650504,1.955573
16174,-2.374152,1.781812
16175,-3.158125,1.579063
16176,-2.383160,1.191580
16177,-1.836861,1.579063
16178,0.078577,1.449729
16179,-2.883745,1.030303
16180,-3.158125,1.579063
16181,-0.709394,0.440071
16182,-0.130454,-0.109562
16183,-1.558067,-1.233052
16184,0.640322,0.326239
16185,-1.695108,1.579063
16186,-3.692957,1.652478
16187,-2.466259,1.191580
16188,-3.427775,0.988831
16189,-1.813332,-0.722521
16190,-1.690819,-1.488831
16191,-2.526723,-0.425270
16192,-2.670453,0.603718
16193,-3.694931,1.911146
16194,-3.095692,1.320914
16195,-3.911146,1.955573
16196,-1.928302,-1.488831
16197,-2.837543,1.579063
16198,-1.044797,-0.109562
16199,-1.643120,1.191580
16200,-2.110972,-1.123490
16201,-2.367905,-0.134659
16202,-0.544620,-0.277479
16203,-2.334986,1.579063
16204,-3.167133,0.988831
16205,-3.304955,1.652478
16206,-2.669008,0.988831
16207,-3.427775,0.988831
16208,-0.427724,0.054604
16209,-2.266948,-1.466104
16210,-1.624178,-1.488831
16211,-2.116349,-1.634021
16212,-3.490208,1.246980
16213,-1.461364,0.730682
16214,-3.158125,1.579063
16215,-3.324167,1.911146
16216,-3.911146,1.955573
16217,-3.652478,1.826239
16218,-3.335148,1.191580
16219,-3.658223,1.449729
16220,-3.484462,1.623490
16221,-3.824265,1.781812
16222,-2.730682,1.365341
16223,-1.873490,-1.123490
16224,-1.878417,-1.721883
16225,-1.236955,-1.488831
16226,-0.186388,-1.721883
16227,-2.110972,-1.123490
16228,-2.883745,1.030303
16229,-1.607199,0.123490
16230,-3.822291,1.911146
16231,-2.941449,0.149460
16232,0.096577,1.781812
16233,-1.462714,0.222521
16234,-3.152379,1.955573
16235,-3.658223,1.449729
16236,-3.397582,1.449729
16237,-2.883745,1.030303
16238,-3.326140,1.781812
16239,-3.490208,1.246980
16240,-3.158125,1.579063
16241,-3.563623,1.781812
16242,-2.367905,-0.134659
16243,-2.993868,1.030303
16244,-3.232059,0.730682
16245,-3.102206,1.246980
16246,-2.644197,-0.445042
16247,-2.116349,-1.634021
16248,-0.072451,-0.134659
16249,-0.926428,-1.721883
16250,-0.926428,-1.721883
16251,-2.261572,-0.955573
16252,-1.811776,-1.721883
16253,-3.158125,1.579063
16254,-3.826239,1.652478
16255,-2.711958,1.074730
16256,-2.700489,1.826239
16257,-2.844057,0.730682
16258,-2.374152,1.781812
16259,-2.181855,0.400969
16260,-3.656250,1.579063
16261,-2.700489,1.826239
16262,-2.347897,0.733052
16263,-0.700307,0.733052
16264,-1.088404,-0.914101
16265,-1.441541,-1.466104
16266,0.730682,-0.365341
16267,-0.880142,0.440071
16268,-3.326140,1.781812
16269,-0.974766,1.579063
16270,-3.462508,1.191580
16271,-1.643120,1.191580
16272,-3.528889,1.579063
16273,-3.563623,1.781812
16274,-3.528889,1.579063
16275,-3.650504,1.955573
16276,-3.694931,1.911146
16277,-3.824265,1.781812
16278,-3.866718,2.000000
16279,-3.563623,1.781812
16280,-1.636943,1.074730
16281,-3.152379,1.955573
16282,-3.153395,0.440071
16283,-3.779838,1.826239
16284,-3.194833,1.652478
16285,-3.911146,1.955573
16286,-3.095692,1.320914
16287,-3.102206,1.246980
16288,-2.859464,-0.147791
16289,-3.694931,1.911146
16290,-3.955573,1.911146
16291,-0.147870,-0.074730
16292,-1.813332,-0.722521
16293,-0.298920,0.149460
16294,-3.563623,1.781812
16295,-3.304955,1.652478
16296,-2.518736,1.074730
16297,-3.152379,1.955573
16298,-2.635719,0.400969
16299,-2.835050,1.320914
16300,-2.859464,-0.147791
16301,-2.056191,-1.233052
16302,-2.711958,1.074730
16303,-2.347897,0.733052
16304,-3.563623,1.781812
16305,-3.656250,1.579063
16306,-3.324167,1.911146
16307,-1.727818,-1.889800
16308,-3.911146,1.955573
16309,-3.462508,1.191580
16310,-2.149460,1.074730
16311,-2.706235,1.449729
16312,-2.964384,1.191580
16313,-3.326140,1.781812
16314,-2.461033,1.955573
16315,-3.563623,1.781812
16316,-3.824265,1.781812
16317,-3.824265,1.781812
16318,-3.955573,1.911146
16319,-3.650504,1.955573
16320,-2.635719,0.400969
16321,-3.484462,1.623490
16322,-3.397582,1.449729
16323,-3.779838,1.826239
16324,-2.899457,1.449729
16325,-2.526723,-0.425270
16326,-1.231001,-1.634021
16327,-0.913353,-0.365341
16328,-2.100697,-0.147791
16329,-3.246980,1.623490
16330,-1.262697,0.326239
16331,-2.837543,1.579063
16332,-1.050429,1.652478
16333,-1.349578,0.500000
16334,-2.367905,-0.134659
16335,-0.299901,-1.211352
16336,-1.132335,-0.826239
16337,-3.397582,1.449729
16338,-3.215828,0.698220
16339,-3.484462,1.623490
16340,-3.326140,1.781812
16341,-3.153395,0.440071
16342,-3.158125,1.579063
16343,-3.304955,1.652478
16344,-1.534266,-1.801938
16345,-0.873667,-0.955573
16346,-2.367905,-0.134659
16347,-2.466259,1.191580
16348,-3.779838,1.826239
16349,-3.658223,1.449729
16350,-3.194833,1.652478
16351,-2.540461,0.123490
16352,-2.371693,1.652478
16353,-3.692957,1.652478
16354,-2.015156,0.455573
16355,-2.872277,1.781812
16356,-2.133667,-1.466104
16357,-1.647948,-0.445042
16358,-1.647948,-0.445042
16359,-2.163198,1.623490
16360,-1.717979,0.733052
16361,-1.557314,-0.109562
16362,-3.658223,1.449729
16363,-3.281713,1.826239
16364,0.194373,0.099031
16365,-3.215828,0.698220
16366,-3.397582,1.449729
16367,-3.304955,1.652478
16368,-3.158125,1.579063
16369,-2.844057,0.730682
16370,-3.304955,1.652478
16371,-3.658223,1.449729
16372,-3.333174,1.320914
16373,-1.944528,-1.977662
16374,-3.658223,1.449729
16375,-2.844057,0.730682
16376,-1.207436,0.603718
16377,-3.490208,1.246980
16378,-3.658223,1.449729
16379,-3.397582,1.449729
16380,-3.215828,0.698220
16381,-3.826239,1.652478
16382,-2.793116,1.623490
16383,-2.885719,0.900969
16384,-0.712714,0.222521
16385,-2.366718,-1.000000
16386,-3.826239,1.652478
16387,-2.366718,-1.000000
16388,-1.039051,0.266948
16389,-2.374152,1.781812
16390,-3.652478,1.826239
16391,-2.605388,-0.134659
16392,-2.261572,-0.955573
16393,-1.858780,0.142820
16394,-2.883745,1.030303
16395,-3.478716,2.000000
16396,-3.335148,1.191580
16397,-2.168944,1.246980
16398,-3.824265,1.781812
16399,-3.911146,1.955573
16400,-2.334986,1.579063
16401,-3.822291,1.911146
16402,-2.717704,0.698220
16403,-3.215828,0.698220
16404,-3.478716,2.000000
16405,-2.941449,0.149460
16406,-1.762008,1.191580
16407,-2.700489,1.826239
16408,-2.883745,1.030303
16409,-1.120429,-1.721883
16410,-3.658223,1.449729
16411,-2.011910,1.320914
16412,-2.874250,1.652478
16413,-2.874250,1.652478
16414,-3.490208,1.246980
16415,-3.650504,1.955573
16416,-3.152379,1.955573
16417,-3.490208,1.246980
16418,-3.484462,1.623490
16419,-2.892753,0.440071
16420,-2.163198,1.623490
16421,-2.717704,0.698220
16422,-3.246980,1.623490
16423,-1.836861,1.579063
16424,-3.822291,1.911146
16425,-2.336959,1.449729
16426,-2.859464,-0.147791
16427,-2.272552,1.320914
16428,-3.324167,1.911146
16429,-1.554958,0.777479
16430,-3.215828,0.698220
16431,-3.335148,1.191580
16432,-3.563623,1.781812
16433,-3.822291,1.911146
16434,-3.365341,0.730682
16435,-3.656250,1.579063
16436,-3.161387,1.365341
16437,-2.844057,0.730682
16438,-2.654083,-0.425270
16439,-2.883745,1.030303
16440,-3.822291,1.911146
16441,-1.864156,-0.367711
16442,-2.383160,1.191580
16443,-2.793116,1.623490
16444,-3.215828,0.698220
16445,-2.872277,1.781812
16446,-1.794458,-1.889800
16447,-2.431855,0.900969
16448,-3.281713,1.826239
16449,-1.180804,0.266948
16450,-3.397582,1.449729
16451,-1.044797,-0.109562
16452,-1.877888,-1.977662
16453,-1.928302,-1.488831
16454,-1.921819,-1.889800
16455,-2.038874,-1.400969
16456,-1.231001,-1.634021
16457,-2.383160,1.191580
16458,-3.652478,1.826239
16459,-2.541119,0.733052
16460,-3.158125,1.579063
16461,-3.563623,1.781812
16462,-1.922262,1.652478
16463,-3.911146,1.955573
16464,-3.490208,1.246980
16465,-2.872277,1.781812
16466,-3.563623,1.781812
16467,-3.333174,1.320914
16468,-2.730682,1.365341
16469,-0.974766,1.579063
16470,-2.096023,2.000000
16471,-1.858780,0.142820
16472,-2.883745,1.030303
16473,-2.144490,0.326239
16474,-2.176109,0.777479
16475,-3.065499,1.781812
16476,-2.872277,1.781812
16477,-1.933731,0.900969
16478,-3.167133,0.988831
16479,-3.161387,1.365341
16480,-2.844057,0.730682
16481,-3.824265,1.781812
16482,-3.490208,1.246980
16483,-3.215828,0.698220
16484,-3.652478,1.826239
16485,-1.858780,0.142820
16486,-0.578811,-0.162592
16487,-3.911146,1.955573
16488,-3.563623,1.781812
16489,-2.383160,1.191580
16490,-2.835050,1.320914
16491,-3.167133,0.988831
16492,-1.945199,0.149460
16493,-3.652478,1.826239
16494,-3.652478,1.826239
16495,-1.200484,0.900969
16496,-2.011910,1.320914
16497,-1.171501,-0.623490
16498,-0.686069,-0.722521
16499,-3.194833,1.652478
16500,-3.692957,1.652478
16501,-2.873202,0.400969
16502,-2.347897,0.733052
16503,-0.926428,-1.721883
16504,-3.824265,1.781812
16505,-3.365341,0.730682
16506,-4.000000,2.000000
16507,-2.730682,1.365341
16508,-2.383160,1.191580
16509,-3.161387,1.365341
16510,-0.756100,1.955573
16511,-2.334986,1.579063
16512,-3.563623,1.781812
16513,-2.892753,0.440071
16514,-2.874250,1.652478
16515,-2.060606,1.030303
16516,-3.246980,1.623490
16517,-3.152379,1.955573
16518,-3.158125,1.579063
16519,-3.563623,1.781812
16520,-3.650504,1.955573
16521,-3.563623,1.781812
16522,-3.652478,1.826239
16523,-2.385621,1.030303
16524,-2.844057,0.730682
16525,-1.855707,-1.634021
16526,-1.873490,-1.123490
16527,-3.484462,1.623490
16528,-3.822291,1.911146
16529,-3.822291,1.911146
16530,-3.563623,1.781812
16531,-0.911146,0.455573
16532,-3.658223,1.449729
16533,-2.166234,-1.400969
16534,-2.155959,-0.425270
16535,-3.427775,0.988831
16536,-3.658223,1.449729
16537,-3.158125,1.579063
16538,-3.158125,1.579063
16539,-2.717704,0.698220
16540,-3.333174,1.320914
16541,-2.336959,1.449729
16542,-2.383160,1.191580
16543,-2.810768,0.142820
16544,-1.801938,0.900969
16545,-3.397582,1.449729
16546,-1.652210,-0.658322
16547,-3.397582,1.449729
16548,-3.161387,1.365341
16549,-2.176109,0.777479
16550,-2.541119,0.733052
16551,-1.588247,1.365341
16552,-2.144490,0.326239
16553,-1.760035,1.320914
16554,-2.700489,1.826239
16555,-3.826239,1.652478
16556,0.040685,0.142820
16557,-3.427775,0.988831
16558,-0.938334,-0.826239
16559,-3.123202,0.900969
16560,-2.670453,0.603718
16561,-1.006419,-1.211352
16562,-2.700489,1.826239
16563,-2.641828,1.320914
16564,-3.650504,1.955573
16565,-2.060606,1.030303
16566,-3.822291,1.911146
16567,-3.656250,1.579063
16568,-3.822291,1.911146
16569,-1.955475,-0.826239
16570,-2.431855,0.900969
16571,-2.261572,-0.955573
16572,-3.826239,1.652478
16573,-3.563623,1.781812
16574,-3.822291,1.911146
16575,-3.397582,1.449729
16576,-3.563623,1.781812
16577,-3.652478,1.826239
16578,-1.773241,0.455573
16579,-3.658223,1.449729
16580,-3.824265,1.781812
16581,-3.652478,1.826239
16582,-2.641828,1.320914
16583,-2.844057,0.730682
16584,-1.423694,-1.889800
16585,-0.503178,1.449729
16586,-3.158125,1.579063
16587,-3.656250,1.579063
16588,-2.717704,0.698220
16589,-1.370469,-1.000000
16590,-3.065499,1.781812
16591,-1.396440,0.698220
16592,-2.163198,1.623490
16593,-1.926590,-0.109562
16594,-1.858780,0.142820
16595,-1.396440,0.698220
16596,-1.988459,-1.889800
16597,-2.430339,0.123490
16598,-2.155959,-0.425270
16599,-3.335148,1.191580
16600,-3.563623,1.781812
16601,-3.490208,1.246980
16602,-3.822291,1.911146
16603,-1.588247,1.365341
16604,-2.383160,1.191580
16605,-3.326140,1.781812
16606,-2.885719,0.900969
16607,-2.654083,-0.425270
16608,-3.215828,0.698220
16609,-3.652478,1.826239
16610,-2.872277,1.781812
16611,-3.824265,1.781812
16612,-3.304955,1.652478
16613,-3.304955,1.652478
16614,-3.652478,1.826239
16615,-2.347897,0.733052
16616,-2.899457,1.449729
16617,-1.773241,0.455573
16618,-3.652478,1.826239
16619,-3.563623,1.781812
16620,-3.911146,1.955573
16621,-3.324167,1.911146
16622,-3.153395,0.440071
16623,-3.215828,0.698220
16624,-3.158125,1.579063
16625,-3.563623,1.781812
16626,-2.493959,1.246980
16627,-2.060606,1.030303
16628,-3.333174,1.320914
16629,-2.872277,1.781812
16630,-3.427775,0.988831
16631,-3.652478,1.826239
16632,-1.406715,-0.277479
16633,-1.309583,-0.955573
16634,-2.367905,-0.134659
16635,-1.551938,0.400969
16636,-3.335148,1.191580
16637,-3.656250,1.579063
16638,-3.065499,1.781812
16639,-1.462714,0.222521
16640,-2.641828,1.320914
16641,-3.563623,1.781812
16642,-2.885719,0.900969
16643,-1.836861,1.579063
16644,-1.423694,-1.889800
16645,-1.394005,0.455573
16646,-3.911146,1.955573
16647,-3.065499,1.781812
16648,-3.281713,1.826239
16649,0.174686,0.054604
16650,0.174686,0.054604
16651,0.057142,-0.147791
16652,-2.885719,0.900969
16653,-3.563623,1.781812
16654,-1.921819,-1.889800
16655,-1.207436,0.603718
16656,-2.526723,-0.425270
16657,-1.978621,0.733052
16658,-0.066833,-1.233052
16659,-2.343556,-0.658322
16660,-1.088404,-0.914101
16661,-2.383160,1.191580
16662,-2.349870,0.603718
16663,-3.478716,2.000000
16664,-2.349870,0.603718
16665,-0.650969,0.099031
16666,-3.167133,0.988831
16667,-3.652478,1.826239
16668,-3.652478,1.826239
16669,-2.349870,0.603718
16670,-3.065499,1.781812
16671,-2.941449,0.149460
16672,-3.822291,1.911146
16673,-3.152379,1.955573
16674,-3.326140,1.781812
16675,-2.883745,1.030303
16676,-3.324167,1.911146
16677,-1.261910,1.320914
16678,-3.563623,1.781812
16679,-3.158125,1.579063
16680,-0.533896,0.266948
16681,-3.656250,1.579063
16682,-3.563623,1.781812
16683,-3.123202,0.900969
16684,-3.490208,1.246980
16685,-3.215828,0.698220
16686,-2.011910,1.320914
16687,-1.647948,-0.445042
16688,-3.955573,1.911146
16689,-3.246980,1.623490
16690,-2.873202,0.400969
16691,-2.563163,1.030303
16692,-3.167133,0.988831
16693,-2.706235,1.449729
16694,-3.333174,1.320914
16695,-2.706235,1.449729
16696,-3.434289,1.911146
16697,-2.859464,-0.147791
16698,-3.281713,1.826239
16699,-3.268248,1.579063
16700,-1.121986,-0.722521
16701,-3.434289,1.911146
16702,-3.563623,1.781812
16703,-3.650504,1.955573
16704,-3.563623,1.781812
16705,-2.374152,1.781812
16706,-3.692957,1.652478
16707,-3.563623,1.781812
16708,-3.268248,1.579063
16709,-3.563623,1.781812
16710,-2.938128,0.142820
16711,-2.964384,1.191580
16712,-3.246980,1.623490
16713,-0.700307,0.733052
16714,-2.938128,0.142820
16715,-0.652478,0.326239
16716,-2.793116,1.623490
16717,-2.347897,0.733052
16718,-3.397582,1.449729
16719,-2.563163,1.030303
16720,-0.628209,0.455573
16721,-3.650504,1.955573
16722,-2.641828,1.320914
16723,-2.837543,1.579063
16724,-2.208111,1.449729
16725,-3.623490,1.246980
16726,-2.367905,-0.134659
16727,-1.703282,0.440071
16728,-2.572099,-0.722521
16729,-2.136480,0.698220
16730,-3.281713,1.826239
16731,-3.326140,1.781812
16732,-1.648630,-0.277479
16733,-3.824265,1.781812
16734,-1.279149,1.191580
16735,-1.890808,-0.955573
16736,-1.419626,-1.123490
16737,-1.406715,-0.277479
16738,-3.824265,1.781812
16739,0.440819,0.988831
16740,-3.824265,1.781812
16741,-1.773241,0.455573
16742,-0.102415,-0.074730
16743,-0.147870,-0.074730
16744,-2.383160,1.191580
16745,-3.656250,1.579063
16746,-3.826239,1.652478
16747,-2.337712,0.326239
16748,-3.650504,1.955573
16749,-2.717704,0.698220
16750,-3.490208,1.246980
16751,-3.478716,2.000000
16752,-3.095692,1.320914
16753,-2.700489,1.826239
16754,-3.478716,2.000000
16755,-3.826239,1.652478
16756,-3.822291,1.911146
16757,-1.695108,1.579063
16758,-2.015156,0.455573
16759,-2.316833,-1.233052
16760,-2.938128,0.142820
16761,-2.141244,1.191580
16762,-2.302521,1.030303
16763,-3.563623,1.781812
16764,-2.272552,1.320914
16765,-2.641828,1.320914
16766,-3.692957,1.652478
16767,-3.074730,0.149460
16768,-2.163198,1.623490
16769,-3.427775,0.988831
16770,-2.837543,1.579063
16771,-1.592048,0.093187
16772,-2.605388,-0.134659
16773,-2.038874,-1.400969
16774,-1.960449,1.826239
16775,-2.873202,0.400969
16776,-3.484462,1.623490
16777,-3.152379,1.955573
16778,-2.892753,0.440071
16779,-3.427775,0.988831
16780,-3.434289,1.911146
16781,-3.051264,1.365341
16782,-0.493902,-1.211352
16783,-0.718169,-0.658322
16784,-1.534266,-1.801938
16785,-2.717704,0.698220
16786,-2.430339,0.123490
16787,-2.717704,0.698220
16788,-3.324167,1.911146
16789,-2.641828,1.320914
16790,-3.158125,1.579063
16791,-3.397582,1.449729
16792,-1.200484,0.900969
16793,-3.158125,1.579063
16794,-0.880142,0.440071
16795,-3.822291,1.911146
16796,-3.911146,1.955573
16797,-1.461364,0.730682
16798,-2.641828,1.320914
16799,-3.563623,1.781812
16800,-0.974766,1.579063
16801,-1.551012,1.781812
16802,-2.366718,-1.000000
16803,-2.038874,-1.400969
16804,-1.361599,-0.367711
16805,-0.296416,-0.074730
16806,-2.038874,-1.400969
16807,-3.167133,0.988831
16808,-3.397582,1.449729
16809,-2.892753,0.440071
16810,-3.095692,1.320914
16811,-2.336959,1.449729
16812,-3.333174,1.320914
16813,-3.779838,1.826239
16814,-2.964384,1.191580
16815,-3.528889,1.579063
16816,-2.440004,0.142820
16817,-3.102206,1.246980
16818,-2.598822,-0.147791
16819,-1.170753,0.149460
16820,-2.374152,1.781812
16821,-2.742943,1.911146
16822,-3.658223,1.449729
16823,-3.194833,1.652478
16824,-3.434289,1.911146
16825,-2.670453,0.603718
16826,-3.824265,1.781812
16827,-3.194833,1.652478
16828,-3.692957,1.652478
16829,-3.563623,1.781812
16830,-2.563163,1.030303
16831,-2.541119,0.733052
16832,-2.572099,-0.722521
16833,-1.794458,-1.889800
16834,-3.658223,1.449729
16835,-2.430339,0.123490
16836,-2.367905,-0.134659
16837,-3.167133,0.988831
16838,-0.275975,0.123490
16839,-3.824265,1.781812
16840,-2.141244,1.191580
16841,-1.574735,-0.425270
16842,-2.256195,-0.445042
16843,-2.526723,-0.425270
16844,-3.065499,1.781812
16845,-2.311457,-0.722521
16846,-3.462508,1.191580
16847,-3.246980,1.623490
16848,-1.977662,0.988831
16849,-0.763270,1.246980
16850,-0.586211,-0.147791
16851,-2.149460,1.074730
16852,-2.526723,-0.425270
16853,-2.184738,-0.367711
16854,-3.650504,1.955573
16855,-3.694931,1.911146
16856,-2.431855,0.900969
16857,-2.011910,1.320914
16858,-2.964384,1.191580
16859,-3.427775,0.988831
16860,-0.821489,0.440071
16861,-3.152379,1.955573
16862,-3.911146,1.955573
16863,-3.528889,1.579063
16864,-3.528889,1.579063
16865,-2.993868,1.030303
16866,-3.911146,1.955573
16867,-3.694931,1.911146
16868,-3.694931,1.911146
16869,-2.793116,1.623490
16870,-3.650504,1.955573
16871,-3.658223,1.449729
16872,-1.695108,1.579063
16873,-1.154522,0.988831
16874,-2.347897,0.733052
16875,-1.462714,0.222521
16876,-1.120429,-1.721883
16877,-1.445881,-0.074730
16878,-0.880142,0.440071
16879,-3.658223,1.449729
16880,-3.427775,0.988831
16881,-1.978621,0.733052
16882,-3.658223,1.449729
16883,-3.088468,0.698220
16884,-3.911146,1.955573
16885,-3.153395,0.440071
16886,-1.681370,1.030303
16887,-3.824265,1.781812
16888,-3.694931,1.911146
16889,-3.326140,1.781812
16890,-1.847313,0.603718
16891,-2.793116,1.623490
16892,-2.964384,1.191580
16893,-3.088468,0.698220
16894,-3.268248,1.579063
16895,-3.779838,1.826239
16896,-3.563623,1.781812
16897,0.050350,0.123490
16898,0.035309,-0.367711
16899,-1.062213,-0.074730
16900,-0.576416,-0.658322
16901,-0.427724,0.054604
16902,-2.873202,0.400969
16903,0.710694,1.320914
16904,-1.551012,1.781812
16905,-2.892753,0.440071
16906,-3.281713,1.826239
16907,-3.065499,1.781812
16908,-2.371693,1.652478
16909,-1.441541,-1.466104
16910,-2.294861,-0.367711
16911,-2.717704,0.698220
16912,-1.236955,-1.488831
16913,-3.822291,1.911146
16914,-2.383160,1.191580
16915,-2.859464,-0.147791
16916,-3.427775,0.988831
16917,-2.493959,1.246980
16918,-1.794458,-1.889800
16919,-2.641828,1.320914
16920,-2.899457,1.449729
16921,-3.528889,1.579063
16922,-2.388932,-0.955573
16923,-2.235810,0.730682
16924,-2.835050,1.320914
16925,-2.872277,1.781812
16926,-3.153395,0.440071
16927,-3.563623,1.781812
16928,-2.964384,1.191580
16929,-1.423694,-1.889800
16930,0.149460,-0.074730
16931,-3.397582,1.449729
16932,0.632862,-0.162592
16933,-1.225625,-1.123490
16934,-2.964384,1.191580
16935,-1.977662,0.988831
16936,-2.711958,1.074730
16937,-3.434289,1.911146
16938,-3.427775,0.988831
16939,-3.528889,1.579063
16940,-2.964384,1.191580
16941,-3.650504,1.955573
16942,-3.232059,0.730682
16943,-2.885719,0.900969
16944,-1.011473,1.652478
16945,-3.779838,1.826239
16946,-2.670453,0.603718
16947,-2.208111,1.449729
16948,-3.824265,1.781812
16949,-2.635719,0.400969
16950,-3.326140,1.781812
16951,-3.333174,1.320914
16952,-0.354198,-0.658322
16953,-2.563163,1.030303
16954,-1.116526,0.733052
16955,-2.873202,0.400969
16956,-3.397582,1.449729
16957,-3.692957,1.652478
16958,-2.228125,1.365341
16959,-2.835050,1.320914
16960,-3.281713,1.826239
16961,-3.484462,1.623490
16962,-3.563623,1.781812
16963,-0.153316,0.142820
16964,-3.658223,1.449729
16965,-2.311457,-0.722521
16966,-3.268248,1.579063
16967,-2.563163,1.030303
16968,-1.050429,1.652478
16969,-3.528889,1.579063
16970,-1.934194,0.777479
16971,-1.634892,-0.826239
16972,-1.713557,-0.535628
16973,-2.367905,-0.134659
16974,-3.652478,1.826239
16975,-2.899457,1.449729
16976,-3.822291,1.911146
16977,-2.385621,1.030303
16978,-2.334986,1.579063
16979,-2.872277,1.781812
16980,-2.598822,-0.147791
16981,-2.374152,1.781812
16982,-3.095692,1.320914
16983,-3.490208,1.246980
16984,-3.158125,1.579063
16985,-3.326140,1.781812
16986,-3.158125,1.579063
16987,-3.563623,1.781812
16988,-3.215828,0.698220
16989,-3.478716,2.000000
16990,-3.490208,1.246980
16991,-2.343556,-0.658322
16992,-2.316833,-1.233052
16993,-3.095692,1.320914
16994,-3.158125,1.579063
16995,-1.261910,1.320914
16996,-2.294861,-0.367711
16997,-2.717704,0.698220
16998,-2.810768,0.142820
16999,-2.700489,1.826239
17000,-2.347897,0.733052
17001,-3.563623,1.781812
17002,-3.167133,0.988831
17003,-2.711958,1.074730
17004,-2.859464,-0.147791
17005,-2.635719,0.400969
17006,1.054812,-0.134659
17007,-1.270918,0.730682
17008,-2.430339,0.123490
17009,-3.656250,1.579063
17010,-2.700489,1.826239
17011,-3.650504,1.955573
17012,-1.652210,-0.658322
17013,-0.367567,0.455573
17014,-1.719513,1.246980
17015,-3.152379,1.955573
17016,-3.528889,1.579063
17017,-2.228125,1.365341
17018,-2.872277,1.781812
17019,-3.911146,1.955573
17020,-3.911146,1.955573
17021,-2.141244,1.191580
17022,-2.051596,1.911146
17023,-3.911146,1.955573
17024,-2.466259,1.191580
17025,2.343003,1.246980
17026,-3.822291,1.911146
17027,-2.635719,0.400969
17028,-2.060606,1.030303
17029,-3.123202,0.900969
17030,-2.885719,0.900969
17031,-4.000000,2.000000
17032,-1.637893,1.955573
17033,-3.650504,1.955573
17034,-3.911146,1.955573
17035,-3.490208,1.246980
17036,-2.383160,1.191580
17037,-3.490208,1.246980
17038,-3.158125,1.579063
17039,-3.822291,1.911146
17040,-3.167133,0.988831
17041,-1.745664,-1.466104
17042,1.054812,-0.134659
17043,-1.945199,0.149460
17044,-1.864156,-0.367711
17045,-1.314088,-0.074730
17046,-3.563623,1.781812
17047,-3.658223,1.449729
17048,-2.899457,1.449729
17049,-2.941449,0.149460
17050,-2.572099,-0.722521
17051,-2.706235,1.449729
17052,-3.484462,1.623490
17053,-2.316833,-1.233052
17054,-0.132608,-0.535628
17055,-1.717542,-0.914101
17056,-3.692957,1.652478
17057,-3.528889,1.579063
17058,-3.152379,1.955573
17059,-2.553446,0.149460
17060,-3.528889,1.579063
17061,-3.658223,1.449729
17062,-3.692957,1.652478
17063,-2.349870,0.603718
17064,-2.706235,1.449729
17065,-3.152379,1.955573
17066,-1.773241,0.455573
17067,-3.563623,1.781812
17068,-3.152379,1.955573
17069,-3.563623,1.781812
17070,-3.326140,1.781812
17071,-1.945199,0.149460
17072,-1.813332,-0.722521
17073,-3.365341,0.730682
17074,-3.304955,1.652478
17075,-3.652478,1.826239
17076,-2.730682,1.365341
17077,-3.324167,1.911146
17078,-3.335148,1.191580
17079,-2.717704,0.698220
17080,-2.835050,1.320914
17081,-0.438255,-0.623490
17082,-0.861260,0.222521
17083,-1.116526,0.733052
17084,-3.822291,1.911146
17085,-3.365341,0.730682
17086,-3.397582,1.449729
17087,-3.158125,1.579063
17088,-3.335148,1.191580
17089,-2.899457,1.449729
17090,-3.095692,1.320914
17091,-2.810768,0.142820
17092,-2.706235,1.449729
17093,-3.824265,1.781812
17094,-1.637893,1.955573
17095,-3.246980,1.623490
17096,-2.844057,0.730682
17097,-0.319126,-0.162592
17098,-3.484462,1.623490
17099,-3.152379,1.955573
17100,-0.789708,-1.123490
17101,-3.563623,1.781812
17102,-3.650504,1.955573
17103,-1.833963,0.093187
17104,-2.430339,0.123490
17105,-1.652210,-0.658322
17106,-2.349870,0.603718
17107,-3.563623,1.781812
17108,-3.324167,1.911146
17109,-3.427775,0.988831
17110,-2.706235,1.449729
17111,-1.601453,0.500000
17112,-2.461033,1.955573
17113,-1.926590,-0.109562
17114,-3.826239,1.652478
17115,-2.635719,0.400969
17116,-2.294861,-0.367711
17117,-2.155959,-0.425270
17118,-2.964384,1.191580
17119,-3.095692,1.320914
17120,-2.576901,1.579063
17121,-3.088468,0.698220
17122,-1.917063,0.093187
17123,-1.568917,-1.211352
17124,-1.624178,-1.488831
17125,-2.343556,-0.658322
17126,-0.431016,0.698220
17127,-2.883745,1.030303
17128,-2.430339,0.123490
17129,-2.261572,-0.955573
17130,-2.873202,0.400969
17131,-3.824265,1.781812
17132,-2.706235,1.449729
17133,-2.343556,-0.658322
17134,-3.215828,0.698220
17135,-3.650504,1.955573
17136,-3.658223,1.449729
17137,-2.572099,-0.722521
17138,-3.656250,1.579063
17139,-3.824265,1.781812
17140,-3.822291,1.911146
17141,-3.304955,1.652478
17142,-2.844057,0.730682
17143,-1.551584,-1.634021
17144,-2.100697,-0.147791
17145,-3.779838,1.826239
17146,-1.845869,0.988831
17147,-3.102206,1.246980
17148,-3.123202,0.900969
17149,-1.180804,0.266948
17150,-1.361599,-0.367711
17151,-0.490512,-1.721883
17152,-1.361599,-0.367711
17153,-0.939778,-1.211352
17154,-2.119812,-0.109562
17155,-3.528889,1.579063
17156,-3.051264,1.365341
17157,-1.601453,0.500000
17158,-2.837543,1.579063
17159,-2.011910,1.320914
17160,-3.152379,1.955573
17161,-2.141244,1.191580
17162,-3.333174,1.320914
17163,-3.434289,1.911146
17164,-2.518736,1.074730
17165,-3.694931,1.911146
17166,-3.051264,1.365341
17167,-2.964384,1.191580
17168,-3.074730,0.149460
17169,-2.835050,1.320914
17170,-3.281713,1.826239
17171,-3.268248,1.579063
17172,-2.837543,1.579063
17173,-2.892753,0.440071
17174,-2.116349,-1.634021
17175,-1.180804,0.266948
17176,-2.056191,-1.233052
17177,-1.977662,0.988831
17178,-3.074730,0.149460
17179,-3.268248,1.579063
17180,-3.779838,1.826239
17181,-2.696708,1.652478
17182,-2.410859,1.246980
17183,-2.837543,1.579063
17184,-3.051264,1.365341
17185,-0.689843,0.400969
17186,-0.729953,0.093187
17187,-1.643120,1.191580
17188,-0.487094,0.603718
17189,-1.050429,1.652478
17190,-1.771749,-1.801938
17191,-3.779838,1.826239
17192,-3.484462,1.623490
17193,-2.793116,1.623490
17194,-2.964384,1.191580
17195,-3.779838,1.826239
17196,-3.824265,1.781812
17197,-2.598822,-0.147791
17198,-2.859464,-0.147791
17199,-2.670453,0.603718
17200,-2.184738,-0.367711
17201,-2.635719,0.400969
17202,-0.686069,-0.722521
17203,-2.430339,0.123490
17204,-3.304955,1.652478
17205,-3.824265,1.781812
17206,-2.730682,1.365341
17207,-3.652478,1.826239
17208,-2.383160,1.191580
17209,-3.095692,1.320914
17210,-3.246980,1.623490
17211,-1.775215,0.326239
17212,-3.824265,1.781812
17213,-3.158125,1.579063
17214,-2.717704,0.698220
17215,-3.326140,1.781812
17216,-2.844057,0.730682
17217,-3.490208,1.246980
17218,-1.475625,-0.623490
17219,-0.821489,0.440071
17220,-2.383160,1.191580
17221,-1.652210,-0.658322
17222,-1.717979,0.733052
17223,-1.717979,0.733052
17224,-1.588247,1.365341
17225,-3.822291,1.911146
17226,-1.039051,0.266948
17227,-3.484462,1.623490
17228,-3.822291,1.911146
17229,-3.822291,1.911146
17230,-3.158125,1.579063
17231,-3.095692,1.320914
17232,-2.385621,1.030303
17233,-1.878417,-1.721883
17234,-3.304955,1.652478
17235,-3.326140,1.781812
17236,-3.822291,1.911146
17237,-3.652478,1.826239
17238,-3.652478,1.826239
17239,-3.652478,1.826239
17240,-3.484462,1.623490
17241,-2.717704,0.698220
17242,-2.572099,-0.722521
17243,-1.594507,0.222521
17244,-2.518736,1.074730
17245,-2.670453,0.603718
17246,-3.658223,1.449729
17247,-3.065499,1.781812
17248,-3.434289,1.911146
17249,-3.911146,1.955573
17250,-1.978621,0.733052
17251,-1.551584,-1.634021
17252,-2.336959,1.449729
17253,-3.563623,1.781812
17254,-0.604474,-1.123490
17255,-1.039708,-0.623490
17256,-3.658223,1.449729
17257,-3.102206,1.246980
17258,-3.065499,1.781812
17259,-3.088468,0.698220
17260,-2.938128,0.142820
17261,-2.899457,1.449729
17262,-1.978621,0.733052
17263,-3.051264,1.365341
17264,-3.692957,1.652478
17265,-2.598822,-0.147791
17266,-3.528889,1.579063
17267,-0.043581,-1.233052
17268,-1.719513,1.246980
17269,-2.242359,1.781812
17270,-1.554958,0.777479
17271,-3.304955,1.652478
17272,-2.144490,0.326239
17273,-1.762008,1.191580
17274,-3.822291,1.911146
17275,-3.658223,1.449729
17276,-1.551584,-1.634021
17277,-1.309583,-0.955573
17278,-2.440004,0.142820
17279,-3.123202,0.900969
17280,-1.233709,-0.623490
17281,-3.215828,0.698220
17282,-2.793116,1.623490
17283,-1.945199,0.149460
17284,-2.168944,1.246980
17285,-2.730682,1.365341
17286,-2.349870,0.603718
17287,-3.822291,1.911146
17288,-2.700489,1.826239
17289,-3.824265,1.781812
17290,-2.885719,0.900969
17291,-3.824265,1.781812
17292,-3.652478,1.826239
17293,-2.700489,1.826239
17294,-2.669008,0.988831
17295,-2.899457,1.449729
17296,-3.484462,1.623490
17297,-3.333174,1.320914
17298,-2.641828,1.320914
17299,-1.588247,1.365341
17300,-3.326140,1.781812
17301,-3.563623,1.781812
17302,-3.826239,1.652478
17303,-0.728444,-1.634021
17304,-2.184738,-0.367711
17305,-2.892753,0.440071
17306,-3.281713,1.826239
17307,-1.926590,-0.109562
17308,-0.966034,-0.162592
17309,-3.528889,1.579063
17310,-3.281713,1.826239
17311,-2.056191,-1.233052
17312,-0.749532,0.698220
17313,-0.700307,0.733052
17314,-3.335148,1.191580
17315,-2.873202,0.400969
17316,-3.652478,1.826239
17317,-2.337712,0.326239
17318,-3.656250,1.579063
17319,-2.493959,1.246980
17320,-3.650504,1.955573
17321,-1.466104,0.733052
17322,-2.119812,-0.109562
17323,-1.858780,0.142820
17324,-2.367905,-0.134659
17325,-3.658223,1.449729
17326,-3.826239,1.652478
17327,-3.824265,1.781812
17328,-2.598822,-0.147791
17329,-2.885719,0.900969
17330,-2.493959,1.246980
17331,-1.261910,1.320914
17332,-3.152379,1.955573
17333,-1.588247,1.365341
17334,-3.563623,1.781812
17335,-3.158125,1.579063
17336,-2.349870,0.603718
17337,-3.397582,1.449729
17338,-2.493959,1.246980
17339,-1.864156,-0.367711
17340,-3.824265,1.781812
17341,-2.899457,1.449729
17342,-3.158125,1.579063
17343,-2.835050,1.320914
17344,-3.563623,1.781812
17345,-1.801938,0.900969
17346,-3.335148,1.191580
17347,-0.450484,-1.801938
17348,-0.533896,0.266948
17349,-2.572099,-0.722521
17350,-2.336959,1.449729
17351,-3.656250,1.579063
17352,-0.599578,-1.000000
17353,-3.528889,1.579063
17354,-3.232059,0.730682
17355,-3.692957,1.652478
17356,-3.088468,0.698220
17357,-3.563623,1.781812
17358,-3.397582,1.449729
17359,-3.779838,1.826239
17360,-2.337712,0.326239
17361,-2.056191,-1.233052
17362,-1.647948,-0.445042
17363,-3.623490,1.246980
17364,-2.641828,1.320914
17365,-2.885719,0.900969
17366,-2.837543,1.579063
17367,-3.281713,1.826239
17368,0.497515,-0.162592
17369,-1.300576,-0.365341
17370,-3.824265,1.781812
17371,-2.883745,1.030303
17372,-3.822291,1.911146
17373,-2.835050,1.320914
17374,-3.123202,0.900969
17375,-3.304955,1.652478
17376,-3.563623,1.781812
17377,-1.554958,0.777479
17378,-2.208111,1.449729
17379,-0.824281,-0.162592
17380,-1.906779,-0.535628
17381,-2.605388,-0.134659
17382,-3.324167,1.911146
17383,-2.383160,1.191580
17384,-3.153395,0.440071
17385,-3.658223,1.449729
17386,-3.563623,1.781812
17387,-1.275116,0.455573
17388,-3.326140,1.781812
17389,-3.824265,1.781812
17390,-3.095692,1.320914
17391,-2.493959,1.246980
17392,-3.478716,2.000000
17393,-0.880142,0.440071
17394,-2.060606,1.030303
17395,-3.161387,1.365341
17396,-3.215828,0.698220
17397,-1.858780,0.142820
17398,-2.899457,1.449729
17399,-2.706235,1.449729
17400,-3.824265,1.781812
17401,-2.717704,0.698220
17402,-3.822291,1.911146
17403,-3.335148,1.191580
17404,-1.717542,-0.914101
17405,-3.324167,1.911146
17406,-1.014727,-0.162592
17407,-2.669008,0.988831
17408,-2.793116,1.623490
17409,-3.215828,0.698220
17410,-2.777479,-0.445042
17411,-2.261572,-0.955573
17412,-3.824265,1.781812
17413,-2.730682,1.365341
17414,-3.563623,1.781812
17415,-2.011910,1.320914
17416,-3.650504,1.955573
17417,-3.822291,1.911146
17418,-3.911146,1.955573
17419,-1.760035,1.320914
17420,-3.158125,1.579063
17421,-2.541119,0.733052
17422,-2.883745,1.030303
17423,-3.152379,1.955573
17424,-2.598822,-0.147791
17425,-1.000000,0.500000
17426,-1.824442,1.449729
17427,-2.874250,1.652478
17428,-2.654083,-0.425270
17429,-3.652478,1.826239
17430,0.325184,-0.162592
17431,-2.717704,0.698220
17432,-3.911146,1.955573
17433,-3.656250,1.579063
17434,-2.885719,0.900969
17435,-2.366718,-1.000000
17436,-3.822291,1.911146
17437,-2.106074,-0.658322
17438,-2.149460,1.074730
17439,-1.413198,1.623490
17440,-1.873490,-1.123490
17441,-3.484462,1.623490
17442,-2.883745,1.030303
17443,-3.158125,1.579063
17444,-3.656250,1.579063
17445,-2.385621,1.030303
17446,-3.563623,1.781812
17447,-3.652478,1.826239
17448,-3.324167,1.911146
17449,-2.149460,1.074730
17450,-3.158125,1.579063
17451,-3.822291,1.911146
17452,-2.060606,1.030303
17453,-2.431855,0.900969
17454,-1.775215,0.326239
17455,-2.717704,0.698220
17456,-2.872277,1.781812
17457,-2.430339,0.123490
17458,-3.652478,1.826239
17459,-0.072451,-0.134659
17460,-1.121986,-0.722521
17461,-2.343556,-0.658322
17462,-3.304955,1.652478
17463,-3.911146,1.955573
17464,-3.826239,1.652478
17465,-2.700489,1.826239
17466,-3.652478,1.826239
17467,-3.563623,1.781812
17468,-1.397882,0.603718
17469,-1.558725,-0.623490
17470,-2.038874,-1.400969
17471,-2.873202,0.400969
17472,-2.964384,1.191580
17473,-2.302521,1.030303
17474,-2.038874,-1.400969
17475,-2.410859,1.246980
17476,-3.866718,2.000000
17477,-3.152379,1.955573
17478,-3.911146,1.955573
17479,-3.427775,0.988831
17480,-3.563623,1.781812
17481,-2.302521,1.030303
17482,-3.694931,1.911146
17483,-3.911146,1.955573
17484,-3.650504,1.955573
17485,-3.528889,1.579063
17486,-3.427775,0.988831
17487,-1.847313,0.603718
17488,-3.866718,2.000000
17489,-2.336959,1.449729
17490,-2.259209,0.777479
17491,-1.601453,0.500000
17492,-2.272552,1.320914
17493,-0.967322,0.123490
17494,-2.106074,-0.658322
17495,-0.722906,-0.365341
17496,-1.445133,0.698220
17497,-3.911146,1.955573
17498,-3.779838,1.826239
17499,-3.779838,1.826239
17500,-2.899457,1.449729
17501,-1.978621,0.733052
17502,-3.824265,1.781812
17503,-2.835050,1.320914
17504,-3.658223,1.449729
17505,-3.397582,1.449729
17506,-3.658223,1.449729
17507,-3.528889,1.579063
17508,-2.576901,1.579063
17509,-3.088468,0.698220
17510,-1.123325,0.054604
17511,-1.771749,-1.801938
17512,-3.658223,1.449729
17513,-2.899457,1.449729
17514,-1.988459,-1.889800
17515,-2.598822,-0.147791
17516,-2.526723,-0.425270
17517,-1.601453,0.500000
17518,-0.214510,0.149460
17519,-1.873490,-1.123490
17520,-2.347897,0.733052
17521,-1.917063,0.093187
17522,-3.484462,1.623490
17523,-3.088468,0.698220
17524,-1.934194,0.777479
17525,-3.866718,2.000000
17526,-1.775215,0.326239
17527,-1.171501,-0.623490
17528,-3.333174,1.320914
17529,-1.344281,-0.535628
17530,-1.794458,-1.889800
17531,-1.406715,-0.277479
17532,-2.872277,1.781812
17533,-2.383160,1.191580
17534,-0.700386,1.030303
17535,-2.777479,-0.445042
17536,-2.366718,-1.000000
17537,-3.484462,1.623490
17538,-1.945199,0.149460
17539,-3.826239,1.652478
17540,-3.158125,1.579063
17541,-0.642527,-0.914101
17542,0.735422,-0.367711
17543,-3.153395,0.440071
17544,-1.668109,-1.400969
17545,-3.246980,1.623490
17546,-3.215828,0.698220
17547,-2.060606,1.030303
17548,-2.641828,1.320914
17549,-3.822291,1.911146
17550,-2.730682,1.365341
17551,-2.941449,0.149460
17552,-1.836861,1.579063
17553,-2.163198,1.623490
17554,-3.563623,1.781812
17555,-2.336959,1.449729
17556,-3.333174,1.320914
17557,-3.161387,1.365341
17558,-2.431855,0.900969
17559,-0.828197,0.988831
17560,-3.563623,1.781812
17561,-3.304955,1.652478
17562,-3.652478,1.826239
17563,-2.641828,1.320914
17564,-2.060606,1.030303
17565,-3.563623,1.781812
17566,-3.824265,1.781812
17567,-3.158125,1.579063
17568,-3.123202,0.900969
17569,-2.883745,1.030303
17570,-3.824265,1.781812
17571,-3.153395,0.440071
17572,-3.658223,1.449729
17573,-2.347897,0.733052
17574,-2.872277,1.781812
17575,-3.563623,1.781812
17576,-2.826042,1.911146
17577,-3.822291,1.911146
17578,-3.822291,1.911146
17579,-1.270918,0.730682
17580,-3.826239,1.652478
17581,-3.158125,1.579063
17582,-3.326140,1.781812
17583,-1.668109,-1.400969
17584,-1.727818,-1.889800
17585,-1.833963,0.093187
17586,0.231673,-0.134659
17587,-3.152379,1.955573
17588,-2.730682,1.365341
17589,-2.119812,-0.109562
17590,-2.572099,-0.722521
17591,-3.911146,1.955573
17592,-2.793116,1.623490
17593,-3.478716,2.000000
17594,-3.158125,1.579063
17595,-3.484462,1.623490
17596,-3.427775,0.988831
17597,-0.821489,0.440071
17598,-3.397582,1.449729
17599,-3.563623,1.781812
17600,-3.650504,1.955573
17601,-2.826042,1.911146
17602,-0.911146,0.455573
17603,1.188334,1.826239
17604,-0.842470,-1.889800
17605,-0.169409,-0.109562
17606,-0.756100,1.955573
17607,-1.849772,0.733052
17608,0.589882,-0.955573
17609,-0.824281,-0.162592
17610,-4.000000,2.000000
17611,-2.883745,1.030303
17612,-2.598822,-0.147791
17613,-3.123202,0.900969
17614,-3.335148,1.191580
17615,-3.246980,1.623490
17616,-3.095692,1.320914
17617,-3.161387,1.365341
17618,-3.822291,1.911146
17619,-2.272552,1.320914
17620,-1.026723,1.074730
17621,-2.635719,0.400969
17622,-0.201525,0.123490
17623,-0.260824,0.093187
17624,-3.324167,1.911146
17625,-2.598822,-0.147791
17626,-1.944528,-1.977662
17627,-1.690819,-1.488831
17628,-3.123202,0.900969
17629,-3.824265,1.781812
17630,-1.154522,0.988831
17631,-3.658223,1.449729
17632,-3.123202,0.900969
17633,-0.669220,1.781812
17634,-0.621791,-0.955573
17635,-2.780575,0.603718
17636,-3.397582,1.449729
17637,-2.635719,0.400969
17638,-2.793116,1.623490
17639,-3.095692,1.320914
17640,-3.397582,1.449729
17641,-2.430339,0.123490
17642,-1.717542,-0.914101
17643,-3.563623,1.781812
17644,-1.207436,0.603718
17645,-3.365341,0.730682
17646,-2.374152,1.781812
17647,-3.158125,1.579063
17648,-2.493959,1.246980
17649,-3.490208,1.246980
17650,-3.911146,1.955573
17651,-3.656250,1.579063
17652,-3.652478,1.826239
17653,-3.652478,1.826239
17654,-2.256195,-0.445042
17655,-3.484462,1.623490
17656,-3.427775,0.988831
17657,0.269318,-0.134659
17658,-2.874250,1.652478
17659,-2.859464,-0.147791
17660,-1.855707,-1.634021
17661,-1.978716,-1.000000
17662,-0.153316,0.142820
17663,-0.544620,-0.277479
17664,-2.717704,0.698220
17665,-3.652478,1.826239
17666,-3.652478,1.826239
17667,-3.484462,1.623490
17668,-2.572099,-0.722521
17669,-3.563623,1.781812
17670,-3.161387,1.365341
17671,-1.229497,0.266948
17672,-3.158125,1.579063
17673,-3.065499,1.781812
17674,-2.641828,1.320914
17675,-3.490208,1.246980
17676,-2.717704,0.698220
17677,-2.641828,1.320914
17678,-3.065499,1.781812
17679,-3.304955,1.652478
17680,0.266077,1.074730
17681,-3.397582,1.449729
17682,-1.906779,-0.535628
17683,-2.844057,0.730682
17684,-2.343556,-0.658322
17685,-2.780575,0.603718
17686,-3.333174,1.320914
17687,-2.430339,0.123490
17688,-1.137418,-1.466104
17689,-3.281713,1.826239
17690,-2.461033,1.955573
17691,-3.650504,1.955573
17692,-3.232059,0.730682
17693,-3.152379,1.955573
17694,-2.964384,1.191580
17695,-1.420728,1.030303
17696,-1.926590,-0.109562
17697,-2.038874,-1.400969
17698,-3.268248,1.579063
17699,-3.434289,1.911146
17700,-3.281713,1.826239
17701,-3.268248,1.579063
17702,-3.955573,1.911146
17703,-2.598822,-0.147791
17704,-3.692957,1.652478
17705,-3.397582,1.449729
17706,-2.149460,1.074730
17707,-1.717979,0.733052
17708,-3.123202,0.900969
17709,-3.866718,2.000000
17710,-3.824265,1.781812
17711,-3.333174,1.320914
17712,-2.208111,1.449729
17713,-3.153395,0.440071
17714,-3.955573,1.911146
17715,-3.528889,1.579063
17716,-3.779838,1.826239
17717,-3.692957,1.652478
17718,-2.228125,1.365341
17719,-3.911146,1.955573
17720,-2.576901,1.579063
17721,-1.733246,0.500000
17722,-3.095692,1.320914
17723,-3.152379,1.955573
17724,-2.541119,0.733052
17725,-2.644197,-0.445042
17726,-2.136480,0.698220
17727,-3.246980,1.623490
17728,-3.650504,1.955573
17729,-3.658223,1.449729
17730,-3.866718,2.000000
17731,-3.694931,1.911146
17732,-3.779838,1.826239
17733,-2.410859,1.246980
17734,-2.964384,1.191580
17735,-2.440004,0.142820
17736,-2.461033,1.955573
17737,-3.824265,1.781812
17738,-3.694931,1.911146
17739,-3.427775,0.988831
17740,-3.326140,1.781812
17741,-3.563623,1.781812
17742,-3.246980,1.623490
17743,-2.938128,0.142820
17744,-1.890808,-0.955573
17745,-3.563623,1.781812
17746,-3.824265,1.781812
17747,-3.824265,1.781812
17748,-3.333174,1.320914
17749,-2.119812,-0.109562
17750,-2.336959,1.449729
17751,-3.563623,1.781812
17752,-3.623490,1.246980
17753,-3.658223,1.449729
17754,-2.892753,0.440071
17755,-3.779838,1.826239
17756,-2.576901,1.579063
17757,-0.831764,-0.535628
17758,-1.926590,-0.109562
17759,-2.899457,1.449729
17760,-2.793116,1.623490
17761,-3.652478,1.826239
17762,-1.275116,0.455573
17763,-1.279149,1.191580
17764,-2.711958,1.074730
17765,-1.914041,-0.134659
17766,-3.074730,0.149460
17767,-0.476251,-0.367711
17768,-0.107192,-1.977662
17769,0.188432,0.455573
17770,0.684192,-0.033258
17771,1.575666,1.246980
17772,-3.152379,1.955573
17773,-3.194833,1.652478
17774,-3.824265,1.781812
17775,-1.917063,0.093187
17776,-1.593993,0.988831
17777,-3.658223,1.449729
17778,-2.302521,1.030303
17779,-3.779838,1.826239
17780,-3.095692,1.320914
17781,-2.440004,0.142820
17782,-0.492457,-0.826239
17783,-1.824442,1.449729
17784,-1.180804,0.266948
17785,-0.569543,-0.955573
17786,-0.256645,0.142820
17787,-2.141244,1.191580
17788,-3.427775,0.988831
17789,-3.232059,0.730682
17790,-3.167133,0.988831
17791,-2.316833,-1.233052
17792,-3.824265,1.781812
17793,-2.553446,0.149460
17794,-1.762918,-1.211352
17795,-3.563623,1.781812
17796,-2.563163,1.030303
17797,0.001504,0.400969
17798,-1.420728,1.030303
17799,-1.524320,-0.914101
17800,-2.541119,0.733052
17801,-1.695108,1.579063
17802,-3.095692,1.320914
17803,-3.333174,1.320914
17804,-1.681370,1.030303
17805,-3.065499,1.781812
17806,-3.824265,1.781812
17807,-1.717979,0.733052
17808,-3.779838,1.826239
17809,-1.775215,0.326239
17810,-3.658223,1.449729
17811,-3.911146,1.955573
17812,-3.095692,1.320914
17813,-1.003761,1.579063
17814,-3.326140,1.781812
17815,-1.703282,0.440071
17816,-3.623490,1.246980
17817,-3.281713,1.826239
17818,-3.779838,1.826239
17819,-2.964384,1.191580
17820,-1.824442,1.449729
17821,-2.859464,-0.147791
17822,-1.801938,0.900969
17823,-3.650504,1.955573
17824,-2.669008,0.988831
17825,-3.658223,1.449729
17826,-3.955573,1.911146
17827,-3.563623,1.781812
17828,-2.343556,-0.658322
17829,-3.528889,1.579063
17830,-0.170149,0.440071
17831,0.605149,-0.722521
17832,-3.335148,1.191580
17833,-2.669008,0.988831
17834,-0.584824,-0.033258
17835,-1.005460,-0.955573
17836,-0.650969,0.099031
17837,-3.152379,1.955573
17838,-3.281713,1.826239
17839,-2.635719,0.400969
17840,-3.694931,1.911146
17841,-3.484462,1.623490
17842,-1.760035,1.320914
17843,-3.955573,1.911146
17844,-2.235810,0.730682
17845,-1.357582,-1.634021
17846,-2.144490,0.326239
17847,-2.149460,1.074730
17848,-3.427775,0.988831
17849,-3.563623,1.781812
17850,-3.484462,1.623490
17851,-3.692957,1.652478
17852,-3.268248,1.579063
17853,-1.847313,0.603718
17854,-3.563623,1.781812
17855,-1.168783,-0.365341
17856,-3.623490,1.246980
17857,-3.281713,1.826239
17858,-3.911146,1.955573
17859,-2.109756,0.123490
17860,-3.102206,1.246980
17861,-2.899457,1.449729
17862,-3.824265,1.781812
17863,-3.462508,1.191580
17864,-2.051596,1.911146
17865,-2.964384,1.191580
17866,-3.484462,1.623490
17867,-2.272552,1.320914
17868,-3.462508,1.191580
17869,-3.123202,0.900969
17870,-3.095692,1.320914
17871,-2.011910,1.320914
17872,-2.259209,0.777479
17873,-2.964384,1.191580
17874,-3.194833,1.652478
17875,-2.141244,1.191580
17876,-2.669008,0.988831
17877,-3.824265,1.781812
17878,-3.658223,1.449729
17879,-0.938334,-0.826239
17880,-2.316833,-1.233052
17881,0.084793,0.054604
17882,-1.643120,1.191580
17883,-2.208111,1.449729
17884,-2.133667,-1.466104
17885,-0.985218,0.603718
17886,-1.044797,-0.109562
17887,-3.232059,0.730682
17888,-2.302521,1.030303
17889,-3.333174,1.320914
17890,-2.885719,0.900969
17891,-2.670453,0.603718
17892,-3.462508,1.191580
17893,-3.911146,1.955573
17894,-3.427775,0.988831
17895,-3.246980,1.623490
17896,-2.440004,0.142820
17897,-3.281713,1.826239
17898,-3.694931,1.911146
17899,-2.938128,0.142820
17900,-2.993868,1.030303
17901,-3.694931,1.911146
17902,-3.692957,1.652478
17903,-3.528889,1.579063
17904,-3.563623,1.781812
17905,-1.349189,0.603718
17906,-3.528889,1.579063
17907,-2.696708,1.652478
17908,-3.462508,1.191580
17909,-2.885719,0.900969
17910,-2.938128,0.142820
17911,-3.528889,1.579063
17912,-1.801938,0.900969
17913,-3.658223,1.449729
17914,-3.692957,1.652478
17915,-3.911146,1.955573
17916,-2.892753,0.440071
17917,-2.394628,0.440071
17918,-2.259209,0.777479
17919,-2.837543,1.579063
17920,0.764201,-0.425270
17921,-2.371693,1.652478
17922,0.231673,-0.134659
17923,-1.643120,1.191580
17924,-1.855707,-1.634021
17925,-0.650969,0.099031
17926,-2.334986,1.579063
17927,-1.978621,0.733052
17928,-2.430339,0.123490
17929,-2.700489,1.826239
17930,-2.176109,0.777479
17931,-2.294861,-0.367711
17932,-3.333174,1.320914
17933,-2.883745,1.030303
17934,-3.652478,1.826239
17935,-3.152379,1.955573
17936,-3.304955,1.652478
17937,-3.650504,1.955573
17938,-3.333174,1.320914
17939,-3.246980,1.623490
17940,-2.394628,0.440071
17941,-2.541119,0.733052
17942,-3.658223,1.449729
17943,-2.793116,1.623490
17944,-1.864156,-0.367711
17945,-1.773241,0.455573
17946,-3.153395,0.440071
17947,-1.858780,0.142820
17948,-1.588247,1.365341
17949,-2.337712,0.326239
17950,-1.801938,0.900969
17951,-2.430339,0.123490
17952,-2.261572,-0.955573
17953,-1.928302,-1.488831
17954,-2.461033,1.955573
17955,-3.658223,1.449729
17956,-3.955573,1.911146
17957,-2.141244,1.191580
17958,-2.163198,1.623490
17959,-2.541119,0.733052
17960,-1.775215,0.326239
17961,-3.095692,1.320914
17962,-3.051264,1.365341
17963,-3.333174,1.320914
17964,-3.153395,0.440071
17965,-3.051264,1.365341
17966,-3.563623,1.781812
17967,-2.051596,1.911146
17968,-3.232059,0.730682
17969,-3.692957,1.652478
17970,-2.410859,1.246980
17971,-2.109756,0.123490
17972,-3.824265,1.781812
17973,-3.335148,1.191580
17974,-2.810768,0.142820
17975,-2.385621,1.030303
17976,-3.911146,1.955573
17977,-3.658223,1.449729
17978,-2.641828,1.320914
17979,-2.461033,1.955573
17980,-3.304955,1.652478
17981,-3.304955,1.652478
17982,-3.123202,0.900969
17983,-2.700489,1.826239
17984,-2.181855,0.400969
17985,-2.793116,1.623490
17986,-2.883745,1.030303
17987,-3.822291,1.911146
17988,-2.367905,-0.134659
17989,-2.717704,0.698220
17990,-2.874250,1.652478
17991,-2.793116,1.623490
17992,-0.528520,0.777479
17993,-3.158125,1.579063
17994,-2.730682,1.365341
17995,-3.824265,1.781812
17996,-3.911146,1.955573
17997,-3.324167,1.911146
17998,-2.098256,0.455573
17999,-2.872277,1.781812
18000,-2.334986,1.579063
18001,-3.152379,1.955573
18002,-3.822291,1.911146
18003,-3.333174,1.320914
18004,-2.166234,-1.400969
18005,-2.316833,-1.233052
18006,-3.333174,1.320914
18007,-3.652478,1.826239
18008,-3.095692,1.320914
18009,-3.215828,0.698220
18010,-2.119812,-0.109562
18011,-2.730682,1.365341
18012,-2.892753,0.440071
18013,-1.833963,0.093187
18014,-3.158125,1.579063
18015,-3.304955,1.652478
18016,-3.095692,1.320914
18017,-3.427775,0.988831
18018,-3.656250,1.579063
18019,-2.337712,0.326239
18020,-2.155959,-0.425270
18021,-1.977662,0.988831
18022,-1.636943,1.074730
18023,-2.810768,0.142820
18024,-3.153395,0.440071
18025,-3.824265,1.781812
18026,-1.849772,0.733052
18027,-1.558725,-0.623490
18028,-1.180804,0.266948
18029,-3.333174,1.320914
18030,-3.232059,0.730682
18031,-1.648630,-0.277479
18032,-1.717979,0.733052
18033,-2.885719,0.900969
18034,-3.397582,1.449729
18035,-3.051264,1.365341
18036,-1.594507,0.222521
18037,-3.911146,1.955573
18038,-2.605388,-0.134659
18039,-3.866718,2.000000
18040,-3.528889,1.579063
18041,-2.461033,1.955573
18042,-2.563163,1.030303
18043,-3.153395,0.440071
18044,-3.326140,1.781812
18045,-1.801938,0.900969
18046,-2.343556,-0.658322
18047,-2.110972,-1.123490
18048,-2.899457,1.449729
18049,-3.779838,1.826239
18050,-2.371693,1.652478
18051,-2.466259,1.191580
18052,-3.167133,0.988831
18053,-2.598822,-0.147791
18054,-3.563623,1.781812
18055,-3.123202,0.900969
18056,-3.462508,1.191580
18057,-2.899457,1.449729
18058,-1.695108,1.579063
18059,-2.371693,1.652478
18060,-3.484462,1.623490
18061,-3.167133,0.988831
18062,-2.605388,-0.134659
18063,-3.152379,1.955573
18064,-2.051596,1.911146
18065,-2.100697,-0.147791
18066,-2.837543,1.579063
18067,-2.742943,1.911146
18068,-3.528889,1.579063
18069,-3.658223,1.449729
18070,-1.719513,1.246980
18071,-3.692957,1.652478
18072,-3.095692,1.320914
18073,-2.872277,1.781812
18074,-3.051264,1.365341
18075,-2.518736,1.074730
18076,-3.102206,1.246980
18077,-3.246980,1.623490
18078,-2.410859,1.246980
18079,-2.837543,1.579063
18080,-3.095692,1.320914
18081,-3.065499,1.781812
18082,-2.311457,-0.722521
18083,-3.152379,1.955573
18084,-3.397582,1.449729
18085,-2.742943,1.911146
18086,-2.711958,1.074730
18087,-3.911146,1.955573
18088,-3.051264,1.365341
18089,-2.742943,1.911146
18090,-3.911146,1.955573
18091,-3.246980,1.623490
18092,-3.528889,1.579063
18093,-3.779838,1.826239
18094,-3.694931,1.911146
18095,-1.558725,-0.623490
18096,-3.167133,0.988831
18097,-3.824265,1.781812
18098,-2.670453,0.603718
18099,-3.427775,0.988831
18100,-2.228125,1.365341
18101,-2.837543,1.579063
18102,-3.123202,0.900969
18103,-2.163198,1.623490
18104,-1.977662,0.988831
18105,-3.051264,1.365341
18106,-2.837543,1.579063
18107,-3.623490,1.246980
18108,-3.088468,0.698220
18109,-2.337712,0.326239
18110,-3.866718,2.000000
18111,-2.011910,1.320914
18112,-1.928302,-1.488831
18113,-1.634892,-0.826239
18114,-2.641828,1.320914
18115,-2.302521,1.030303
18116,-3.528889,1.579063
18117,-3.232059,0.730682
18118,-1.375695,-1.211352
18119,-3.658223,1.449729
18120,-2.440004,0.142820
18121,-0.014576,-0.134659
18122,-1.577747,-1.801938
18123,-3.478716,2.000000
18124,-2.793116,1.623490
18125,-0.317668,1.911146
18126,-3.826239,1.652478
18127,-3.563623,1.781812
18128,-1.593993,0.988831
18129,-2.119812,-0.109562
18130,-2.431855,0.900969
18131,-2.730682,1.365341
18132,-2.641828,1.320914
18133,-2.337712,0.326239
18134,-3.490208,1.246980
18135,-3.158125,1.579063
18136,-2.885719,0.900969
18137,-1.370469,-1.000000
18138,-2.176109,0.777479
18139,-3.304955,1.652478
18140,-0.974766,1.579063
18141,-3.822291,1.911146
18142,-3.152379,1.955573
18143,-2.872277,1.781812
18144,-1.762008,1.191580
18145,-2.011910,1.320914
18146,-2.461033,1.955573
18147,-3.095692,1.320914
18148,-3.167133,0.988831
18149,-3.304955,1.652478
18150,-3.484462,1.623490
18151,-2.810768,0.142820
18152,-1.474108,-1.400969
18153,-2.100697,-0.147791
18154,-2.641828,1.320914
18155,-1.574293,-1.721883
18156,-1.928302,-1.488831
18157,-0.779516,-0.535628
18158,-1.801938,0.900969
18159,-2.466259,1.191580
18160,-3.434289,1.911146
18161,-3.866718,2.000000
18162,-3.650504,1.955573
18163,-1.149815,1.320914
18164,-3.528889,1.579063
18165,-2.181855,0.400969
18166,-2.892753,0.440071
18167,-2.711958,1.074730
18168,-1.845869,0.988831
18169,-3.152379,1.955573
18170,-3.528889,1.579063
18171,-3.434289,1.911146
18172,-2.874250,1.652478
18173,-3.652478,1.826239
18174,-2.366718,-1.000000
18175,-2.635719,0.400969
18176,-3.065499,1.781812
18177,-3.650504,1.955573
18178,0.016102,0.455573
18179,-1.044797,-0.109562
18180,-2.899457,1.449729
18181,-2.440004,0.142820
18182,-3.563623,1.781812
18183,-2.374152,1.781812
18184,-3.333174,1.320914
18185,-1.412671,0.730682
18186,-2.518736,1.074730
18187,-1.934194,0.777479
18188,-3.268248,1.579063
18189,-3.246980,1.623490
18190,-3.658223,1.449729
18191,-3.427775,0.988831
18192,-1.474108,-1.400969
18193,-2.700489,1.826239
18194,-3.650504,1.955573
18195,-2.383160,1.191580
18196,-3.656250,1.579063
18197,-3.911146,1.955573
18198,-3.563623,1.781812
18199,-2.060606,1.030303
18200,-3.397582,1.449729
18201,-2.892753,0.440071
18202,-2.717704,0.698220
18203,-3.123202,0.900969
18204,0.504443,0.326239
18205,0.150276,0.142820
18206,-2.742943,1.911146
18207,-3.333174,1.320914
18208,-2.644197,-0.445042
18209,-3.563623,1.781812
18210,-3.658223,1.449729
18211,-3.397582,1.449729
18212,-3.779838,1.826239
18213,-3.824265,1.781812
18214,-3.658223,1.449729
18215,-1.960449,1.826239
18216,-1.634892,-0.826239
18217,-2.394628,0.440071
18218,-2.011910,1.320914
18219,-3.824265,1.781812
18220,-3.102206,1.246980
18221,-1.681370,1.030303
18222,-2.837543,1.579063
18223,-3.088468,0.698220
18224,-2.136480,0.698220
18225,-1.086885,-1.400969
18226,-1.524320,-0.914101
18227,-3.324167,1.911146
18228,-3.324167,1.911146
18229,-3.158125,1.579063
18230,-1.624178,-1.488831
18231,-2.885719,0.900969
18232,-1.945199,0.149460
18233,-2.349870,0.603718
18234,-2.011910,1.320914
18235,-2.654083,-0.425270
18236,-2.793116,1.623490
18237,-3.824265,1.781812
18238,-3.822291,1.911146
18239,-3.161387,1.365341
18240,-3.215828,0.698220
18241,-2.572099,-0.722521
18242,-2.835050,1.320914
18243,-3.365341,0.730682
18244,-3.095692,1.320914
18245,-2.711958,1.074730
18246,-3.397582,1.449729
18247,-2.261572,-0.955573
18248,-2.810768,0.142820
18249,-3.826239,1.652478
18250,-3.563623,1.781812
18251,-3.095692,1.320914
18252,-2.347897,0.733052
18253,-0.881639,-1.977662
18254,-3.462508,1.191580
18255,-0.161161,-1.488831
18256,-3.088468,0.698220
18257,-0.596023,-1.000000
18258,-3.194833,1.652478
18259,-3.824265,1.781812
18260,-1.890808,-0.955573
18261,-1.636943,1.074730
18262,-3.281713,1.826239
18263,-3.824265,1.781812
18264,-3.434289,1.911146
18265,-3.484462,1.623490
18266,-2.872277,1.781812
18267,-3.528889,1.579063
18268,-3.232059,0.730682
18269,-3.397582,1.449729
18270,-3.692957,1.652478
18271,-2.835050,1.320914
18272,-3.623490,1.246980
18273,-2.572099,-0.722521
18274,-3.333174,1.320914
18275,-2.374152,1.781812
18276,-3.194833,1.652478
18277,-2.431855,0.900969
18278,-3.281713,1.826239
18279,-3.074730,0.149460
18280,-2.141244,1.191580
18281,-0.602063,-0.162592
18282,-1.492359,1.781812
18283,-0.458468,1.320914
18284,-3.326140,1.781812
18285,-2.136480,0.698220
18286,-3.694931,1.911146
18287,-3.623490,1.246980
18288,-3.095692,1.320914
18289,-3.955573,1.911146
18290,-2.899457,1.449729
18291,-3.434289,1.911146
18292,-3.658223,1.449729
18293,-3.650504,1.955573
18294,-2.885719,0.900969
18295,-1.760035,1.320914
18296,-3.153395,0.440071
18297,-2.993868,1.030303
18298,-2.835050,1.320914
18299,-3.333174,1.320914
18300,-3.528889,1.579063
18301,-0.787833,-0.623490
18302,-2.899457,1.449729
18303,-3.324167,1.911146
18304,-3.215828,0.698220
18305,-3.650504,1.955573
18306,-3.656250,1.579063
18307,-1.406715,-0.277479
18308,-1.475625,-0.623490
18309,-1.072099,0.777479
18310,-3.462508,1.191580
18311,-1.349189,0.603718
18312,-0.596023,-1.000000
18313,-2.106074,-0.658322
18314,-1.225625,-1.123490
18315,-3.427775,0.988831
18316,-3.911146,1.955573
18317,-3.152379,1.955573
18318,-3.826239,1.652478
18319,-3.911146,1.955573
18320,-2.706235,1.449729
18321,-3.158125,1.579063
18322,-3.397582,1.449729
18323,-1.475625,-0.623490
18324,-3.652478,1.826239
18325,-2.208111,1.449729
18326,-0.880142,0.440071
18327,-3.365341,0.730682
18328,-1.643120,1.191580
18329,-3.528889,1.579063
18330,-3.326140,1.781812
18331,-2.563163,1.030303
18332,-1.051938,0.900969
18333,-2.526723,-0.425270
18334,-3.462508,1.191580
18335,-3.462508,1.191580
18336,-1.873490,-1.123490
18337,-3.650504,1.955573
18338,-3.333174,1.320914
18339,-2.466259,1.191580
18340,-3.246980,1.623490
18341,-3.397582,1.449729
18342,-3.650504,1.955573
18343,-1.917063,0.093187
18344,-3.333174,1.320914
18345,-2.576901,1.579063
18346,-3.866718,2.000000
18347,-3.911146,1.955573
18348,-2.302521,1.030303
18349,-2.181855,0.400969
18350,-2.885719,0.900969
18351,-3.268248,1.579063
18352,-1.789708,1.246980
18353,-0.248496,0.900969
18354,-1.733246,0.500000
18355,-2.644197,-0.445042
18356,-3.563623,1.781812
18357,-2.461033,1.955573
18358,-2.242359,1.781812
18359,-3.268248,1.579063
18360,-2.859464,-0.147791
18361,-1.133363,0.455573
18362,-0.867905,1.365341
18363,-2.347897,0.733052
18364,-3.462508,1.191580
18365,-3.650504,1.955573
18366,-2.793116,1.623490
18367,-3.333174,1.320914
18368,-2.367905,-0.134659
18369,-3.692957,1.652478
18370,-3.824265,1.781812
18371,-3.462508,1.191580
18372,-2.149460,1.074730
18373,-2.892753,0.440071
18374,-3.692957,1.652478
18375,-3.153395,0.440071
18376,-1.890808,-0.955573
18377,-1.154522,0.988831
18378,-3.051264,1.365341
18379,-3.462508,1.191580
18380,-3.484462,1.623490
18381,-3.528889,1.579063
18382,-1.262697,0.326239
18383,-1.361599,-0.367711
18384,-1.349189,0.603718
18385,-2.742943,1.911146
18386,-2.563163,1.030303
18387,-3.779838,1.826239
18388,-3.694931,1.911146
18389,-0.855884,0.733052
18390,-3.088468,0.698220
18391,-2.337712,0.326239
18392,-3.694931,1.911146
18393,-1.917063,0.093187
18394,-2.641828,1.320914
18395,-3.152379,1.955573
18396,-2.742943,1.911146
18397,-2.837543,1.579063
18398,-3.623490,1.246980
18399,-1.118740,0.142820
18400,-1.847313,0.603718
18401,-3.326140,1.781812
18402,-2.343556,-0.658322
18403,-2.885719,0.900969
18404,-3.824265,1.781812
18405,-3.658223,1.449729
18406,-2.885719,0.900969
18407,-2.526723,-0.425270
18408,-0.654932,1.030303
18409,-2.892753,0.440071
18410,-3.281713,1.826239
18411,-3.152379,1.955573
18412,-3.051264,1.365341
18413,-3.167133,0.988831
18414,-2.109756,0.123490
18415,-1.624178,-1.488831
18416,-3.335148,1.191580
18417,-3.652478,1.826239
18418,-2.349870,0.603718
18419,-2.119812,-0.109562
18420,-3.656250,1.579063
18421,-2.700489,1.826239
18422,-1.762008,1.191580
18423,-3.650504,1.955573
18424,-3.822291,1.911146
18425,-1.406715,-0.277479
18426,-2.810768,0.142820
18427,-1.978621,0.733052
18428,-1.762008,1.191580
18429,-3.161387,1.365341
18430,-2.872277,1.781812
18431,-3.065499,1.781812
18432,-3.822291,1.911146
18433,-3.478716,2.000000
18434,-3.326140,1.781812
18435,-1.275116,0.455573
18436,-1.836861,1.579063
18437,0.295582,-0.147791
18438,-2.899457,1.449729
18439,-3.152379,1.955573
18440,-2.874250,1.652478
18441,-2.885719,0.900969
18442,-3.158125,1.579063
18443,-2.874250,1.652478
18444,-3.822291,1.911146
18445,0.040685,0.142820
18446,-2.873202,0.400969
18447,-3.652478,1.826239
18448,-3.652478,1.826239
18449,-3.427775,0.988831
18450,-3.824265,1.781812
18451,-3.304955,1.652478
18452,-3.822291,1.911146
18453,-1.396440,0.698220
18454,-2.835050,1.320914
18455,-0.544620,-0.277479
18456,-3.911146,1.955573
18457,-3.490208,1.246980
18458,-3.158125,1.579063
18459,-0.710661,0.054604
18460,-3.652478,1.826239
18461,-3.335148,1.191580
18462,-2.011910,1.320914
18463,-3.158125,1.579063
18464,-3.304955,1.652478
18465,-3.484462,1.623490
18466,-3.246980,1.623490
18467,-3.658223,1.449729
18468,-2.706235,1.449729
18469,-1.601453,0.500000
18470,-3.123202,0.900969
18471,-3.324167,1.911146
18472,-2.711958,1.074730
18473,-2.261572,-0.955573
18474,-0.824281,-0.162592
18475,-0.810020,1.191580
18476,-3.652478,1.826239
18477,-3.335148,1.191580
18478,-2.883745,1.030303
18479,-2.883745,1.030303
18480,-1.773241,0.455573
18481,-1.170844,-1.233052
18482,-2.810768,0.142820
18483,-3.152379,1.955573
18484,-3.161387,1.365341
18485,-2.835050,1.320914
18486,-3.824265,1.781812
18487,-3.095692,1.320914
18488,-3.215828,0.698220
18489,-3.822291,1.911146
18490,0.192876,1.781812
18491,-0.445042,0.222521
18492,-3.563623,1.781812
18493,-3.167133,0.988831
18494,-1.977662,0.988831
18495,-3.397582,1.449729
18496,-3.324167,1.911146
18497,-3.650504,1.955573
18498,-2.349870,0.603718
18499,-3.652478,1.826239
18500,-3.158125,1.579063
18501,-2.874250,1.652478
18502,-3.563623,1.781812
18503,-2.336959,1.449729
18504,-3.123202,0.900969
18505,-2.883745,1.030303
18506,-2.385621,1.030303
18507,-3.822291,1.911146
18508,-2.096023,2.000000
18509,-1.773241,0.455573
18510,-3.333174,1.320914
18511,-2.119812,-0.109562
18512,-1.127350,1.826239
18513,-0.824281,-0.162592
18514,-3.333174,1.320914
18515,-3.152379,1.955573
18516,-2.181855,0.400969
18517,-1.914041,-0.134659
18518,-1.731730,-0.277479
18519,-2.700489,1.826239
18520,-3.822291,1.911146
18521,-3.650504,1.955573
18522,-2.885719,0.900969
18523,-1.955475,-0.826239
18524,-2.431855,0.900969
18525,-2.883745,1.030303
18526,-3.153395,0.440071
18527,-3.490208,1.246980
18528,-2.730682,1.365341
18529,-3.911146,1.955573
18530,-2.144490,0.326239
18531,-2.844057,0.730682
18532,-3.656250,1.579063
18533,-3.652478,1.826239
18534,-3.158125,1.579063
18535,-3.656250,1.579063
18536,-3.563623,1.781812
18537,-1.051938,0.900969
18538,-1.926590,-0.109562
18539,-1.306849,1.246980
18540,-1.284124,-0.134659
18541,-2.899457,1.449729
18542,-1.745664,-1.466104
18543,-3.822291,1.911146
18544,-3.652478,1.826239
18545,-2.899457,1.449729
18546,-3.158125,1.579063
18547,-1.262697,0.326239
18548,-1.413419,-0.914101
18549,-2.635719,0.400969
18550,-2.730682,1.365341
18551,-2.430339,0.123490
18552,-2.730682,1.365341
18553,-3.563623,1.781812
18554,-2.641828,1.320914
18555,-1.945199,0.149460
18556,-3.324167,1.911146
18557,-2.700489,1.826239
18558,-3.427775,0.988831
18559,-3.656250,1.579063
18560,-2.780575,0.603718
18561,-3.652478,1.826239
18562,-1.864156,-0.367711
18563,-2.700489,1.826239
18564,-2.272552,1.320914
18565,-1.588247,1.365341
18566,-3.397582,1.449729
18567,-3.650504,1.955573
18568,-2.635719,0.400969
18569,-2.334986,1.579063
18570,-2.793116,1.623490
18571,-3.911146,1.955573
18572,-3.326140,1.781812
18573,-3.652478,1.826239
18574,-2.163198,1.623490
18575,-2.311457,-0.722521
18576,-2.598822,-0.147791
18577,-2.242359,1.781812
18578,-3.822291,1.911146
18579,-2.700489,1.826239
18580,-0.860591,0.400969
18581,-2.700489,1.826239
18582,-2.272552,1.320914
18583,-2.176109,0.777479
18584,-1.474108,-1.400969
18585,-2.302521,1.030303
18586,-1.934194,0.777479
18587,-1.394005,0.455573
18588,-3.153395,0.440071
18589,-2.228125,1.365341
18590,-2.540461,0.123490
18591,-2.065597,-0.826239
18592,-1.977662,0.988831
18593,-2.576901,1.579063
18594,-1.683887,-1.977662
18595,-2.598822,-0.147791
18596,-2.563163,1.030303
18597,-2.540461,0.123490
18598,-3.866718,2.000000
18599,-3.779838,1.826239
18600,-1.412671,0.730682
18601,-3.246980,1.623490
18602,-1.133363,0.455573
18603,-3.281713,1.826239
18604,-3.694931,1.911146
18605,-3.650504,1.955573
18606,-3.051264,1.365341
18607,-3.427775,0.988831
18608,-2.669008,0.988831
18609,-3.397582,1.449729
18610,-3.824265,1.781812
18611,-3.694931,1.911146
18612,-3.397582,1.449729
18613,-3.484462,1.623490
18614,-1.926590,-0.109562
18615,-3.123202,0.900969
18616,-3.779838,1.826239
18617,-2.793116,1.623490
18618,-3.824265,1.781812
18619,-2.208111,1.449729
18620,-3.246980,1.623490
18621,-2.235810,0.730682
18622,-2.116349,-1.634021
18623,-1.921819,-1.889800
18624,-3.427775,0.988831
18625,-3.824265,1.781812
18626,-3.281713,1.826239
18627,-3.694931,1.911146
18628,-3.779838,1.826239
18629,-2.859464,-0.147791
18630,-1.727818,-1.889800
18631,-1.988459,-1.889800
18632,-3.692957,1.652478
18633,-3.397582,1.449729
18634,-3.333174,1.320914
18635,-3.692957,1.652478
18636,-3.281713,1.826239
18637,-2.343556,-0.658322
18638,-2.056191,-1.233052
18639,-0.926428,-1.721883
18640,-1.022292,-0.658322
18641,-0.066833,-1.233052
18642,-3.528889,1.579063
18643,-0.576416,-0.658322
18644,-2.374152,1.781812
18645,-0.810020,1.191580
18646,-1.890808,-0.955573
18647,-3.563623,1.781812
18648,-3.102206,1.246980
18649,-3.484462,1.623490
18650,-3.824265,1.781812
18651,-3.281713,1.826239
18652,-3.650504,1.955573
18653,-3.434289,1.911146
18654,-3.692957,1.652478
18655,-2.337712,0.326239
18656,-1.524320,-0.914101
18657,-1.652210,-0.658322
18658,-3.484462,1.623490
18659,0.759696,0.455573
18660,-0.722906,-0.365341
18661,-3.563623,1.781812
18662,-2.526723,-0.425270
18663,-3.194833,1.652478
18664,-0.417598,-0.367711
18665,-0.709622,0.099031
18666,-3.652478,1.826239
18667,-3.324167,1.911146
18668,-1.703282,0.440071
18669,-0.061373,0.222521
18670,-3.153395,0.440071
18671,-3.335148,1.191580
18672,-3.335148,1.191580
18673,-3.652478,1.826239
18674,-2.572099,-0.722521
18675,-2.964384,1.191580
18676,-3.866718,2.000000
18677,-0.322099,-0.722521
18678,-1.690819,-1.488831
18679,-0.276723,-0.425270
18680,-2.717704,0.698220
18681,-3.333174,1.320914
18682,-2.872277,1.781812
18683,-1.775215,0.326239
18684,-2.859464,-0.147791
18685,-3.911146,1.955573
18686,-2.885719,0.900969
18687,-3.826239,1.652478
18688,-3.215828,0.698220
18689,-2.826042,1.911146
18690,-3.824265,1.781812
18691,-3.095692,1.320914
18692,-3.490208,1.246980
18693,-2.334986,1.579063
18694,-1.384971,1.449729
18695,-3.397582,1.449729
18696,-2.777479,-0.445042
18697,-2.541119,0.733052
18698,-3.490208,1.246980
18699,-2.717704,0.698220
18700,-1.637893,1.955573
18701,-2.256195,-0.445042
18702,-3.822291,1.911146
18703,-3.911146,1.955573
18704,-3.650504,1.955573
18705,-2.541119,0.733052
18706,-2.272552,1.320914
18707,-2.106074,-0.658322
18708,-1.917063,0.093187
18709,-3.152379,1.955573
18710,-1.118740,0.142820
18711,-3.462508,1.191580
18712,-3.268248,1.579063
18713,-3.232059,0.730682
18714,-2.576901,1.579063
18715,-3.427775,0.988831
18716,-2.242359,1.781812
18717,-3.152379,1.955573
18718,-2.440004,0.142820
18719,-0.689843,0.400969
18720,-2.302521,1.030303
18721,-2.835050,1.320914
18722,-3.102206,1.246980
18723,-2.670453,0.603718
18724,-3.281713,1.826239
18725,-1.934194,0.777479
18726,0.744943,0.988831
18727,-1.574293,-1.721883
18728,-3.650504,1.955573
18729,-2.669008,0.988831
18730,-3.528889,1.579063
18731,-2.343556,-0.658322
18732,-3.779838,1.826239
18733,-2.011910,1.320914
18734,-1.601453,0.500000
18735,-3.866718,2.000000
18736,-3.484462,1.623490
18737,-2.641828,1.320914
18738,-3.232059,0.730682
18739,-2.181855,0.400969
18740,-2.742943,1.911146
18741,-2.993868,1.030303
18742,-2.938128,0.142820
18743,-1.394005,0.455573
18744,-2.098256,0.455573
18745,-3.167133,0.988831
18746,-2.883745,1.030303
18747,-3.215828,0.698220
18748,-3.911146,1.955573
18749,-1.171501,-0.623490
18750,-1.070127,-0.826239
18751,-2.099031,-1.801938
18752,-2.526723,-0.425270
18753,-3.694931,1.911146
18754,-3.051264,1.365341
18755,-3.528889,1.579063
18756,-3.246980,1.623490
18757,-3.051264,1.365341
18758,-3.866718,2.000000
18759,-2.696708,1.652478
18760,-3.658223,1.449729
18761,-1.568917,-1.211352
18762,-3.074730,0.149460
18763,-2.964384,1.191580
18764,-3.427775,0.988831
18765,-2.576901,1.579063
18766,-0.105222,0.698220
18767,-2.176109,0.777479
18768,-3.167133,0.988831
18769,-2.883745,1.030303
18770,-2.872277,1.781812
18771,-2.826042,1.911146
18772,-3.911146,1.955573
18773,-3.152379,1.955573
18774,-3.158125,1.579063
18775,-3.095692,1.320914
18776,-3.563623,1.781812
18777,-3.158125,1.579063
18778,-3.826239,1.652478
18779,-3.333174,1.320914
18780,-3.911146,1.955573
18781,-3.158125,1.579063
18782,-3.335148,1.191580
18783,0.040685,0.142820
18784,0.146956,0.149460
18785,-2.696708,1.652478
18786,-3.268248,1.579063
18787,-2.598822,-0.147791
18788,-1.279149,1.191580
18789,-3.051264,1.365341
18790,-3.281713,1.826239
18791,-3.563623,1.781812
18792,-3.462508,1.191580
18793,-2.576901,1.579063
18794,-1.420728,1.030303
18795,-1.847313,0.603718
18796,-2.466259,1.191580
18797,-1.492359,1.781812
18798,-3.102206,1.246980
18799,-1.681370,1.030303
18800,-2.563163,1.030303
18801,-2.899457,1.449729
18802,-3.866718,2.000000
18803,-2.526723,-0.425270
18804,-0.447472,-0.425270
18805,-2.119812,-0.109562
18806,-3.650504,1.955573
18807,-3.335148,1.191580
18808,-1.127350,1.826239
18809,-4.000000,2.000000
18810,-1.713557,-0.535628
18811,-2.572099,-0.722521
18812,-2.859464,-0.147791
18813,-3.490208,1.246980
18814,-1.370469,-1.000000
18815,-2.859464,-0.147791
18816,-2.641828,1.320914
18817,-2.383160,1.191580
18818,-3.246980,1.623490
18819,-2.885719,0.900969
18820,-3.824265,1.781812
18821,-3.397582,1.449729
18822,-2.859464,-0.147791
18823,-3.656250,1.579063
18824,-3.824265,1.781812
18825,-3.656250,1.579063
18826,-1.933731,0.900969
18827,-3.563623,1.781812
18828,-3.158125,1.579063
18829,-1.607199,0.123490
18830,-3.652478,1.826239
18831,-2.711958,1.074730
18832,-1.492359,1.781812
18833,-3.324167,1.911146
18834,-2.885719,0.900969
18835,-1.773241,0.455573
18836,-2.892753,0.440071
18837,-3.490208,1.246980
18838,-2.394628,0.440071
18839,-3.911146,1.955573
18840,-3.911146,1.955573
18841,-3.326140,1.781812
18842,-1.229497,0.266948
18843,-0.354198,-0.658322
18844,-3.824265,1.781812
18845,-1.794458,-1.889800
18846,-2.635719,0.400969
18847,-3.074730,0.149460
18848,-2.670453,0.603718
18849,-2.635719,0.400969
18850,-3.326140,1.781812
18851,-3.824265,1.781812
18852,-3.462508,1.191580
18853,-3.658223,1.449729
18854,-3.824265,1.781812
18855,-1.703282,0.440071
18856,-3.658223,1.449729
18857,-3.268248,1.579063
18858,-2.670453,0.603718
18859,-3.911146,1.955573
18860,-3.281713,1.826239
18861,-1.914041,-0.134659
18862,-2.149460,1.074730
18863,-3.095692,1.320914
18864,-3.434289,1.911146
18865,-2.964384,1.191580
18866,-3.194833,1.652478
18867,-3.866718,2.000000
18868,-3.866718,2.000000
18869,-2.311457,-0.722521
18870,-1.303596,-1.488831
18871,-0.305503,-0.367711
18872,-0.600619,0.222521
18873,-3.051264,1.365341
18874,-3.326140,1.781812
18875,-0.417598,-0.367711
18876,1.470724,-0.074730
18877,1.515169,0.603718
18878,-1.466104,0.733052
18879,-3.824265,1.781812
18880,-3.824265,1.781812
18881,-3.563623,1.781812
18882,-2.337712,0.326239
18883,-2.563163,1.030303
18884,-2.742943,1.911146
18885,-1.445133,0.698220
18886,-3.268248,1.579063
18887,-2.892753,0.440071
18888,-2.873202,0.400969
18889,-2.669008,0.988831
18890,-3.694931,1.911146
18891,-3.102206,1.246980
18892,-2.110972,-1.123490
18893,-2.598822,-0.147791
18894,-1.594507,0.222521
18895,-1.683887,-1.977662
18896,-1.801938,0.900969
18897,-3.194833,1.652478
18898,-2.015156,0.455573
18899,-1.279149,1.191580
18900,-2.149460,1.074730
18901,-3.911146,1.955573
18902,-0.801938,0.400969
18903,-2.343556,-0.658322
18904,-2.874250,1.652478
18905,-3.563623,1.781812
18906,-2.431855,0.900969
18907,0.673761,1.652478
18908,-1.794458,-1.889800
18909,-1.813332,-0.722521
18910,-2.899457,1.449729
18911,-2.259209,0.777479
18912,-2.228125,1.365341
18913,-1.906779,-0.535628
18914,-3.822291,1.911146
18915,-2.899457,1.449729
18916,-1.933731,0.900969
18917,-3.065499,1.781812
18918,-3.563623,1.781812
18919,-3.911146,1.955573
18920,-3.324167,1.911146
18921,-0.735570,1.191580
18922,-3.397582,1.449729
18923,-3.478716,2.000000
18924,-2.334986,1.579063
18925,-1.965750,-1.801938
18926,-2.941449,0.149460
18927,-3.167133,0.988831
18928,-1.214222,1.449729
18929,-3.304955,1.652478
18930,-1.833963,0.093187
18931,-0.764573,0.326239
18932,-0.043581,-1.233052
18933,-2.899457,1.449729
18934,-1.462714,0.222521
18935,-2.810768,0.142820
18936,-3.911146,1.955573
18937,-2.060606,1.030303
18938,0.884738,-0.162592
18939,-2.311457,-0.722521
18940,-3.102206,1.246980
18941,-3.658223,1.449729
18942,-3.051264,1.365341
18943,-0.472729,-0.033258
18944,-3.095692,1.320914
18945,-3.658223,1.449729
18946,-2.826042,1.911146
18947,-2.242359,1.781812
18948,-3.650504,1.955573
18949,-3.232059,0.730682
18950,-1.934194,0.777479
18951,-2.859464,-0.147791
18952,-1.474108,-1.400969
18953,-3.484462,1.623490
18954,-1.945199,0.149460
18955,-2.242359,1.781812
18956,-2.711958,1.074730
18957,-3.658223,1.449729
18958,-3.650504,1.955573
18959,-2.011910,1.320914
18960,-3.822291,1.911146
18961,-0.938334,-0.826239
18962,-3.123202,0.900969
18963,-2.563163,1.030303
18964,-2.641828,1.320914
18965,-2.899457,1.449729
18966,-3.333174,1.320914
18967,-2.837543,1.579063
18968,-2.835050,1.320914
18969,-3.528889,1.579063
18970,-3.397582,1.449729
18971,-3.911146,1.955573
18972,-3.650504,1.955573
18973,-1.592048,0.093187
18974,-2.110972,-1.123490
18975,-2.844057,0.730682
18976,-1.624178,-1.488831
18977,-1.330319,-0.914101
18978,-1.906779,-0.535628
18979,-1.713557,-0.535628
18980,-2.015156,0.455573
18981,-2.394628,0.440071
18982,-2.964384,1.191580
18983,-0.098933,1.030303
18984,-2.367905,-0.134659
18985,-3.563623,1.781812
18986,-3.153395,0.440071
18987,-2.431855,0.900969
18988,-3.152379,1.955573
18989,0.325184,-0.162592
18990,-0.149926,-0.367711
18991,-2.311457,-0.722521
18992,-3.152379,1.955573
18993,-3.153395,0.440071
18994,-2.228125,1.365341
18995,-2.938128,0.142820
18996,-3.528889,1.579063
18997,-2.669008,0.988831
18998,-3.232059,0.730682
18999,-3.095692,1.320914
19000,-2.598822,-0.147791
19001,-3.281713,1.826239
19002,-3.102206,1.246980
19003,-1.601453,0.500000
19004,-3.650504,1.955573
19005,-2.605388,-0.134659
19006,0.382628,-0.277479
19007,-0.801938,0.400969
19008,-2.885719,0.900969
19009,-1.978621,0.733052
19010,1.115691,-0.955573
19011,-1.558067,-1.233052
19012,-2.641828,1.320914
19013,-2.700489,1.826239
19014,-3.563623,1.781812
19015,-1.760035,1.320914
19016,-2.700489,1.826239
19017,-3.658223,1.449729
19018,-3.324167,1.911146
19019,-3.652478,1.826239
19020,-2.334986,1.579063
19021,-3.652478,1.826239
19022,-2.461033,1.955573
19023,-2.641828,1.320914
19024,-3.167133,0.988831
19025,-3.563623,1.781812
19026,-2.730682,1.365341
19027,-2.873202,0.400969
19028,-3.484462,1.623490
19029,-3.911146,1.955573
19030,-1.978621,0.733052
19031,-3.826239,1.652478
19032,-3.158125,1.579063
19033,-3.215828,0.698220
19034,-3.652478,1.826239
19035,-3.822291,1.911146
19036,-1.601453,0.500000
19037,-2.100697,-0.147791
19038,-0.388818,-0.425270
19039,-2.885719,0.900969
19040,-3.158125,1.579063
19041,-3.563623,1.781812
19042,-3.824265,1.781812
19043,-3.650504,1.955573
19044,-2.461033,1.955573
19045,-3.650504,1.955573
19046,-2.349870,0.603718
19047,-3.824265,1.781812
19048,-3.911146,1.955573
19049,-3.152379,1.955573
19050,-2.941449,0.149460
19051,-3.215828,0.698220
19052,-1.554958,0.777479
19053,-1.864156,-0.367711
19054,-2.155959,-0.425270
19055,-1.154522,0.988831
19056,-1.550062,0.900969
19057,-2.294861,-0.367711
19058,-1.858780,0.142820
19059,-1.568917,-1.211352
19060,-2.730682,1.365341
19061,-3.335148,1.191580
19062,-3.246980,1.623490
19063,-1.022292,-0.658322
19064,-3.215828,0.698220
19065,-1.773241,0.455573
19066,-2.641828,1.320914
19067,-3.095692,1.320914
19068,0.102598,0.123490
19069,-2.256195,-0.445042
19070,-1.811776,-1.721883
19071,-1.601453,0.500000
19072,-3.911146,1.955573
19073,-4.000000,2.000000
19074,-1.773241,0.455573
19075,-2.859464,-0.147791
19076,-2.367905,-0.134659
19077,-3.427775,0.988831
19078,-3.246980,1.623490
19079,-3.246980,1.623490
19080,-3.088468,0.698220
19081,-2.431855,0.900969
19082,-2.518736,1.074730
19083,-3.095692,1.320914
19084,-2.641828,1.320914
19085,-2.899457,1.449729
19086,-0.366526,-1.466104
19087,-3.692957,1.652478
19088,-3.694931,1.911146
19089,-2.518736,1.074730
19090,-1.634892,-0.826239
19091,-2.526723,-0.425270
19092,-3.268248,1.579063
19093,-2.563163,1.030303
19094,-0.866720,-1.233052
19095,-0.881639,-1.977662
19096,-0.490512,-1.721883
19097,-3.911146,1.955573
19098,-1.933731,0.900969
19099,-3.215828,0.698220
19100,-4.000000,2.000000
19101,-1.349578,0.500000
19102,-2.461033,1.955573
19103,-2.780575,0.603718
19104,-2.717704,0.698220
19105,-2.873202,0.400969
19106,-2.654083,-0.425270
19107,-3.304955,1.652478
19108,-3.826239,1.652478
19109,-3.335148,1.191580
19110,-3.658223,1.449729
19111,-2.181855,0.400969
19112,-3.304955,1.652478
19113,-0.810020,1.191580
19114,-3.304955,1.652478
19115,-3.824265,1.781812
19116,-2.430339,0.123490
19117,-3.397582,1.449729
19118,-3.658223,1.449729
19119,-1.733246,0.500000
19120,-3.365341,0.730682
19121,-2.261572,-0.955573
19122,-3.095692,1.320914
19123,-3.484462,1.623490
19124,-3.158125,1.579063
19125,-3.152379,1.955573
19126,-2.311457,-0.722521
19127,-2.883745,1.030303
19128,0.092933,0.142820
19129,-3.484462,1.623490
19130,-2.742943,1.911146
19131,-0.983709,-1.123490
19132,-3.658223,1.449729
19133,-3.650504,1.955573
19134,-1.824442,1.449729
19135,-3.779838,1.826239
19136,-3.694931,1.911146
19137,-1.300576,-0.365341
19138,-1.858780,0.142820
19139,0.156904,-1.634021
19140,-1.231001,-1.634021
19141,-1.551584,-1.634021
19142,-1.926590,-0.109562
19143,-3.065499,1.781812
19144,-3.955573,1.911146
19145,-1.978621,0.733052
19146,-3.528889,1.579063
19147,-2.696708,1.652478
19148,-3.692957,1.652478
19149,-3.563623,1.781812
19150,-2.964384,1.191580
19151,-3.088468,0.698220
19152,-3.427775,0.988831
19153,-3.779838,1.826239
19154,-2.870469,2.000000
19155,-3.563623,1.781812
19156,-3.824265,1.781812
19157,0.166876,-0.109562
19158,-3.692957,1.652478
19159,-3.152379,1.955573
19160,-3.281713,1.826239
19161,-3.694931,1.911146
19162,-2.670453,0.603718
19163,-2.563163,1.030303
19164,-2.644197,-0.445042
19165,-3.434289,1.911146
19166,-2.184738,-0.367711
19167,-2.598822,-0.147791
19168,-3.824265,1.781812
19169,-2.835050,1.320914
19170,-1.442336,-1.211352
19171,-1.344281,-0.535628
19172,-1.944528,-1.977662
19173,-1.225625,-1.123490
19174,-0.366526,-1.466104
19175,-1.727818,-1.889800
19176,-1.636943,1.074730
19177,-1.845869,0.988831
19178,-3.333174,1.320914
19179,-3.563623,1.781812
19180,-2.431855,0.900969
19181,-0.538346,-1.889800
19182,0.727963,-0.623490
19183,-2.109756,0.123490
19184,-2.837543,1.579063
19185,-3.051264,1.365341
19186,-2.742943,1.911146
19187,-2.011169,-1.977662
19188,-3.161387,1.365341
19189,-3.652478,1.826239
19190,-3.333174,1.320914
19191,-2.311457,-0.722521
19192,-3.215828,0.698220
19193,-2.337712,0.326239
19194,-3.822291,1.911146
19195,-3.911146,1.955573
19196,-3.158125,1.579063
19197,-3.304955,1.652478
19198,-3.365341,0.730682
19199,-3.826239,1.652478
19200,-2.899457,1.449729
19201,-1.607199,0.123490
19202,-2.730682,1.365341
19203,-2.119812,-0.109562
19204,-3.826239,1.652478
19205,-3.335148,1.191580
19206,-3.484462,1.623490
19207,-2.100697,-0.147791
19208,-1.396440,0.698220
19209,-2.394628,0.440071
19210,-3.484462,1.623490
19211,-2.899457,1.449729
19212,-2.717704,0.698220
19213,-2.730682,1.365341
19214,-3.824265,1.781812
19215,-2.700489,1.826239
19216,-2.873202,0.400969
19217,-2.810768,0.142820
19218,-3.650504,1.955573
19219,-3.826239,1.652478
19220,-2.810768,0.142820
19221,-2.873202,0.400969
19222,-1.811776,-1.721883
19223,-3.484462,1.623490
19224,-2.605388,-0.134659
19225,-1.933731,0.900969
19226,-3.484462,1.623490
19227,-3.397582,1.449729
19228,-3.822291,1.911146
19229,-1.462714,0.222521
19230,-2.294861,-0.367711
19231,-3.652478,1.826239
19232,-3.324167,1.911146
19233,-0.362971,-1.466104
19234,-2.106074,-0.658322
19235,-1.944528,-1.977662
19236,-2.572099,-0.722521
19237,-2.366718,-1.000000
19238,-1.475625,-0.623490
19239,-3.484462,1.623490
19240,-2.872277,1.781812
19241,-2.119812,-0.109562
19242,-2.892753,0.440071
19243,-2.793116,1.623490
19244,-3.824265,1.781812
19245,-3.650504,1.955573
19246,-3.304955,1.652478
19247,-2.780575,0.603718
19248,-2.899457,1.449729
19249,-3.484462,1.623490
19250,-3.650504,1.955573
19251,-1.127350,1.826239
19252,-1.926590,-0.109562
19253,-2.706235,1.449729
19254,-3.563623,1.781812
19255,-3.866718,2.000000
19256,-2.837543,1.579063
19257,-3.694931,1.911146
19258,-3.911146,1.955573
19259,-3.658223,1.449729
19260,-3.333174,1.320914
19261,-3.397582,1.449729
19262,-3.333174,1.320914
19263,-2.367905,-0.134659
19264,-1.933731,0.900969
19265,-1.323809,0.455573
19266,-2.644197,-0.445042
19267,-2.526723,-0.425270
19268,-2.859464,-0.147791
19269,-2.518736,1.074730
19270,-2.106074,-0.658322
19271,-3.528889,1.579063
19272,-1.933731,0.900969
19273,-1.824442,1.449729
19274,-2.119812,-0.109562
19275,-1.442336,-1.211352
19276,-3.304955,1.652478
19277,-2.461033,1.955573
19278,-2.711958,1.074730
19279,-3.656250,1.579063
19280,-3.158125,1.579063
19281,-3.563623,1.781812
19282,-3.167133,0.988831
19283,-3.152379,1.955573
19284,-3.824265,1.781812
19285,-3.326140,1.781812
19286,-1.409351,-0.147791
19287,-0.834695,-0.425270
19288,-1.607199,0.123490
19289,-2.367905,-0.134659
19290,-3.462508,1.191580
19291,-2.461033,1.955573
19292,-3.333174,1.320914
19293,-2.899457,1.449729
19294,-3.779838,1.826239
19295,-1.890808,-0.955573
19296,-1.794458,-1.889800
19297,-3.065499,1.781812
19298,-3.656250,1.579063
19299,-2.892753,0.440071
19300,-3.158125,1.579063
19301,-3.563623,1.781812
19302,-2.430339,0.123490
19303,-3.158125,1.579063
19304,-3.335148,1.191580
19305,0.554958,-0.277479
19306,-2.541119,0.733052
19307,-2.461033,1.955573
19308,0.654534,-0.033258
19309,-1.171501,-0.623490
19310,-2.526723,-0.425270
19311,-3.194833,1.652478
19312,-2.553446,0.149460
19313,-2.518736,1.074730
19314,-3.051264,1.365341
19315,-0.643478,-0.033258
19316,-1.873490,-1.123490
19317,-2.011169,-1.977662
19318,-2.885719,0.900969
19319,-2.466259,1.191580
19320,-0.576416,-0.658322
19321,-2.572099,-0.722521
19322,-0.146901,-0.134659
19323,-3.153395,0.440071
19324,-2.011910,1.320914
19325,-3.694931,1.911146
19326,-0.967322,0.123490
19327,-0.298846,-0.722521
19328,-1.309583,-0.955573
19329,-1.873040,-1.211352
19330,-1.236955,-1.488831
19331,-2.835050,1.320914
19332,-3.484462,1.623490
19333,-2.635719,0.400969
19334,-3.333174,1.320914
19335,-3.326140,1.781812
19336,-2.461033,1.955573
19337,-2.793116,1.623490
19338,-2.964384,1.191580
19339,-3.658223,1.449729
19340,-2.938128,0.142820
19341,-1.375695,-1.211352
19342,-1.361599,-0.367711
19343,-3.694931,1.911146
19344,-3.194833,1.652478
19345,-1.847313,0.603718
19346,-1.027479,-0.277479
19347,-0.207561,-0.033258
19348,-2.349870,0.603718
19349,-3.246980,1.623490
19350,-2.635719,0.400969
19351,-3.158125,1.579063
19352,-3.658223,1.449729
19353,-3.490208,1.246980
19354,-2.635719,0.400969
19355,-2.711958,1.074730
19356,-1.636943,1.074730
19357,-3.822291,1.911146
19358,-3.478716,2.000000
19359,-2.347897,0.733052
19360,-3.153395,0.440071
19361,-3.658223,1.449729
19362,-3.490208,1.246980
19363,-2.826042,1.911146
19364,-2.144490,0.326239
19365,0.730682,-0.365341
19366,-3.528889,1.579063
19367,-2.051596,1.911146
19368,-1.413198,1.623490
19369,-3.563623,1.781812
19370,-2.374152,1.781812
19371,-1.558725,-0.623490
19372,-3.333174,1.320914
19373,0.440819,0.988831
19374,-3.658223,1.449729
19375,-3.152379,1.955573
19376,-2.993868,1.030303
19377,-2.336959,1.449729
19378,-3.779838,1.826239
19379,-2.316833,-1.233052
19380,-1.624178,-1.488831
19381,-1.120429,-1.721883
19382,-1.775215,0.326239
19383,-3.484462,1.623490
19384,-3.866718,2.000000
19385,-2.938128,0.142820
19386,-3.246980,1.623490
19387,-2.899457,1.449729
19388,-2.859464,-0.147791
19389,-2.337712,0.326239
19390,-3.281713,1.826239
19391,-1.933731,0.900969
19392,-3.623490,1.246980
19393,-1.719513,1.246980
19394,-3.153395,0.440071
19395,-3.563623,1.781812
19396,-2.367905,-0.134659
19397,-0.408062,-0.162592
19398,-0.600619,0.222521
19399,-1.475625,-0.623490
19400,-1.262697,0.326239
19401,-3.911146,1.955573
19402,-2.873202,0.400969
19403,-3.153395,0.440071
19404,-2.874250,1.652478
19405,-3.652478,1.826239
19406,-3.563623,1.781812
19407,-3.652478,1.826239
19408,-1.442336,-1.211352
19409,-3.652478,1.826239
19410,-3.822291,1.911146
19411,-3.153395,0.440071
19412,-2.885719,0.900969
19413,-3.158125,1.579063
19414,-3.656250,1.579063
19415,-3.158125,1.579063
19416,-3.304955,1.652478
19417,-2.826042,1.911146
19418,-0.285935,0.123490
19419,-3.246980,1.623490
19420,-3.161387,1.365341
19421,-3.563623,1.781812
19422,-2.605388,-0.134659
19423,-3.215828,0.698220
19424,-1.928302,-1.488831
19425,-3.397582,1.449729
19426,-4.000000,2.000000
19427,-2.883745,1.030303
19428,-0.735570,1.191580
19429,-2.872277,1.781812
19430,-2.541119,0.733052
19431,-2.337712,0.326239
19432,-3.335148,1.191580
19433,-2.176109,0.777479
19434,-2.166234,-1.400969
19435,-2.635719,0.400969
19436,-2.844057,0.730682
19437,-3.123202,0.900969
19438,-2.176109,0.777479
19439,-2.883745,1.030303
19440,0.781922,0.603718
19441,-0.520157,-0.162592
19442,-2.993868,1.030303
19443,-3.246980,1.623490
19444,-3.658223,1.449729
19445,-3.333174,1.320914
19446,-2.576901,1.579063
19447,-3.692957,1.652478
19448,-3.462508,1.191580
19449,-2.696708,1.652478
19450,-3.095692,1.320914
19451,-2.641828,1.320914
19452,-2.993868,1.030303
19453,-3.955573,1.911146
19454,-2.670453,0.603718
19455,-2.641828,1.320914
19456,-2.410859,1.246980
19457,-3.911146,1.955573
19458,-3.824265,1.781812
19459,-3.051264,1.365341
19460,-1.551938,0.400969
19461,-2.964384,1.191580
19462,-2.993868,1.030303
19463,-2.742943,1.911146
19464,-1.323809,0.455573
19465,0.304958,0.222521
19466,0.150276,0.142820
19467,-2.826042,1.911146
19468,-2.272552,1.320914
19469,-0.434577,-0.109562
19470,-0.607038,-1.488831
19471,-0.447472,-0.425270
19472,-2.144490,0.326239
19473,-1.275116,0.455573
19474,-1.198511,1.030303
19475,-2.060606,1.030303
19476,-2.641828,1.320914
19477,-3.304955,1.652478
19478,-3.911146,1.955573
19479,-3.484462,1.623490
19480,-3.650504,1.955573
19481,-3.167133,0.988831
19482,-1.703282,0.440071
19483,-3.333174,1.320914
19484,-3.123202,0.900969
19485,-3.095692,1.320914
19486,-1.133363,0.455573
19487,-2.343556,-0.658322
19488,-2.060606,1.030303
19489,-2.873202,0.400969
19490,-2.859464,-0.147791
19491,-2.892753,0.440071
19492,-1.934194,0.777479
19493,-3.911146,1.955573
19494,-3.427775,0.988831
19495,-3.528889,1.579063
19496,-2.670453,0.603718
19497,-3.051264,1.365341
19498,-1.681370,1.030303
19499,-1.928302,-1.488831
19500,-1.914041,-0.134659
19501,-3.563623,1.781812
19502,-2.874250,1.652478
19503,-3.650504,1.955573
19504,-3.652478,1.826239
19505,-3.335148,1.191580
19506,-3.822291,1.911146
19507,-3.335148,1.191580
19508,-2.706235,1.449729
19509,-3.065499,1.781812
19510,-3.652478,1.826239
19511,-3.158125,1.579063
19512,-3.123202,0.900969
19513,-3.268248,1.579063
19514,-3.658223,1.449729
19515,-1.775215,0.326239
19516,-2.670453,0.603718
19517,-2.837543,1.579063
19518,-2.100697,-0.147791
19519,-3.051264,1.365341
19520,-2.144490,0.326239
19521,-2.144490,0.326239
19522,-0.472729,-0.033258
19523,-3.194833,1.652478
19524,-3.528889,1.579063
19525,-3.623490,1.246980
19526,-3.281713,1.826239
19527,-2.119812,-0.109562
19528,-1.574293,-1.721883
19529,-2.184738,-0.367711
19530,-1.794458,-1.889800
19531,-2.964384,1.191580
19532,-2.163198,1.623490
19533,-3.694931,1.911146
19534,-3.528889,1.579063
19535,-2.872277,1.781812
19536,-3.434289,1.911146
19537,-1.813332,-0.722521
19538,-1.072099,0.777479
19539,-3.563623,1.781812
19540,-3.563623,1.781812
19541,-0.259807,0.222521
19542,-3.246980,1.623490
19543,-3.232059,0.730682
19544,-3.102206,1.246980
19545,-2.119812,-0.109562
19546,-1.229693,-1.889800
19547,-1.072099,0.777479
19548,-2.899457,1.449729
19549,-2.015156,0.455573
19550,-3.528889,1.579063
19551,-2.149460,1.074730
19552,-2.116349,-1.634021
19553,-0.700307,0.733052
19554,-3.824265,1.781812
19555,-3.692957,1.652478
19556,-1.824442,1.449729
19557,-1.960449,1.826239
19558,-2.431855,0.900969
19559,-0.350619,-0.277479
19560,-0.879043,-1.466104
19561,-1.558067,-1.233052
19562,-1.574293,-1.721883
19563,-1.801938,0.900969
19564,-2.641828,1.320914
19565,-2.730682,1.365341
19566,-2.883745,1.030303
19567,-2.430339,0.123490
19568,-0.607038,-1.488831
19569,-1.314088,-0.074730
19570,-3.866718,2.000000
19571,-1.592048,0.093187
19572,-2.964384,1.191580
19573,-2.899457,1.449729
19574,-2.837543,1.579063
19575,-1.926590,-0.109562
19576,-3.268248,1.579063
19577,-0.821489,0.440071
19578,-3.658223,1.449729
19579,-2.242359,1.781812
19580,-0.167082,0.054604
19581,-1.592048,0.093187
19582,-3.152379,1.955573
19583,-3.102206,1.246980
19584,-2.742943,1.911146
19585,-2.635719,0.400969
19586,-3.397582,1.449729
19587,-2.576901,1.579063
19588,-2.993868,1.030303
19589,-2.553446,0.149460
19590,-0.299901,-1.211352
19591,-0.266837,-0.445042
19592,-0.445042,0.222521
19593,-0.113232,0.326239
19594,-3.123202,0.900969
19595,-3.826239,1.652478
19596,-3.652478,1.826239
19597,-3.911146,1.955573
19598,-3.167133,0.988831
19599,-3.324167,1.911146
19600,-3.167133,0.988831
19601,-3.158125,1.579063
19602,-3.167133,0.988831
19603,-0.382320,0.988831
19604,-3.824265,1.781812
19605,-3.158125,1.579063
19606,-2.899457,1.449729
19607,-3.484462,1.623490
19608,-2.793116,1.623490
19609,-0.260824,0.093187
19610,-0.140335,-0.147791
19611,-2.100697,-0.147791
19612,-3.779838,1.826239
19613,-0.643478,-0.033258
19614,-1.284124,-0.134659
19615,-3.246980,1.623490
19616,-3.462508,1.191580
19617,-2.316833,-1.233052
19618,-1.149815,1.320914
19619,-3.658223,1.449729
19620,-2.730682,1.365341
19621,-1.922262,1.652478
19622,-1.773241,0.455573
19623,-1.214222,1.449729
19624,-3.246980,1.623490
19625,-2.885719,0.900969
19626,-1.648630,-0.277479
19627,-3.434289,1.911146
19628,-3.528889,1.579063
19629,-3.246980,1.623490
19630,-1.637893,1.955573
19631,-1.121986,-0.722521
19632,-2.440004,0.142820
19633,0.140244,0.123490
19634,-1.284124,-0.134659
19635,-2.337712,0.326239
19636,-2.844057,0.730682
19637,-1.690819,-1.488831
19638,-3.095692,1.320914
19639,-0.011858,0.123490
19640,-2.883745,1.030303
19641,-2.635719,0.400969
19642,-2.859464,-0.147791
19643,-2.717704,0.698220
19644,-2.635719,0.400969
19645,-1.864156,-0.367711
19646,-2.635719,0.400969
19647,-3.365341,0.730682
19648,-3.563623,1.781812
19649,-4.000000,2.000000
19650,-3.652478,1.826239
19651,-2.717704,0.698220
19652,-3.095692,1.320914
19653,-3.333174,1.320914
19654,-2.526723,-0.425270
19655,-2.311457,-0.722521
19656,-1.592048,0.093187
19657,-3.281713,1.826239
19658,-3.563623,1.781812
19659,-3.692957,1.652478
19660,-3.658223,1.449729
19661,-3.326140,1.781812
19662,-3.824265,1.781812
19663,-2.572099,-0.722521
19664,-1.855707,-1.634021
19665,-2.343556,-0.658322
19666,-2.654083,-0.425270
19667,-2.835050,1.320914
19668,-2.844057,0.730682
19669,0.155395,0.093187
19670,-1.475625,-0.623490
19671,-3.692957,1.652478
19672,-2.518736,1.074730
19673,-0.212537,0.054604
19674,-3.911146,1.955573
19675,-3.333174,1.320914
19676,-3.822291,1.911146
19677,-3.065499,1.781812
19678,-1.344281,-0.535628
19679,-1.550062,0.900969
19680,-3.911146,1.955573
19681,-2.670453,0.603718
19682,-3.088468,0.698220
19683,-3.246980,1.623490
19684,-3.281713,1.826239
19685,-3.911146,1.955573
19686,-2.343556,-0.658322
19687,-3.397582,1.449729
19688,-1.120429,-1.721883
19689,-1.960449,1.826239
19690,-2.670453,0.603718
19691,-3.268248,1.579063
19692,-1.934194,0.777479
19693,-2.181855,0.400969
19694,-3.102206,1.246980
19695,-2.343556,-0.658322
19696,-3.088468,0.698220
19697,-2.100697,-0.147791
19698,-3.246980,1.623490
19699,-3.911146,1.955573
19700,-1.072099,0.777479
19701,-2.208111,1.449729
19702,-3.824265,1.781812
19703,-0.584824,-0.033258
19704,-1.244415,0.988831
19705,-2.316833,-1.233052
19706,-0.860591,0.400969
19707,-2.100697,-0.147791
19708,-1.466104,0.733052
19709,-2.518736,1.074730
19710,-3.158125,1.579063
19711,-2.349870,0.603718
19712,-3.822291,1.911146
19713,-3.656250,1.579063
19714,-3.304955,1.652478
19715,-2.144490,0.326239
19716,-1.524320,-0.914101
19717,-1.474108,-1.400969
19718,-2.605388,-0.134659
19719,-1.890808,-0.955573
19720,-3.824265,1.781812
19721,-2.670453,0.603718
19722,-3.528889,1.579063
19723,-0.821489,0.440071
19724,-2.576901,1.579063
19725,-1.303596,-1.488831
19726,-1.926590,-0.109562
19727,-1.154522,0.988831
19728,-3.911146,1.955573
19729,-1.762008,1.191580
19730,-1.836861,1.579063
19731,-2.155959,-0.425270
19732,-1.551938,0.400969
19733,-3.304955,1.652478
19734,-3.152379,1.955573
19735,-3.304955,1.652478
19736,-3.650504,1.955573
19737,-3.824265,1.781812
19738,-2.430339,0.123490
19739,-3.911146,1.955573
19740,-2.367905,-0.134659
19741,-2.116349,-1.634021
19742,-1.906779,-0.535628
19743,-2.430339,0.123490
19744,-1.022292,-0.658322
19745,-2.272552,1.320914
19746,-1.198511,1.030303
19747,-3.822291,1.911146
19748,-3.161387,1.365341
19749,-1.801938,0.900969
19750,-2.163198,1.623490
19751,-1.977662,0.988831
19752,-1.207436,0.603718
19753,-1.945199,0.149460
19754,-3.478716,2.000000
19755,-2.242359,1.781812
19756,-3.397582,1.449729
19757,-2.060606,1.030303
19758,-2.106074,-0.658322
19759,-1.419626,-1.123490
19760,-3.153395,0.440071
19761,-2.155959,-0.425270
19762,-2.038874,-1.400969
19763,-1.690819,-1.488831
19764,-2.873202,0.400969
19765,-3.153395,0.440071
19766,-1.524320,-0.914101
19767,-2.605388,-0.134659
19768,-1.370469,-1.000000
19769,-2.119812,-0.109562
19770,-3.652478,1.826239
19771,-2.700489,1.826239
19772,-0.298920,0.149460
19773,0.188627,-0.277479
19774,-3.167133,0.988831
19775,-2.336959,1.449729
19776,-3.652478,1.826239
19777,1.032745,-1.233052
19778,-2.144490,0.326239
19779,-3.528889,1.579063
19780,-2.711958,1.074730
19781,-2.011910,1.320914
19782,-3.088468,0.698220
19783,-2.141244,1.191580
19784,-3.692957,1.652478
19785,-3.397582,1.449729
19786,-0.198062,0.099031
19787,-3.088468,0.698220
19788,-2.899457,1.449729
19789,-0.823226,0.326239
19790,-3.563623,1.781812
19791,-2.343556,-0.658322
19792,-1.180804,0.266948
19793,-2.116349,-1.634021
19794,-1.988459,-1.889800
19795,-1.731730,-0.277479
19796,-2.883745,1.030303
19797,-3.365341,0.730682
19798,-2.810768,0.142820
19799,-3.333174,1.320914
19800,-3.365341,0.730682
19801,-2.374152,1.781812
19802,-3.822291,1.911146
19803,-3.563623,1.781812
19804,-3.650504,1.955573
19805,-2.336959,1.449729
19806,-3.563623,1.781812
19807,-1.406715,-0.277479
19808,-3.397582,1.449729
19809,-2.349870,0.603718
19810,-3.652478,1.826239
19811,-3.824265,1.781812
19812,-3.650504,1.955573
19813,-0.974766,1.579063
19814,-1.574293,-1.721883
19815,-3.158125,1.579063
19816,-2.349870,0.603718
19817,-3.563623,1.781812
19818,-2.635719,0.400969
19819,-2.654083,-0.425270
19820,-2.883745,1.030303
19821,-3.065499,1.781812
19822,-3.158125,1.579063
19823,-2.163198,1.623490
19824,-1.878417,-1.721883
19825,-2.337712,0.326239
19826,-2.334986,1.579063
19827,-2.385621,1.030303
19828,-3.658223,1.449729
19829,-3.215828,0.698220
19830,-3.246980,1.623490
19831,-3.095692,1.320914
19832,-3.065499,1.781812
19833,-3.652478,1.826239
19834,-3.153395,0.440071
19835,-2.844057,0.730682
19836,-2.110972,-1.123490
19837,-3.692957,1.652478
19838,-3.528889,1.579063
19839,-0.237965,1.579063
19840,-3.528889,1.579063
19841,-2.553446,0.149460
19842,-3.152379,1.955573
19843,-3.528889,1.579063
19844,-1.330319,-0.914101
19845,-3.694931,1.911146
19846,-2.696708,1.652478
19847,-2.742943,1.911146
19848,-2.644197,-0.445042
19849,-3.333174,1.320914
19850,-3.528889,1.579063
19851,-3.911146,1.955573
19852,-3.434289,1.911146
19853,-3.911146,1.955573
19854,-3.824265,1.781812
19855,-1.845869,0.988831
19856,-2.461033,1.955573
19857,-3.397582,1.449729
19858,-2.837543,1.579063
19859,-3.074730,0.149460
19860,-3.658223,1.449729
19861,-1.550062,0.900969
19862,-3.333174,1.320914
19863,-3.333174,1.320914
19864,-1.733246,0.500000
19865,-3.658223,1.449729
19866,-3.694931,1.911146
19867,-3.692957,1.652478
19868,-1.960449,1.826239
19869,-3.281713,1.826239
19870,-3.123202,0.900969
19871,-1.384971,1.449729
19872,-3.462508,1.191580
19873,-1.445881,-0.074730
19874,-3.528889,1.579063
19875,-3.563623,1.781812
19876,-1.394005,0.455573
19877,-3.246980,1.623490
19878,-3.167133,0.988831
19879,-3.563623,1.781812
19880,-2.184738,-0.367711
19881,-3.955573,1.911146
19882,-2.641828,1.320914
19883,-3.333174,1.320914
19884,-1.845869,0.988831
19885,-1.934194,0.777479
19886,-3.623490,1.246980
19887,-2.641828,1.320914
19888,-3.528889,1.579063
19889,-3.911146,1.955573
19890,-3.065499,1.781812
19891,-3.246980,1.623490
19892,-2.431855,0.900969
19893,-2.466259,1.191580
19894,-2.374152,1.781812
19895,-2.837543,1.579063
19896,-2.576901,1.579063
19897,-2.899457,1.449729
19898,-2.742943,1.911146
19899,-1.594507,0.222521
19900,-3.088468,0.698220
19901,-1.086885,-1.400969
19902,-1.168783,-0.365341
19903,-1.762008,1.191580
19904,-0.824281,-0.162592
19905,-1.801938,0.900969
19906,-1.977662,0.988831
19907,-2.336959,1.449729
19908,-3.397582,1.449729
19909,-3.158125,1.579063
19910,-1.933731,0.900969
19911,-3.911146,1.955573
19912,-3.335148,1.191580
19913,-2.810768,0.142820
19914,-2.717704,0.698220
19915,-3.095692,1.320914
19916,-3.335148,1.191580
19917,-2.777479,-0.445042
19918,-1.062213,-0.074730
19919,-3.161387,1.365341
19920,-2.700489,1.826239
19921,-3.326140,1.781812
19922,-0.911146,0.455573
19923,-1.344281,-0.535628
19924,-1.690819,-1.488831
19925,-1.086885,-1.400969
19926,-0.226309,-0.914101
19927,-2.777479,-0.445042
19928,-3.822291,1.911146
19929,-3.065499,1.781812
19930,-3.335148,1.191580
19931,-1.636943,1.074730
19932,-3.161387,1.365341
19933,-3.158125,1.579063
19934,-2.493959,1.246980
19935,-1.306849,1.246980
19936,-3.658223,1.449729
19937,-2.873202,0.400969
19938,-0.709622,0.099031
19939,-2.266948,-1.466104
19940,-2.337712,0.326239
19941,-3.397582,1.449729
19942,-2.060606,1.030303
19943,-2.700489,1.826239
19944,-3.158125,1.579063
19945,-2.654083,-0.425270
19946,-3.911146,1.955573
19947,-2.899457,1.449729
19948,-3.490208,1.246980
19949,-3.333174,1.320914
19950,-3.065499,1.781812
19951,-1.643120,1.191580
19952,-3.528889,1.579063
19953,-0.553817,0.440071
19954,-1.977662,0.988831
19955,-3.246980,1.623490
19956,-3.658223,1.449729
19957,-1.551584,-1.634021
19958,-1.420728,1.030303
19959,-3.528889,1.579063
19960,-3.824265,1.781812
19961,-1.647948,-0.445042
19962,-2.572099,-0.722521
19963,-3.528889,1.579063
19964,-3.528889,1.579063
19965,-1.637893,1.955573
19966,-2.835050,1.320914
19967,-3.281713,1.826239
19968,-3.167133,0.988831
19969,-2.835050,1.320914
19970,-3.246980,1.623490
19971,-2.526723,-0.425270
19972,-1.928302,-1.488831
19973,-1.771749,-1.801938
19974,-2.598822,-0.147791
19975,-1.836861,1.579063
19976,-3.652478,1.826239
19977,-3.304955,1.652478
19978,-2.060606,1.030303
19979,-3.822291,1.911146
19980,-3.304955,1.652478
19981,-3.824265,1.781812
19982,-3.652478,1.826239
19983,-1.406715,-0.277479
19984,-1.878417,-1.721883
19985,-1.171501,-0.623490
19986,-2.155959,-0.425270
19987,-3.167133,0.988831
19988,-2.899457,1.449729
19989,-3.822291,1.911146
19990,-3.333174,1.320914
19991,-4.000000,2.000000
19992,-3.490208,1.246980
19993,-3.215828,0.698220
19994,-3.911146,1.955573
19995,-3.563623,1.781812
19996,-3.490208,1.246980
19997,-3.822291,1.911146
19998,-3.304955,1.652478
19999,-0.272214,-0.955573
20000,-0.383297,0.099031
20001,-3.692957,1.652478
20002,-2.302521,1.030303
20003,-3.333174,1.320914
20004,-2.136480,0.698220
20005,-2.228125,1.365341
20006,-2.394628,0.440071
20007,-2.706235,1.449729
20008,-0.472729,-0.033258
20009,-0.140335,-0.147791
20010,-3.694931,1.911146
20011,-3.095692,1.320914
20012,-3.246980,1.623490
20013,-1.648630,-0.277479
20014,-2.343556,-0.658322
20015,-1.703282,0.440071
20016,-3.528889,1.579063
20017,-2.431855,0.900969
20018,-2.964384,1.191580
20019,-2.184738,-0.367711
20020,-3.074730,0.149460
20021,-3.074730,0.149460
20022,-3.123202,0.900969
20023,-2.155959,-0.425270
20024,-3.397582,1.449729
20025,-3.563623,1.781812
20026,-3.652478,1.826239
20027,-1.466104,0.733052
20028,-3.563623,1.781812
20029,-3.656250,1.579063
20030,-2.669008,0.988831
20031,-2.873202,0.400969
20032,-3.161387,1.365341
20033,-2.541119,0.733052
20034,-3.478716,2.000000
20035,-2.367905,-0.134659
20036,-2.383160,1.191580
20037,-3.652478,1.826239
20038,-2.256195,-0.445042
20039,-3.650504,1.955573
20040,-2.334986,1.579063
20041,-2.883745,1.030303
20042,-3.822291,1.911146
20043,-2.641828,1.320914
20044,-3.650504,1.955573
20045,-2.383160,1.191580
20046,-2.700489,1.826239
20047,-3.365341,0.730682
20048,-2.060606,1.030303
20049,-3.563623,1.781812
20050,-3.095692,1.320914
20051,-2.181855,0.400969
20052,-3.650504,1.955573
20053,-3.822291,1.911146
20054,-2.874250,1.652478
20055,-3.826239,1.652478
20056,-3.397582,1.449729
20057,-2.176109,0.777479
20058,-3.650504,1.955573
20059,-2.717704,0.698220
20060,-1.588247,1.365341
20061,-1.207436,0.603718
20062,-3.652478,1.826239
20063,-3.822291,1.911146
20064,-3.158125,1.579063
20065,-3.152379,1.955573
20066,-3.304955,1.652478
20067,-3.167133,0.988831
20068,-0.824281,-0.162592
20069,-2.367905,-0.134659
20070,-2.336959,1.449729
20071,-1.634892,-0.826239
20072,-3.051264,1.365341
20073,-2.837543,1.579063
20074,-3.779838,1.826239
20075,-2.837543,1.579063
20076,-2.466259,1.191580
20077,-3.051264,1.365341
20078,-2.938128,0.142820
20079,-1.789708,1.246980
20080,-2.837543,1.579063
20081,-2.993868,1.030303
20082,-2.316833,-1.233052
20083,-3.623490,1.246980
20084,-3.563623,1.781812
20085,-1.349189,0.603718
20086,-2.742943,1.911146
20087,-3.194833,1.652478
20088,-3.088468,0.698220
20089,-2.110972,-1.123490
20090,-2.644197,-0.445042
20091,-3.694931,1.911146
20092,-3.232059,0.730682
20093,-2.410859,1.246980
20094,-3.911146,1.955573
20095,-2.641828,1.320914
20096,-2.272552,1.320914
20097,-2.133667,-1.466104
20098,-2.383160,1.191580
20099,-3.563623,1.781812
20100,-3.824265,1.781812
20101,-1.836861,1.579063
20102,-2.641828,1.320914
20103,-1.762008,1.191580
20104,-2.272552,1.320914
20105,-1.229497,0.266948
20106,-2.598822,-0.147791
20107,-3.246980,1.623490
20108,-3.158125,1.579063
20109,-2.872277,1.781812
20110,-2.810768,0.142820
20111,-3.824265,1.781812
20112,-2.706235,1.449729
20113,-2.873202,0.400969
20114,-1.121986,-0.722521
20115,-2.383160,1.191580
20116,-1.601453,0.500000
20117,-2.885719,0.900969
20118,-3.826239,1.652478
20119,-3.490208,1.246980
20120,-2.899457,1.449729
20121,-2.430339,0.123490
20122,-3.652478,1.826239
20123,-2.711958,1.074730
20124,-3.563623,1.781812
20125,-2.641828,1.320914
20126,-3.304955,1.652478
20127,-3.652478,1.826239
20128,-3.563623,1.781812
20129,-3.304955,1.652478
20130,-3.490208,1.246980
20131,-3.095692,1.320914
20132,-1.864156,-0.367711
20133,-0.873667,-0.955573
20134,-0.534124,-0.134659
20135,-3.152379,1.955573
20136,-2.837543,1.579063
20137,-3.563623,1.781812
20138,-2.563163,1.030303
20139,-3.824265,1.781812
20140,-3.779838,1.826239
20141,-3.658223,1.449729
20142,-3.528889,1.579063
20143,-3.462508,1.191580
20144,-2.119812,-0.109562
20145,-3.528889,1.579063
20146,-2.641828,1.320914
20147,-3.123202,0.900969
20148,0.001651,0.440071
20149,-2.461033,1.955573
20150,-2.993868,1.030303
20151,-3.824265,1.781812
20152,-1.849772,0.733052
20153,-3.824265,1.781812
20154,-3.167133,0.988831
20155,-3.434289,1.911146
20156,-3.866718,2.000000
20157,-3.167133,0.988831
20158,-3.065499,1.781812
20159,-2.793116,1.623490
20160,-3.866718,2.000000
20161,-2.337712,0.326239
20162,-2.696708,1.652478
20163,-3.911146,1.955573
20164,-3.167133,0.988831
20165,-3.779838,1.826239
20166,-3.911146,1.955573
20167,-2.885719,0.900969
20168,-3.824265,1.781812
20169,-1.361599,-0.367711
20170,-3.824265,1.781812
20171,-3.152379,1.955573
20172,-2.181855,0.400969
20173,-2.466259,1.191580
20174,-2.440004,0.142820
20175,-2.964384,1.191580
20176,-3.281713,1.826239
20177,-3.065499,1.781812
20178,-2.837543,1.579063
20179,-3.779838,1.826239
20180,-3.065499,1.781812
20181,-1.003761,1.579063
20182,-1.978716,-1.000000
20183,-3.246980,1.623490
20184,-2.670453,0.603718
20185,-3.528889,1.579063
20186,-2.835050,1.320914
20187,-2.641828,1.320914
20188,-1.845869,0.988831
20189,-2.184738,-0.367711
20190,1.351595,-0.535628
20191,-2.184738,-0.367711
20192,-1.551584,-1.634021
20193,-1.978621,0.733052
20194,-1.634892,-0.826239
20195,-2.184738,-0.367711
20196,-2.141244,1.191580
20197,-2.837543,1.579063
20198,-3.427775,0.988831
20199,-0.534124,-0.134659
20200,-2.644197,-0.445042
20201,-2.181855,0.400969
20202,-1.703282,0.440071
20203,-2.563163,1.030303
20204,-3.658223,1.449729
20205,-2.641828,1.320914
20206,-2.641828,1.320914
20207,-2.837543,1.579063
20208,-3.088468,0.698220
20209,-1.955475,-0.826239
20210,-2.572099,-0.722521
20211,-3.650504,1.955573
20212,-1.731816,1.652478
20213,-2.383160,1.191580
20214,-0.721721,-0.367711
20215,-3.490208,1.246980
20216,-2.717704,0.698220
20217,-2.883745,1.030303
20218,-2.835050,1.320914
20219,0.872832,0.733052
20220,-3.232059,0.730682
20221,-3.866718,2.000000
20222,-3.427775,0.988831
20223,-2.109756,0.123490
20224,-0.202183,0.733052
20225,-0.520157,-0.162592
20226,-3.333174,1.320914
20227,-3.281713,1.826239
20228,-2.572099,-0.722521
20229,-3.281713,1.826239
20230,-3.911146,1.955573
20231,-1.225625,-1.123490
20232,-2.430339,0.123490
20233,-2.605388,-0.134659
20234,-2.349870,0.603718
20235,-1.214222,1.449729
20236,-3.911146,1.955573
20237,-2.641828,1.320914
20238,-3.658223,1.449729
20239,-2.541119,0.733052
20240,-0.847680,1.246980
20241,-3.215828,0.698220
20242,-1.849772,0.733052
20243,-1.637893,1.955573
20244,-3.158125,1.579063
20245,-3.563623,1.781812
20246,-2.119812,-0.109562
20247,-2.899457,1.449729
20248,-3.658223,1.449729
20249,-3.911146,1.955573
20250,-2.835050,1.320914
20251,-2.670453,0.603718
20252,-1.231001,-1.634021
20253,-3.095692,1.320914
20254,-2.873202,0.400969
20255,-2.347897,0.733052
20256,-1.928302,-1.488831
20257,-0.493902,-1.211352
20258,-1.733246,0.500000
20259,-1.594507,0.222521
20260,-3.656250,1.579063
20261,-3.658223,1.449729
20262,-3.484462,1.623490
20263,-3.826239,1.652478
20264,-2.168944,1.246980
20265,-2.461033,1.955573
20266,-3.911146,1.955573
20267,-2.242359,1.781812
20268,-2.641828,1.320914
20269,-0.718169,-0.658322
20270,-0.091484,0.149460
20271,-3.484462,1.623490
20272,-3.692957,1.652478
20273,-3.824265,1.781812
20274,-3.563623,1.781812
20275,-3.623490,1.246980
20276,-3.462508,1.191580
20277,-2.410859,1.246980
20278,-0.855884,0.733052
20279,-3.153395,0.440071
20280,-3.326140,1.781812
20281,-2.706235,1.449729
20282,-3.051264,1.365341
20283,-3.911146,1.955573
20284,-2.337712,0.326239
20285,-3.528889,1.579063
20286,-3.563623,1.781812
20287,-3.955573,1.911146
20288,-1.847313,0.603718
20289,-3.326140,1.781812
20290,-2.641828,1.320914
20291,-3.484462,1.623490
20292,-3.658223,1.449729
20293,-2.644197,-0.445042
20294,-2.837543,1.579063
20295,-3.102206,1.246980
20296,-2.859464,-0.147791
20297,-3.427775,0.988831
20298,-3.658223,1.449729
20299,-1.254687,0.698220
20300,-2.337712,0.326239
20301,-2.440004,0.142820
20302,-3.623490,1.246980
20303,-3.326140,1.781812
20304,-3.779838,1.826239
20305,-1.384971,1.449729
20306,-3.065499,1.781812
20307,-3.484462,1.623490
20308,-1.445133,0.698220
20309,-3.658223,1.449729
20310,-3.333174,1.320914
20311,-3.528889,1.579063
20312,-3.528889,1.579063
20313,-1.934194,0.777479
20314,-0.288010,1.911146
20315,-2.711958,1.074730
20316,-3.955573,1.911146
20317,-3.528889,1.579063
20318,-1.719513,1.246980
20319,-3.088468,0.698220
20320,-1.168783,-0.365341
20321,-3.563623,1.781812
20322,-2.964384,1.191580
20323,-2.461033,1.955573
20324,-1.349189,0.603718
20325,-2.388932,-0.955573
20326,-1.643120,1.191580
20327,-0.801039,-1.488831
20328,1.496980,-1.123490
20329,-1.474108,-1.400969
20330,1.066833,0.733052
20331,-2.119812,-0.109562
20332,-3.462508,1.191580
20333,-3.955573,1.911146
20334,-2.892753,0.440071
20335,-3.232059,0.730682
20336,-1.960449,1.826239
20337,-3.528889,1.579063
20338,-1.978716,-1.000000
20339,-3.658223,1.449729
20340,-3.911146,1.955573
20341,-3.268248,1.579063
20342,-1.914041,-0.134659
20343,-3.088468,0.698220
20344,-1.634892,-0.826239
20345,0.142962,-1.488831
20346,-2.349870,0.603718
20347,-2.810768,0.142820
20348,-2.060606,1.030303
20349,-3.652478,1.826239
20350,-3.911146,1.955573
20351,-3.158125,1.579063
20352,-0.246980,0.123490
20353,-3.656250,1.579063
20354,-2.383160,1.191580
20355,-3.304955,1.652478
20356,-0.246980,0.123490
20357,-1.647948,-0.445042
20358,-3.281713,1.826239
20359,-3.095692,1.320914
20360,-1.557314,-0.109562
20361,-2.553446,0.149460
20362,-3.650504,1.955573
20363,-3.246980,1.623490
20364,-3.563623,1.781812
20365,-3.866718,2.000000
20366,-2.343556,-0.658322
20367,-1.574735,-0.425270
20368,-3.563623,1.781812
20369,-0.589531,0.730682
20370,-1.507653,-1.721883
20371,-2.541119,0.733052
20372,-3.563623,1.781812
20373,-2.964384,1.191580
20374,-2.208111,1.449729
20375,-2.394628,0.440071
20376,-3.088468,0.698220
20377,-3.650504,1.955573
20378,-3.484462,1.623490
20379,-3.462508,1.191580
20380,-0.669220,1.781812
20381,-2.343556,-0.658322
20382,-2.155959,-0.425270
20383,-2.110972,-1.123490
20384,-2.109756,0.123490
20385,-2.964384,1.191580
20386,-3.246980,1.623490
20387,-1.717542,-0.914101
20388,-1.847313,0.603718
20389,-2.706235,1.449729
20390,-0.427724,0.054604
20391,1.582805,-1.889800
20392,-0.734763,-0.722521
20393,-0.417598,-0.367711
20394,-3.326140,1.781812
20395,-1.636943,1.074730
20396,-2.272552,1.320914
20397,-3.692957,1.652478
20398,-2.302521,1.030303
20399,-2.526723,-0.425270
20400,-1.413198,1.623490
20401,-3.434289,1.911146
20402,-3.102206,1.246980
20403,-3.779838,1.826239
20404,-0.985218,0.603718
20405,-1.330319,-0.914101
20406,-2.837543,1.579063
20407,-2.899457,1.449729
20408,0.781922,0.603718
20409,1.143365,0.455573
20410,-1.275116,0.455573
20411,-3.652478,1.826239
20412,-3.650504,1.955573
20413,-3.335148,1.191580
20414,-4.000000,2.000000
20415,-3.065499,1.781812
20416,-3.658223,1.449729
20417,-3.095692,1.320914
20418,-2.181855,0.400969
20419,-3.158125,1.579063
20420,-2.873202,0.400969
20421,-0.810020,1.191580
20422,-3.650504,1.955573
20423,-3.167133,0.988831
20424,-3.911146,1.955573
20425,-3.822291,1.911146
20426,-3.324167,1.911146
20427,-3.490208,1.246980
20428,-2.176109,0.777479
20429,-3.333174,1.320914
20430,-3.826239,1.652478
20431,-3.650504,1.955573
20432,-2.730682,1.365341
20433,-2.826042,1.911146
20434,-2.835050,1.320914
20435,0.786998,0.400969
20436,-1.890808,-0.955573
20437,-3.152379,1.955573
20438,-3.650504,1.955573
20439,-3.658223,1.449729
20440,-3.658223,1.449729
20441,-3.462508,1.191580
20442,-3.650504,1.955573
20443,-3.065499,1.781812
20444,-1.169803,1.911146
20445,-3.563623,1.781812
20446,-3.650504,1.955573
20447,-1.847313,0.603718
20448,-2.440004,0.142820
20449,-3.824265,1.781812
20450,-2.964384,1.191580
20451,-1.824442,1.449729
20452,-2.711958,1.074730
20453,-2.051596,1.911146
20454,-2.336959,1.449729
20455,-1.824442,1.449729
20456,-2.065597,-0.826239
20457,-3.095692,1.320914
20458,-3.563623,1.781812
20459,-1.330319,-0.914101
20460,-0.462714,-0.277479
20461,-2.899457,1.449729
20462,-2.100697,-0.147791
20463,-2.133667,-1.466104
20464,-3.246980,1.623490
20465,-2.964384,1.191580
20466,-2.964384,1.191580
20467,-2.141244,1.191580
20468,-3.051264,1.365341
20469,-1.890808,-0.955573
20470,-1.855707,-1.634021
20471,-1.466104,0.733052
20472,-2.670453,0.603718
20473,-3.167133,0.988831
20474,-3.694931,1.911146
20475,-3.462508,1.191580
20476,-2.461033,1.955573
20477,-3.650504,1.955573
20478,-2.742943,1.911146
20479,-3.528889,1.579063
20480,-3.563623,1.781812
20481,-2.899457,1.449729
20482,-1.027479,-0.277479
20483,-3.246980,1.623490
20484,-2.793116,1.623490
20485,-1.149815,1.320914
20486,-3.694931,1.911146
20487,-2.056191,-1.233052
20488,-1.170844,-1.233052
20489,-2.541119,0.733052
20490,-3.658223,1.449729
20491,-3.528889,1.579063
20492,-0.709394,0.440071
20493,-3.281713,1.826239
20494,-2.641828,1.320914
20495,-1.690819,-1.488831
20496,-0.939778,-1.211352
20497,-1.551584,-1.634021
20498,-3.427775,0.988831
20499,-3.528889,1.579063
20500,-1.200484,0.900969
20501,-1.349189,0.603718
20502,-1.170844,-1.233052
20503,-0.686458,-0.826239
20504,-3.397582,1.449729
20505,-2.394628,0.440071
20506,-2.208111,1.449729
20507,-2.883745,1.030303
20508,-3.658223,1.449729
20509,-2.885719,0.900969
20510,-2.780575,0.603718
20511,-3.335148,1.191580
20512,-2.011910,1.320914
20513,-2.844057,0.730682
20514,-2.208111,1.449729
20515,-3.158125,1.579063
20516,-2.493959,1.246980
20517,-3.656250,1.579063
20518,-3.158125,1.579063
20519,-3.304955,1.652478
20520,-1.062213,-0.074730
20521,0.247255,-0.658322
20522,-0.938334,-0.826239
20523,-3.779838,1.826239
20524,-2.899457,1.449729
20525,-2.343556,-0.658322
20526,-1.914041,-0.134659
20527,-3.563623,1.781812
20528,-2.110972,-1.123490
20529,-0.913353,-0.365341
20530,-1.634892,-0.826239
20531,-1.921819,-1.889800
20532,-1.847313,0.603718
20533,-0.319126,-0.162592
20534,-1.965750,-1.801938
20535,-3.335148,1.191580
20536,-2.810768,0.142820
20537,-3.304955,1.652478
20538,-2.810768,0.142820
20539,-3.822291,1.911146
20540,-3.478716,2.000000
20541,-3.824265,1.781812
20542,-3.652478,1.826239
20543,-3.563623,1.781812
20544,-3.095692,1.320914
20545,-2.883745,1.030303
20546,-3.158125,1.579063
20547,-1.088404,-0.914101
20548,-1.231001,-1.634021
20549,-1.727818,-1.889800
20550,-1.568917,-1.211352
20551,-1.717542,-0.914101
20552,-2.136480,0.698220
20553,-2.835050,1.320914
20554,-2.136480,0.698220
20555,0.260517,-0.033258
20556,-1.236955,-1.488831
20557,-2.316833,-1.233052
20558,-2.899457,1.449729
20559,-3.658223,1.449729
20560,-3.462508,1.191580
20561,-2.208111,1.449729
20562,-1.934194,0.777479
20563,-1.344281,-0.535628
20564,-2.440004,0.142820
20565,-3.563623,1.781812
20566,-2.605388,-0.134659
20567,-3.123202,0.900969
20568,-2.184738,-0.367711
20569,-3.563623,1.781812
20570,-1.978716,-1.000000
20571,-3.694931,1.911146
20572,-3.563623,1.781812
20573,-0.861260,0.222521
20574,-2.859464,-0.147791
20575,-3.563623,1.781812
20576,-3.658223,1.449729
20577,-2.576901,1.579063
20578,-1.361599,-0.367711
20579,-2.717704,0.698220
20580,-3.304955,1.652478
20581,-3.824265,1.781812
20582,-3.215828,0.698220
20583,0.263556,-0.955573
20584,-2.541119,0.733052
20585,-3.650504,1.955573
20586,-1.977662,0.988831
20587,-2.717704,0.698220
20588,-3.427775,0.988831
20589,-2.572099,-0.722521
20590,-2.844057,0.730682
20591,-1.745664,-1.466104
20592,-2.572099,-0.722521
20593,-2.654083,-0.425270
20594,-2.385621,1.030303
20595,-2.700489,1.826239
20596,-3.427775,0.988831
20597,-2.430339,0.123490
20598,-2.717704,0.698220
20599,-1.928302,-1.488831
20600,-2.572099,-0.722521
20601,-2.493959,1.246980
20602,-2.826042,1.911146
20603,-0.072451,-0.134659
20604,0.263556,-0.955573
20605,-3.326140,1.781812
20606,-3.656250,1.579063
20607,-3.324167,1.911146
20608,-3.656250,1.579063
20609,-2.266948,-1.466104
20610,-0.538346,-1.889800
20611,-3.335148,1.191580
20612,-1.760035,1.320914
20613,-3.490208,1.246980
20614,-2.366718,-1.000000
20615,-1.648630,-0.277479
20616,-1.169803,1.911146
20617,-3.153395,0.440071
20618,-2.938128,0.142820
20619,-2.302521,1.030303
20620,-2.181855,0.400969
20621,-2.563163,1.030303
20622,-1.794458,-1.889800
20623,-1.978716,-1.000000
20624,-2.371693,1.652478
20625,-2.964384,1.191580
20626,-1.977662,0.988831
20627,-1.466104,0.733052
20628,-1.647948,-0.445042
20629,-2.837543,1.579063
20630,-3.779838,1.826239
20631,-3.955573,1.911146
20632,-1.760035,1.320914
20633,-2.311457,-0.722521
20634,-0.275215,1.826239
20635,-3.563623,1.781812
20636,-2.242359,1.781812
20637,-3.232059,0.730682
20638,-2.119812,-0.109562
20639,-2.670453,0.603718
20640,-3.484462,1.623490
20641,-3.153395,0.440071
20642,-3.694931,1.911146
20643,-1.551938,0.400969
20644,-2.374152,1.781812
20645,-3.779838,1.826239
20646,-2.872277,1.781812
20647,-3.866718,2.000000
20648,-3.694931,1.911146
20649,-3.462508,1.191580
20650,-2.576901,1.579063
20651,-3.694931,1.911146
20652,-3.528889,1.579063
20653,-3.779838,1.826239
20654,-1.171501,-0.623490
20655,-1.475625,-0.623490
20656,-3.484462,1.623490
20657,-2.163198,1.623490
20658,-3.658223,1.449729
20659,-1.955475,-0.826239
20660,-3.246980,1.623490
20661,-3.324167,1.911146
20662,-2.166234,-1.400969
20663,-3.427775,0.988831
20664,-2.859464,-0.147791
20665,-3.326140,1.781812
20666,-3.822291,1.911146
20667,-3.335148,1.191580
20668,-3.333174,1.320914
20669,-1.668109,-1.400969
20670,-3.822291,1.911146
20671,-3.490208,1.246980
20672,-2.730682,1.365341
20673,-2.430339,0.123490
20674,-1.534266,-1.801938
20675,-3.167133,0.988831
20676,-2.669008,0.988831
20677,-2.347897,0.733052
20678,-2.899457,1.449729
20679,0.102598,0.123490
20680,-0.298920,0.149460
20681,-1.127350,1.826239
20682,-3.158125,1.579063
20683,-3.095692,1.320914
20684,-3.427775,0.988831
20685,-2.242359,1.781812
20686,-2.844057,0.730682
20687,-3.658223,1.449729
20688,-3.335148,1.191580
20689,-2.873202,0.400969
20690,-3.215828,0.698220
20691,-3.484462,1.623490
20692,-2.334986,1.579063
20693,-0.437586,-0.445042
20694,-1.762918,-1.211352
20695,-1.634892,-0.826239
20696,-1.574735,-0.425270
20697,-0.873667,-0.955573
20698,-1.873490,-1.123490
20699,-1.005460,-0.955573
20700,-0.709168,-0.914101
20701,0.437420,0.400969
20702,-0.167082,0.054604
20703,-3.246980,1.623490
20704,-3.824265,1.781812
20705,-2.374152,1.781812
20706,-1.420728,1.030303
20707,-2.466259,1.191580
20708,-2.184738,-0.367711
20709,-2.670453,0.603718
20710,-3.281713,1.826239
20711,-3.658223,1.449729
20712,-3.563623,1.781812
20713,-3.088468,0.698220
20714,-3.824265,1.781812
20715,-2.711958,1.074730
20716,-2.141244,1.191580
20717,-3.563623,1.781812
20718,-2.742943,1.911146
20719,-3.866718,2.000000
20720,-3.779838,1.826239
20721,-3.281713,1.826239
20722,-3.434289,1.911146
20723,-2.440004,0.142820
20724,-0.167082,0.054604
20725,-3.528889,1.579063
20726,-3.824265,1.781812
20727,-0.569543,-0.955573
20728,-1.254687,0.698220
20729,-2.311457,-0.722521
20730,-3.268248,1.579063
20731,0.174686,0.054604
20732,-1.088404,-0.914101
20733,-3.563623,1.781812
20734,-2.011910,1.320914
20735,-2.394628,0.440071
20736,-3.335148,1.191580
20737,-3.650504,1.955573
20738,-3.246980,1.623490
20739,-2.700489,1.826239
20740,-3.484462,1.623490
20741,-2.461033,1.955573
20742,-3.324167,1.911146
20743,-2.810768,0.142820
20744,-2.572099,-0.722521
20745,-2.110972,-1.123490
20746,-2.336959,1.449729
20747,-3.095692,1.320914
20748,-3.333174,1.320914
20749,-1.270918,0.730682
20750,-3.161387,1.365341
20751,-1.551012,1.781812
20752,-3.650504,1.955573
20753,-1.032469,0.698220
20754,-3.335148,1.191580
20755,-3.304955,1.652478
20756,-2.598822,-0.147791
20757,-1.396440,0.698220
20758,-3.232059,0.730682
20759,-3.484462,1.623490
20760,-3.088468,0.698220
20761,-2.899457,1.449729
20762,-2.272552,1.320914
20763,-1.214222,1.449729
20764,-3.563623,1.781812
20765,-2.163198,1.623490
20766,-3.397582,1.449729
20767,-3.434289,1.911146
20768,-3.484462,1.623490
20769,-3.434289,1.911146
20770,-3.866718,2.000000
20771,-2.540461,0.123490
20772,-3.955573,1.911146
20773,-3.694931,1.911146
20774,-3.528889,1.579063
20775,-2.670453,0.603718
20776,-3.268248,1.579063
20777,-3.563623,1.781812
20778,-2.793116,1.623490
20779,-3.563623,1.781812
20780,-3.694931,1.911146
20781,-3.152379,1.955573
20782,-0.553817,0.440071
20783,-3.824265,1.781812
20784,-1.960449,1.826239
20785,-0.256645,0.142820
20786,-2.228125,1.365341
20787,-1.634892,-0.826239
20788,-2.964384,1.191580
20789,-2.837543,1.579063
20790,-3.427775,0.988831
20791,-2.242359,1.781812
20792,-2.835050,1.320914
20793,-3.824265,1.781812
20794,-3.563623,1.781812
20795,-3.563623,1.781812
20796,-3.911146,1.955573
20797,-2.964384,1.191580
20798,-1.303596,-1.488831
20799,-0.493902,-1.211352
20800,-0.578811,-0.162592
20801,-2.002903,1.911146
20802,-2.208111,1.449729
20803,-2.859464,-0.147791
20804,-3.490208,1.246980
20805,-3.427775,0.988831
20806,-0.834695,-0.425270
20807,1.073974,-0.277479
20808,-0.851453,-1.000000
20809,-3.102206,1.246980
20810,-3.911146,1.955573
20811,-2.136480,0.698220
20812,-2.553446,0.149460
20813,-3.326140,1.781812
20814,-3.650504,1.955573
20815,-3.232059,0.730682
20816,-2.461033,1.955573
20817,-3.434289,1.911146
20818,-2.440004,0.142820
20819,-1.323809,0.455573
20820,-3.563623,1.781812
20821,-3.246980,1.623490
20822,-3.563623,1.781812
20823,-0.764573,0.326239
20824,-1.647948,-0.445042
20825,-3.088468,0.698220
20826,-3.326140,1.781812
20827,-2.899457,1.449729
20828,-3.563623,1.781812
20829,-2.553446,0.149460
20830,-2.670453,0.603718
20831,-3.194833,1.652478
20832,-2.964384,1.191580
20833,-1.717979,0.733052
20834,-3.779838,1.826239
20835,-2.669008,0.988831
20836,-3.088468,0.698220
20837,-3.397582,1.449729
20838,-2.184738,-0.367711
20839,-2.526723,-0.425270
20840,-3.484462,1.623490
20841,-0.084999,-0.109562
20842,0.149460,-0.074730
20843,-3.824265,1.781812
20844,-3.563623,1.781812
20845,-2.717704,0.698220
20846,-3.822291,1.911146
20847,-3.826239,1.652478
20848,-2.181855,0.400969
20849,-3.658223,1.449729
20850,-3.304955,1.652478
20851,-3.650504,1.955573
20852,-1.833963,0.093187
20853,-1.441541,-1.466104
20854,-1.717542,-0.914101
20855,-2.644197,-0.445042
20856,-2.670453,0.603718
20857,-3.427775,0.988831
20858,-2.892753,0.440071
20859,-0.926428,-1.721883
20860,-3.065499,1.781812
20861,-3.397582,1.449729
20862,-0.764573,0.326239
20863,0.001504,0.400969
20864,0.489821,0.123490
20865,-1.406715,-0.277479
20866,-1.661706,-1.634021
20867,-2.641828,1.320914
20868,-2.669008,0.988831
20869,-1.690819,-1.488831
20870,-1.524320,-0.914101
20871,-3.652478,1.826239
20872,-3.152379,1.955573
20873,-2.883745,1.030303
20874,-2.780575,0.603718
20875,-2.835050,1.320914
20876,-3.656250,1.579063
20877,-3.822291,1.911146
20878,-2.717704,0.698220
20879,-3.826239,1.652478
20880,-1.977662,0.988831
20881,-3.065499,1.781812
20882,-2.835050,1.320914
20883,-2.669008,0.988831
20884,-0.217752,-0.365341
20885,-2.669008,0.988831
20886,-3.652478,1.826239
20887,-1.858780,0.142820
20888,-1.955475,-0.826239
20889,-1.592048,0.093187
20890,-2.964384,1.191580
20891,-3.065499,1.781812
20892,-1.789708,1.246980
20893,-3.397582,1.449729
20894,-2.706235,1.449729
20895,-3.232059,0.730682
20896,-3.326140,1.781812
20897,-1.801938,0.900969
20898,-3.779838,1.826239
20899,-1.244415,0.988831
20900,-1.551584,-1.634021
20901,-1.207436,0.603718
20902,-3.563623,1.781812
20903,-2.730682,1.365341
20904,-3.167133,0.988831
20905,-2.883745,1.030303
20906,-2.892753,0.440071
20907,-2.885719,0.900969
20908,-2.518736,1.074730
20909,-2.316833,-1.233052
20910,-2.706235,1.449729
20911,-2.367905,-0.134659
20912,-0.493902,-1.211352
20913,-2.038874,-1.400969
20914,-2.938128,0.142820
20915,-2.576901,1.579063
20916,-3.281713,1.826239
20917,-3.194833,1.652478
20918,-3.563623,1.781812
20919,-3.824265,1.781812
20920,-2.316833,-1.233052
20921,-1.890808,-0.955573
20922,-2.259209,0.777479
20923,-3.281713,1.826239
20924,-3.051264,1.365341
20925,-3.528889,1.579063
20926,-1.643120,1.191580
20927,-1.890808,-0.955573
20928,-3.123202,0.900969
20929,-3.232059,0.730682
20930,-1.361599,-0.367711
20931,-3.051264,1.365341
20932,-3.268248,1.579063
20933,-2.873202,0.400969
20934,-1.695108,1.579063
20935,-1.988459,-1.889800
20936,-2.461033,1.955573
20937,-1.558067,-1.233052
20938,-2.367905,-0.134659
20939,-2.119812,-0.109562
20940,-2.337712,0.326239
20941,-3.427775,0.988831
20942,-3.074730,0.149460
20943,-3.051264,1.365341
20944,-0.586211,-0.147791
20945,-2.964384,1.191580
20946,-3.955573,1.911146
20947,-3.152379,1.955573
20948,-3.694931,1.911146
20949,-3.658223,1.449729
20950,-3.911146,1.955573
20951,-3.955573,1.911146
20952,-0.186825,-0.074730
20953,0.776644,-0.277479
20954,-2.654083,-0.425270
20955,-3.911146,1.955573
20956,-3.822291,1.911146
20957,-3.652478,1.826239
20958,-1.801938,0.900969
20959,-2.810768,0.142820
20960,-3.911146,1.955573
20961,-3.911146,1.955573
20962,-3.215828,0.698220
20963,-2.641828,1.320914
20964,-3.333174,1.320914
20965,-2.669008,0.988831
20966,-2.060606,1.030303
20967,-3.158125,1.579063
20968,-3.161387,1.365341
20969,-2.011910,1.320914
20970,-3.563623,1.781812
20971,-3.397582,1.449729
20972,-3.333174,1.320914
20973,-2.892753,0.440071
20974,-3.246980,1.623490
20975,-2.899457,1.449729
20976,-3.335148,1.191580
20977,-2.885719,0.900969
20978,-3.427775,0.988831
20979,-3.656250,1.579063
20980,-2.461033,1.955573
20981,-3.563623,1.781812
20982,-1.127350,1.826239
20983,-3.563623,1.781812
20984,-3.158125,1.579063
20985,-2.730682,1.365341
20986,-2.176109,0.777479
20987,-0.147870,-0.074730
20988,-3.658223,1.449729
20989,-3.065499,1.781812
20990,-1.849772,0.733052
20991,-2.388932,-0.955573
20992,-2.837543,1.579063
20993,-1.917063,0.093187
20994,-3.088468,0.698220
20995,-3.194833,1.652478
20996,-3.623490,1.246980
20997,-3.088468,0.698220
20998,-2.563163,1.030303
20999,-2.235810,0.730682
21000,-1.681370,1.030303
21001,-3.692957,1.652478
21002,-3.268248,1.579063
21003,-3.434289,1.911146
21004,-3.866718,2.000000
21005,-3.779838,1.826239
21006,-3.434289,1.911146
21007,-3.911146,1.955573
21008,-3.268248,1.579063
21009,-3.232059,0.730682
21010,-3.911146,1.955573
21011,-3.911146,1.955573
21012,-0.259807,0.222521
21013,-1.601453,0.500000
21014,-3.434289,1.911146
21015,-3.658223,1.449729
21016,-3.281713,1.826239
21017,-3.650504,1.955573
21018,-3.268248,1.579063
21019,-3.779838,1.826239
21020,-3.194833,1.652478
21021,-0.434577,-0.109562
21022,-3.694931,1.911146
21023,-3.528889,1.579063
21024,-3.088468,0.698220
21025,-3.563623,1.781812
21026,-3.528889,1.579063
21027,-3.824265,1.781812
21028,-3.088468,0.698220
21029,-2.837543,1.579063
21030,-1.420728,1.030303
21031,-3.304955,1.652478
21032,-3.911146,1.955573
21033,-1.977662,0.988831
21034,-3.397582,1.449729
21035,-1.933731,0.900969
21036,-2.654083,-0.425270
21037,-2.883745,1.030303
21038,-2.717704,0.698220
21039,-2.461033,1.955573
21040,-1.607199,0.123490
21041,-1.461364,0.730682
21042,-3.123202,0.900969
21043,-2.347897,0.733052
21044,-1.070127,-0.826239
21045,-1.171501,-0.623490
21046,-2.367905,-0.134659
21047,-1.423694,-1.889800
21048,-2.110972,-1.123490
21049,-2.347897,0.733052
21050,-1.554958,0.777479
21051,-3.326140,1.781812
21052,-3.153395,0.440071
21053,-0.911146,0.455573
21054,-3.123202,0.900969
21055,-3.650504,1.955573
21056,-3.822291,1.911146
21057,-3.563623,1.781812
21058,-3.656250,1.579063
21059,-0.431016,0.698220
21060,-3.335148,1.191580
21061,-2.872277,1.781812
21062,-2.242359,1.781812
21063,-2.349870,0.603718
21064,-3.652478,1.826239
21065,-3.652478,1.826239
21066,-1.396440,0.698220
21067,-3.650504,1.955573
21068,-0.438255,-0.623490
21069,-2.706235,1.449729
21070,-3.397582,1.449729
21071,-3.779838,1.826239
21072,-3.484462,1.623490
21073,-2.051596,1.911146
21074,-3.167133,0.988831
21075,-3.650504,1.955573
21076,-2.670453,0.603718
21077,-3.658223,1.449729
21078,-3.779838,1.826239
21079,-3.246980,1.623490
21080,-3.074730,0.149460
21081,-2.540461,0.123490
21082,-3.484462,1.623490
21083,-3.779838,1.826239
21084,-3.563623,1.781812
21085,-3.623490,1.246980
21086,-3.694931,1.911146
21087,-3.167133,0.988831
21088,-1.960449,1.826239
21089,-3.051264,1.365341
21090,-3.692957,1.652478
21091,-2.302521,1.030303
21092,-3.434289,1.911146
21093,-3.692957,1.652478
21094,-2.540461,0.123490
21095,-2.259209,0.777479
21096,-0.458468,1.320914
21097,-2.184738,-0.367711
21098,-3.333174,1.320914
21099,-3.658223,1.449729
21100,-3.326140,1.781812
21101,-3.692957,1.652478
21102,-3.563623,1.781812
21103,-2.964384,1.191580
21104,-3.333174,1.320914
21105,-1.149815,1.320914
21106,-1.005460,-0.955573
21107,-1.344281,-0.535628
21108,-2.461033,1.955573
21109,-0.789708,-1.123490
21110,-3.658223,1.449729
21111,-0.709622,0.099031
21112,-3.335148,1.191580
21113,-1.244415,0.988831
21114,-2.941449,0.149460
21115,-2.540461,0.123490
21116,-1.928302,-1.488831
21117,-1.086885,-1.400969
21118,-1.634892,-0.826239
21119,-3.563623,1.781812
21120,-2.440004,0.142820
21121,-2.899457,1.449729
21122,-1.847313,0.603718
21123,-2.100697,-0.147791
21124,0.859756,-0.623490
21125,-0.065885,-0.147791
21126,-1.588247,1.365341
21127,-3.215828,0.698220
21128,-2.011910,1.320914
21129,-2.874250,1.652478
21130,-2.899457,1.449729
21131,-2.261572,-0.955573
21132,-3.365341,0.730682
21133,-3.335148,1.191580
21134,-2.374152,1.781812
21135,-3.167133,0.988831
21136,-3.652478,1.826239
21137,-3.658223,1.449729
21138,-3.490208,1.246980
21139,-2.793116,1.623490
21140,-3.822291,1.911146
21141,-1.396440,0.698220
21142,-3.652478,1.826239
21143,-3.335148,1.191580
21144,-2.641828,1.320914
21145,-2.176109,0.777479
21146,-0.828197,0.988831
21147,-2.311457,-0.722521
21148,-1.492359,1.781812
21149,-2.228125,1.365341
21150,-1.890808,-0.955573
21151,-3.779838,1.826239
21152,-2.873202,0.400969
21153,-2.343556,-0.658322
21154,-2.394628,0.440071
21155,-3.623490,1.246980
21156,-2.302521,1.030303
21157,-3.911146,1.955573
21158,-3.074730,0.149460
21159,-3.123202,0.900969
21160,-2.899457,1.449729
21161,-3.153395,0.440071
21162,-3.563623,1.781812
21163,-2.144490,0.326239
21164,-1.801938,0.900969
21165,-2.572099,-0.722521
21166,-2.669008,0.988831
21167,-2.793116,1.623490
21168,-2.272552,1.320914
21169,-2.343556,-0.658322
21170,-3.088468,0.698220
21171,-3.911146,1.955573
21172,-3.281713,1.826239
21173,-2.706235,1.449729
21174,-3.434289,1.911146
21175,-3.051264,1.365341
21176,-2.670453,0.603718
21177,-3.911146,1.955573
21178,-3.194833,1.652478
21179,-2.015156,0.455573
21180,-3.650504,1.955573
21181,-1.794458,-1.889800
21182,-1.944528,-1.977662
21183,-3.158125,1.579063
21184,-3.246980,1.623490
21185,-2.669008,0.988831
21186,-0.824281,-0.162592
21187,-2.892753,0.440071
21188,-2.144490,0.326239
21189,-2.641828,1.320914
21190,-2.461033,1.955573
21191,-3.656250,1.579063
21192,-0.072451,-0.134659
21193,-0.938334,-0.826239
21194,-3.911146,1.955573
21195,-3.692957,1.652478
21196,-3.088468,0.698220
21197,-0.534266,0.400969
21198,-1.789708,1.246980
21199,-2.374152,1.781812
21200,-3.462508,1.191580
21201,-1.683887,-1.977662
21202,-2.461033,1.955573
21203,-1.890808,-0.955573
21204,-2.885719,0.900969
21205,-2.431855,0.900969
21206,-2.518736,1.074730
21207,-2.109756,0.123490
21208,-1.284124,-0.134659
21209,-0.709168,-0.914101
21210,-3.434289,1.911146
21211,-2.144490,0.326239
21212,-2.343556,-0.658322
21213,-1.960449,1.826239
21214,-0.032308,-0.914101
21215,-2.837543,1.579063
21216,-0.652478,0.326239
21217,-3.692957,1.652478
21218,-3.694931,1.911146
21219,-3.694931,1.911146
21220,-2.873202,0.400969
21221,-2.136480,0.698220
21222,-2.440004,0.142820
21223,-2.109756,0.123490
21224,-2.015156,0.455573
21225,-3.246980,1.623490
21226,-3.153395,0.440071
21227,-3.051264,1.365341
21228,-3.268248,1.579063
21229,-3.911146,1.955573
21230,-3.955573,1.911146
21231,-3.563623,1.781812
21232,-2.011169,-1.977662
21233,-1.027479,-0.277479
21234,-0.186388,-1.721883
21235,-1.890808,-0.955573
21236,-1.683887,-1.977662
21237,-1.683887,-1.977662
21238,-3.095692,1.320914
21239,-2.885719,0.900969
21240,-2.837543,1.579063
21241,-3.123202,0.900969
21242,-3.281713,1.826239
21243,-1.551938,0.400969
21244,-3.528889,1.579063
21245,-2.641828,1.320914
21246,-2.605388,-0.134659
21247,-3.911146,1.955573
21248,-3.088468,0.698220
21249,-2.576901,1.579063
21250,-2.993868,1.030303
21251,-2.015156,0.455573
21252,-1.233709,-0.623490
21253,-2.654083,-0.425270
21254,-3.911146,1.955573
21255,-3.650504,1.955573
21256,-3.215828,0.698220
21257,-3.095692,1.320914
21258,-2.711958,1.074730
21259,-3.824265,1.781812
21260,-2.383160,1.191580
21261,-2.941449,0.149460
21262,-0.604474,-1.123490
21263,-0.864659,-0.365341
21264,-3.158125,1.579063
21265,0.050576,-0.134659
21266,-1.836861,1.579063
21267,-0.801938,0.400969
21268,-1.461364,0.730682
21269,-3.650504,1.955573
21270,-3.650504,1.955573
21271,-1.845869,0.988831
21272,-2.899457,1.449729
21273,-2.835050,1.320914
21274,-2.810768,0.142820
21275,-2.793116,1.623490
21276,-3.324167,1.911146
21277,-2.336959,1.449729
21278,-3.652478,1.826239
21279,-3.324167,1.911146
21280,-1.074632,0.054604
21281,0.185908,-0.535628
21282,-2.576901,1.579063
21283,-3.102206,1.246980
21284,-2.696708,1.652478
21285,-1.507653,-1.721883
21286,-3.462508,1.191580
21287,-3.563623,1.781812
21288,-3.563623,1.781812
21289,-1.214222,1.449729
21290,-3.434289,1.911146
21291,-1.978716,-1.000000
21292,-2.116349,-1.634021
21293,-2.383160,1.191580
21294,-3.484462,1.623490
21295,-3.652478,1.826239
21296,-3.326140,1.781812
21297,-2.669008,0.988831
21298,-2.168944,1.246980
21299,-3.123202,0.900969
21300,-3.652478,1.826239
21301,-3.822291,1.911146
21302,-2.208111,1.449729
21303,-2.493959,1.246980
21304,-2.777479,-0.445042
21305,-3.304955,1.652478
21306,-2.892753,0.440071
21307,-1.396440,0.698220
21308,-2.163198,1.623490
21309,-3.822291,1.911146
21310,-1.833963,0.093187
21311,-2.526723,-0.425270
21312,-1.072099,0.777479
21313,-2.837543,1.579063
21314,-1.637893,1.955573
21315,-3.528889,1.579063
21316,-0.014576,-0.134659
21317,-0.928928,-1.233052
21318,-2.700489,1.826239
21319,-2.337712,0.326239
21320,-1.442336,-1.211352
21321,-2.011169,-1.977662
21322,-2.730682,1.365341
21323,-2.116349,-1.634021
21324,-2.700489,1.826239
21325,-2.706235,1.449729
21326,-3.652478,1.826239
21327,-1.652210,-0.658322
21328,-2.184738,-0.367711
21329,-2.563163,1.030303
21330,-2.553446,0.149460
21331,-3.658223,1.449729
21332,-3.194833,1.652478
21333,-3.088468,0.698220
21334,-3.246980,1.623490
21335,-3.650504,1.955573
21336,-3.088468,0.698220
21337,-2.598822,-0.147791
21338,-3.102206,1.246980
21339,-3.462508,1.191580
21340,-3.563623,1.781812
21341,-3.824265,1.781812
21342,-1.551938,0.400969
21343,-1.050429,1.652478
21344,-3.692957,1.652478
21345,-3.326140,1.781812
21346,-3.167133,0.988831
21347,-2.518736,1.074730
21348,-3.563623,1.781812
21349,-1.413198,1.623490
21350,-3.484462,1.623490
21351,-3.911146,1.955573
21352,-2.461033,1.955573
21353,-2.576901,1.579063
21354,-3.326140,1.781812
21355,-0.932879,0.054604
21356,-2.598822,-0.147791
21357,-0.880142,0.440071
21358,-2.964384,1.191580
21359,-3.268248,1.579063
21360,-3.281713,1.826239
21361,-3.153395,0.440071
21362,-3.397582,1.449729
21363,-2.605388,-0.134659
21364,-2.541119,0.733052
21365,-3.153395,0.440071
21366,-1.933731,0.900969
21367,-1.261910,1.320914
21368,-1.914041,-0.134659
21369,-3.434289,1.911146
21370,-3.779838,1.826239
21371,-3.123202,0.900969
21372,-3.911146,1.955573
21373,-2.793116,1.623490
21374,-3.484462,1.623490
21375,-3.563623,1.781812
21376,-2.106074,-0.658322
21377,-3.652478,1.826239
21378,-3.304955,1.652478
21379,-3.365341,0.730682
21380,-3.246980,1.623490
21381,-3.065499,1.781812
21382,-3.652478,1.826239
21383,-1.801938,0.900969
21384,-3.484462,1.623490
21385,-0.873667,-0.955573
21386,-1.070127,-0.826239
21387,-1.086885,-1.400969
21388,-1.233709,-0.623490
21389,-1.845869,0.988831
21390,-2.641828,1.320914
21391,-2.011910,1.320914
21392,-3.065499,1.781812
21393,-2.899457,1.449729
21394,-2.181855,0.400969
21395,-3.866718,2.000000
21396,-3.194833,1.652478
21397,-3.095692,1.320914
21398,-3.326140,1.781812
21399,-3.490208,1.246980
21400,-2.706235,1.449729
21401,-2.730682,1.365341
21402,-0.490512,-1.721883
21403,-3.215828,0.698220
21404,-3.826239,1.652478
21405,-3.822291,1.911146
21406,-3.333174,1.320914
21407,-0.298846,-0.722521
21408,-3.427775,0.988831
21409,-3.158125,1.579063
21410,-2.572099,-0.722521
21411,-2.641828,1.320914
21412,-1.668109,-1.400969
21413,-3.656250,1.579063
21414,-2.635719,0.400969
21415,-2.730682,1.365341
21416,-3.324167,1.911146
21417,-3.123202,0.900969
21418,-3.246980,1.623490
21419,-2.383160,1.191580
21420,0.423840,-0.623490
21421,-3.826239,1.652478
21422,-2.116349,-1.634021
21423,-2.261572,-0.955573
21424,-2.899457,1.449729
21425,-3.427775,0.988831
21426,-3.824265,1.781812
21427,-2.461033,1.955573
21428,-3.152379,1.955573
21429,-1.933731,0.900969
21430,-2.711958,1.074730
21431,-2.793116,1.623490
21432,-3.822291,1.911146
21433,-3.822291,1.911146
21434,-2.493959,1.246980
21435,-1.475625,-0.623490
21436,-2.430339,0.123490
21437,-3.324167,1.911146
21438,-2.605388,-0.134659
21439,-1.550062,0.900969
21440,-3.158125,1.579063
21441,-2.826042,1.911146
21442,-3.826239,1.652478
21443,-3.478716,2.000000
21444,-2.730682,1.365341
21445,-1.978621,0.733052
21446,-3.478716,2.000000
21447,-3.652478,1.826239
21448,-2.163198,1.623490
21449,-3.822291,1.911146
21450,-3.161387,1.365341
21451,-3.824265,1.781812
21452,-1.593993,0.988831
21453,-2.367905,-0.134659
21454,-3.563623,1.781812
21455,-2.810768,0.142820
21456,-1.955475,-0.826239
21457,-1.413419,-0.914101
21458,0.263556,-0.955573
21459,2.140254,1.652478
21460,-0.700307,0.733052
21461,-3.528889,1.579063
21462,-2.670453,0.603718
21463,-3.911146,1.955573
21464,-3.281713,1.826239
21465,-2.110972,-1.123490
21466,-3.528889,1.579063
21467,-1.760035,1.320914
21468,-2.837543,1.579063
21469,-3.434289,1.911146
21470,-2.964384,1.191580
21471,1.582805,-1.889800
21472,-2.873202,0.400969
21473,-2.872277,1.781812
21474,-2.431855,0.900969
21475,-2.793116,1.623490
21476,-3.333174,1.320914
21477,-3.324167,1.911146
21478,-3.563623,1.781812
21479,-2.605388,-0.134659
21480,-3.246980,1.623490
21481,-3.656250,1.579063
21482,-1.849772,0.733052
21483,-3.822291,1.911146
21484,-3.824265,1.781812
21485,-3.652478,1.826239
21486,-3.822291,1.911146
21487,-3.152379,1.955573
21488,-2.654083,-0.425270
21489,-2.155959,-0.425270
21490,-2.518736,1.074730
21491,-3.911146,1.955573
21492,-2.964384,1.191580
21493,-3.153395,0.440071
21494,-2.371693,1.652478
21495,-3.102206,1.246980
21496,-3.824265,1.781812
21497,-3.152379,1.955573
21498,-1.419626,-1.123490
21499,-3.623490,1.246980
21500,-2.144490,0.326239
21501,-2.885719,0.900969
21502,-3.123202,0.900969
21503,-2.563163,1.030303
21504,0.366703,0.099031
21505,-0.109208,0.054604
21506,-3.650504,1.955573
21507,-3.824265,1.781812
21508,-2.261572,-0.955573
21509,-1.727818,-1.889800
21510,-2.110972,-1.123490
21511,-3.652478,1.826239
21512,-2.883745,1.030303
21513,-3.326140,1.781812
21514,-2.780575,0.603718
21515,-2.899457,1.449729
21516,-2.899457,1.449729
21517,-2.011910,1.320914
21518,-3.158125,1.579063
21519,-3.123202,0.900969
21520,-2.096023,2.000000
21521,-3.656250,1.579063
21522,-3.563623,1.781812
21523,0.876510,1.246980
21524,1.638641,0.093187
21525,-3.123202,0.900969
21526,-2.383160,1.191580
21527,-3.152379,1.955573
21528,-2.334986,1.579063
21529,-3.650504,1.955573
21530,-1.551938,0.400969
21531,-2.780575,0.603718
21532,-1.955475,-0.826239
21533,-0.911611,-1.400969
21534,-0.728444,-1.634021
21535,-1.775215,0.326239
21536,-2.259209,0.777479
21537,-2.109756,0.123490
21538,-1.811776,-1.721883
21539,-3.692957,1.652478
21540,-3.955573,1.911146
21541,-1.062213,-0.074730
21542,-1.811776,-1.721883
21543,-2.394628,0.440071
21544,-3.955573,1.911146
21545,-3.658223,1.449729
21546,-3.281713,1.826239
21547,-2.228125,1.365341
21548,-2.899457,1.449729
21549,-2.336959,1.449729
21550,-3.779838,1.826239
21551,-3.123202,0.900969
21552,-2.576901,1.579063
21553,-2.563163,1.030303
21554,-2.440004,0.142820
21555,-2.563163,1.030303
21556,-3.528889,1.579063
21557,-2.993868,1.030303
21558,-2.461033,1.955573
21559,-1.169803,1.911146
21560,-2.466259,1.191580
21561,-3.623490,1.246980
21562,-3.911146,1.955573
21563,-2.993868,1.030303
21564,-3.528889,1.579063
21565,-2.228125,1.365341
21566,-3.397582,1.449729
21567,-3.484462,1.623490
21568,-2.964384,1.191580
21569,-2.015156,0.455573
21570,-3.824265,1.781812
21571,-1.123325,0.054604
21572,-2.526723,-0.425270
21573,-1.169803,1.911146
21574,-1.574735,-0.425270
21575,-3.333174,1.320914
21576,-2.106074,-0.658322
21577,0.284793,-1.889800
21578,-1.574293,-1.721883
21579,-3.333174,1.320914
21580,-2.964384,1.191580
21581,-3.065499,1.781812
21582,-0.609756,1.623490
21583,-2.051596,1.911146
21584,-3.694931,1.911146
21585,-3.246980,1.623490
21586,-1.445133,0.698220
21587,-3.065499,1.781812
21588,-2.228125,1.365341
21589,-1.492359,1.781812
21590,-3.824265,1.781812
21591,-3.911146,1.955573
21592,-3.434289,1.911146
21593,-3.397582,1.449729
21594,-2.051596,1.911146
21595,-1.551012,1.781812
21596,-3.824265,1.781812
21597,-1.394005,0.455573
21598,-2.272552,1.320914
21599,-3.065499,1.781812
21600,-3.333174,1.320914
21601,-3.102206,1.246980
21602,-1.652210,-0.658322
21603,-2.440004,0.142820
21604,-3.434289,1.911146
21605,-3.427775,0.988831
21606,-0.534124,-0.134659
21607,-3.065499,1.781812
21608,-3.232059,0.730682
21609,-2.576901,1.579063
21610,-2.870469,2.000000
21611,-3.194833,1.652478
21612,-3.088468,0.698220
21613,-3.194833,1.652478
21614,-2.711958,1.074730
21615,-2.374152,1.781812
21616,-3.434289,1.911146
21617,-2.242359,1.781812
21618,-3.246980,1.623490
21619,-3.281713,1.826239
21620,-3.563623,1.781812
21621,-3.326140,1.781812
21622,-2.669008,0.988831
21623,-3.088468,0.698220
21624,-0.966034,-0.162592
21625,-0.916907,-0.365341
21626,-2.038874,-1.400969
21627,-2.598822,-0.147791
21628,-3.563623,1.781812
21629,-3.065499,1.781812
21630,-3.281713,1.826239
21631,-2.598822,-0.147791
21632,-3.246980,1.623490
21633,-3.692957,1.652478
21634,-2.837543,1.579063
21635,-3.232059,0.730682
21636,-3.694931,1.911146
21637,-3.281713,1.826239
21638,-2.938128,0.142820
21639,-1.890808,-0.955573
21640,-3.563623,1.781812
21641,-3.397582,1.449729
21642,-3.088468,0.698220
21643,-3.528889,1.579063
21644,-2.553446,0.149460
21645,-2.106074,-0.658322
21646,-1.171501,-0.623490
21647,-0.734763,-0.722521
21648,-1.185762,-1.977662
21649,-3.335148,1.191580
21650,-1.944528,-1.977662
21651,-1.811776,-1.721883
21652,-3.167133,0.988831
21653,-0.150295,-0.147791
21654,-2.711958,1.074730
21655,-3.911146,1.955573
21656,-3.658223,1.449729
21657,-2.993868,1.030303
21658,-3.194833,1.652478
21659,-1.647948,-0.445042
21660,-3.866718,2.000000
21661,-2.872277,1.781812
21662,-3.779838,1.826239
21663,-3.246980,1.623490
21664,-3.281713,1.826239
21665,-3.434289,1.911146
21666,-3.658223,1.449729
21667,-3.563623,1.781812
21668,-2.872277,1.781812
21669,0.764201,-0.425270
21670,-3.824265,1.781812
21671,-3.088468,0.698220
21672,-2.859464,-0.147791
21673,-2.892753,0.440071
21674,-3.484462,1.623490
21675,-3.694931,1.911146
21676,-3.051264,1.365341
21677,-3.088468,0.698220
21678,-1.648630,-0.277479
21679,-1.349189,0.603718
21680,0.388447,0.326239
21681,-3.304955,1.652478
21682,-3.335148,1.191580
21683,-3.650504,1.955573
21684,-2.208111,1.449729
21685,-3.123202,0.900969
21686,-2.711958,1.074730
21687,-2.119812,-0.109562
21688,-3.824265,1.781812
21689,-2.872277,1.781812
21690,-3.484462,1.623490
21691,-2.163198,1.623490
21692,-2.700489,1.826239
21693,-2.717704,0.698220
21694,-3.826239,1.652478
21695,-2.793116,1.623490
21696,-2.717704,0.698220
21697,-3.563623,1.781812
21698,-3.397582,1.449729
21699,-3.484462,1.623490
21700,-2.431855,0.900969
21701,-3.822291,1.911146
21702,-3.652478,1.826239
21703,-1.836861,1.579063
21704,-3.397582,1.449729
21705,-3.490208,1.246980
21706,-3.335148,1.191580
21707,-3.490208,1.246980
21708,-2.430339,0.123490
21709,-2.598822,-0.147791
21710,-0.810020,1.191580
21711,-2.461033,1.955573
21712,-3.650504,1.955573
21713,-1.733246,0.500000
21714,-2.700489,1.826239
21715,-3.158125,1.579063
21716,-3.484462,1.623490
21717,-1.607199,0.123490
21718,-3.324167,1.911146
21719,-3.158125,1.579063
21720,-1.088404,-0.914101
21721,-1.170844,-1.233052
21722,-0.880142,0.440071
21723,-1.557314,-0.109562
21724,-2.563163,1.030303
21725,-2.670453,0.603718
21726,-3.326140,1.781812
21727,-2.837543,1.579063
21728,-3.658223,1.449729
21729,-1.003761,1.579063
21730,-1.719513,1.246980
21731,-3.955573,1.911146
21732,-2.670453,0.603718
21733,-1.801938,0.900969
21734,-3.232059,0.730682
21735,-3.095692,1.320914
21736,-3.074730,0.149460
21737,-3.462508,1.191580
21738,-2.316833,-1.233052
21739,-1.116526,0.733052
21740,-2.466259,1.191580
21741,-3.528889,1.579063
21742,-3.824265,1.781812
21743,-2.431855,0.900969
21744,-3.779838,1.826239
21745,-2.388932,-0.955573
21746,-1.811776,-1.721883
21747,-1.855707,-1.634021
21748,-2.899457,1.449729
21749,-3.167133,0.988831
21750,-2.641828,1.320914
21751,-3.911146,1.955573
21752,-2.742943,1.911146
21753,-3.246980,1.623490
21754,-3.528889,1.579063
21755,-2.742943,1.911146
21756,-3.824265,1.781812
21757,-3.167133,0.988831
21758,-2.184738,-0.367711
21759,-1.445881,-0.074730
21760,-3.427775,0.988831
21761,-3.822291,1.911146
21762,-3.397582,1.449729
21763,-3.333174,1.320914
21764,-1.074632,0.054604
21765,-2.706235,1.449729
21766,-3.826239,1.652478
21767,-3.304955,1.652478
21768,-1.568917,-1.211352
21769,-1.551938,0.400969
21770,-1.409351,-0.147791
21771,-1.120429,-1.721883
21772,0.259051,-0.074730
21773,-3.158125,1.579063
21774,-0.842470,-1.889800
21775,-2.184738,-0.367711
21776,-0.654932,1.030303
21777,-2.670453,0.603718
21778,-3.658223,1.449729
21779,-3.051264,1.365341
21780,-2.899457,1.449729
21781,-2.892753,0.440071
21782,-3.427775,0.988831
21783,-1.928302,-1.488831
21784,-2.859464,-0.147791
21785,-2.106074,-0.658322
21786,-2.883745,1.030303
21787,-2.598822,-0.147791
21788,-3.158125,1.579063
21789,-3.650504,1.955573
21790,-2.334986,1.579063
21791,-3.335148,1.191580
21792,-3.650504,1.955573
21793,-2.367905,-0.134659
21794,-1.557314,-0.109562
21795,-2.541119,0.733052
21796,-2.385621,1.030303
21797,-4.000000,2.000000
21798,-2.941449,0.149460
21799,-1.006419,-1.211352
21800,-2.430339,0.123490
21801,-3.158125,1.579063
21802,-3.652478,1.826239
21803,-2.835050,1.320914
21804,-2.343556,-0.658322
21805,-2.100697,-0.147791
21806,-1.261910,1.320914
21807,-1.977662,0.988831
21808,-3.490208,1.246980
21809,-3.158125,1.579063
21810,-3.658223,1.449729
21811,-2.155959,-0.425270
21812,-3.490208,1.246980
21813,-3.822291,1.911146
21814,-2.383160,1.191580
21815,-3.161387,1.365341
21816,-3.658223,1.449729
21817,-2.826042,1.911146
21818,-2.374152,1.781812
21819,-1.727818,-1.889800
21820,-3.490208,1.246980
21821,-2.336959,1.449729
21822,-2.711958,1.074730
21823,-3.694931,1.911146
21824,-2.302521,1.030303
21825,-2.461033,1.955573
21826,-2.641828,1.320914
21827,-3.434289,1.911146
21828,-3.563623,1.781812
21829,-2.302521,1.030303
21830,-2.337712,0.326239
21831,-1.977662,0.988831
21832,-2.892753,0.440071
21833,-3.694931,1.911146
21834,-3.955573,1.911146
21835,-2.706235,1.449729
21836,-3.051264,1.365341
21837,0.140244,0.123490
21838,-0.864659,-0.365341
21839,-2.383160,1.191580
21840,-2.780575,0.603718
21841,-3.911146,1.955573
21842,-2.835050,1.320914
21843,-3.563623,1.781812
21844,-3.911146,1.955573
21845,-2.899457,1.449729
21846,-3.484462,1.623490
21847,-3.822291,1.911146
21848,-1.507653,-1.721883
21849,0.123782,-0.147791
21850,-0.322099,-0.722521
21851,-3.650504,1.955573
21852,-3.563623,1.781812
21853,-3.158125,1.579063
21854,-0.974766,1.579063
21855,-3.158125,1.579063
21856,-1.928302,-1.488831
21857,-3.650504,1.955573
21858,-3.194833,1.652478
21859,-2.706235,1.449729
21860,-3.528889,1.579063
21861,-3.462508,1.191580
21862,-2.184738,-0.367711
21863,-2.641828,1.320914
21864,-3.658223,1.449729
21865,-3.397582,1.449729
21866,-3.824265,1.781812
21867,-0.787833,-0.623490
21868,-3.824265,1.781812
21869,-1.977662,0.988831
21870,-2.374152,1.781812
21871,-2.371693,1.652478
21872,-3.623490,1.246980
21873,-2.859464,-0.147791
21874,-2.938128,0.142820
21875,-1.890808,-0.955573
21876,-1.180804,0.266948
21877,-0.382320,0.988831
21878,-0.496114,1.320914
21879,-3.427775,0.988831
21880,-3.694931,1.911146
21881,-2.518736,1.074730
21882,-3.824265,1.781812
21883,-2.208111,1.449729
21884,-2.644197,-0.445042
21885,-2.110972,-1.123490
21886,-1.873490,-1.123490
21887,-3.304955,1.652478
21888,-2.261572,-0.955573
21889,-0.186374,0.093187
21890,0.873269,-0.914101
21891,-3.911146,1.955573
21892,-3.822291,1.911146
21893,-3.656250,1.579063
21894,-3.824265,1.781812
21895,-3.158125,1.579063
21896,-1.005460,-0.955573
21897,-2.810768,0.142820
21898,-2.144490,0.326239
21899,-1.207436,0.603718
21900,-2.261572,-0.955573
21901,-0.700386,1.030303
21902,-1.703282,0.440071
21903,-2.641828,1.320914
21904,-3.335148,1.191580
21905,-3.822291,1.911146
21906,-2.872277,1.781812
21907,-3.650504,1.955573
21908,-2.872277,1.781812
21909,-3.167133,0.988831
21910,-3.650504,1.955573
21911,-1.357582,-1.634021
21912,-0.259807,0.222521
21913,0.423840,-0.623490
21914,-3.215828,0.698220
21915,-1.462714,0.222521
21916,-3.490208,1.246980
21917,-3.167133,0.988831
21918,-2.337712,0.326239
21919,-3.326140,1.781812
21920,-1.006419,-1.211352
21921,-1.198511,1.030303
21922,-2.899457,1.449729
21923,-3.911146,1.955573
21924,-3.246980,1.623490
21925,-2.098256,0.455573
21926,-2.256195,-0.445042
21927,-2.060606,1.030303
21928,-3.065499,1.781812
21929,-2.711958,1.074730
21930,-3.824265,1.781812
21931,-3.563623,1.781812
21932,-3.656250,1.579063
21933,-2.242359,1.781812
21934,-2.493959,1.246980
21935,-3.911146,1.955573
21936,-1.207436,0.603718
21937,-2.100697,-0.147791
21938,-3.397582,1.449729
21939,-2.116349,-1.634021
21940,-2.941449,0.149460
21941,-0.765763,0.730682
21942,-1.713557,-0.535628
21943,-3.333174,1.320914
21944,-1.762918,-1.211352
21945,0.640322,0.326239
21946,-2.541119,0.733052
21947,-3.326140,1.781812
21948,-3.955573,1.911146
21949,-3.955573,1.911146
21950,-3.167133,0.988831
21951,-2.540461,0.123490
21952,-0.000125,-0.033258
21953,-2.256195,-0.445042
21954,-1.811776,-1.721883
21955,-1.926590,-0.109562
21956,-3.658223,1.449729
21957,-2.870469,2.000000
21958,-2.235810,0.730682
21959,-2.141244,1.191580
21960,-2.136480,0.698220
21961,-1.330319,-0.914101
21962,-3.563623,1.781812
21963,-3.088468,0.698220
21964,-3.911146,1.955573
21965,-2.899457,1.449729
21966,-1.375695,-1.211352
21967,-0.009807,-0.277479
21968,-1.207436,0.603718
21969,-2.366718,-1.000000
21970,-2.176109,0.777479
21971,-3.153395,0.440071
21972,-2.883745,1.030303
21973,-2.518736,1.074730
21974,-3.911146,1.955573
21975,-3.158125,1.579063
21976,-2.430339,0.123490
21977,-3.563623,1.781812
21978,-3.065499,1.781812
21979,-2.641828,1.320914
21980,1.117905,-0.365341
21981,-1.978716,-1.000000
21982,-1.039051,0.266948
21983,-2.874250,1.652478
21984,-2.706235,1.449729
21985,-3.822291,1.911146
21986,-2.383160,1.191580
21987,-2.844057,0.730682
21988,1.246980,-0.623490
21989,-3.490208,1.246980
21990,-3.822291,1.911146
21991,-3.304955,1.652478
21992,-3.158125,1.579063
21993,-3.335148,1.191580
21994,-2.810768,0.142820
21995,-2.394628,0.440071
21996,-2.810768,0.142820
21997,-1.349578,0.500000
21998,-3.158125,1.579063
21999,-3.335148,1.191580
22000,0.137041,0.054604
22001,-0.686069,-0.722521
22002,-2.133667,-1.466104
22003,-2.184738,-0.367711
22004,0.486254,-1.400969
22005,-2.859464,-0.147791
22006,-0.503178,1.449729
22007,-3.095692,1.320914
22008,-3.434289,1.911146
22009,-3.866718,2.000000
22010,-3.232059,0.730682
22011,-1.044797,-0.109562
22012,-1.441541,-1.466104
22013,-1.965750,-1.801938
22014,-3.656250,1.579063
22015,-3.095692,1.320914
22016,-2.181855,0.400969
22017,-3.335148,1.191580
22018,-3.427775,0.988831
22019,-1.801938,0.900969
22020,-1.988459,-1.889800
22021,-0.450484,-1.801938
22022,0.546495,0.777479
22023,-3.563623,1.781812
22024,-3.158125,1.579063
22025,-3.824265,1.781812
22026,-3.563623,1.781812
22027,-1.833963,0.093187
22028,-2.256195,-0.445042
22029,-3.490208,1.246980
22030,-2.176109,0.777479
22031,-2.316833,-1.233052
22032,-0.880142,0.440071
22033,-1.733246,0.500000
22034,-1.928302,-1.488831
22035,-2.060606,1.030303
22036,-3.095692,1.320914
22037,-3.304955,1.652478
22038,-1.149815,1.320914
22039,-2.038874,-1.400969
22040,-1.690819,-1.488831
22041,-2.184738,-0.367711
22042,-3.051264,1.365341
22043,-3.911146,1.955573
22044,-3.434289,1.911146
22045,-2.837543,1.579063
22046,-3.694931,1.911146
22047,-2.374152,1.781812
22048,-3.194833,1.652478
22049,0.084793,0.054604
22050,-0.824281,-0.162592
22051,-1.475625,-0.623490
22052,-1.466104,0.733052
22053,-2.700489,1.826239
22054,-3.490208,1.246980
22055,-2.430339,0.123490
22056,-3.652478,1.826239
22057,-3.246980,1.623490
22058,-1.977662,0.988831
22059,-3.065499,1.781812
22060,-2.311457,-0.722521
22061,-3.333174,1.320914
22062,-0.246980,0.123490
22063,-3.658223,1.449729
22064,-3.484462,1.623490
22065,-2.334986,1.579063
22066,-3.563623,1.781812
22067,-3.153395,0.440071
22068,-3.650504,1.955573
22069,-2.430339,0.123490
22070,-3.304955,1.652478
22071,-2.572099,-0.722521
22072,-1.475625,-0.623490
22073,-2.717704,0.698220
22074,-2.706235,1.449729
22075,-3.153395,0.440071
22076,-3.490208,1.246980
22077,-3.324167,1.911146
22078,-3.656250,1.579063
22079,-3.333174,1.320914
22080,-3.490208,1.246980
22081,-2.430339,0.123490
22082,-3.650504,1.955573
22083,-3.484462,1.623490
22084,-2.541119,0.733052
22085,-4.000000,2.000000
22086,-2.334986,1.579063
22087,-0.317668,1.911146
22088,-3.167133,0.988831
22089,-2.641828,1.320914
22090,-1.955475,-0.826239
22091,-3.826239,1.652478
22092,-1.864156,-0.367711
22093,-1.773241,0.455573
22094,-2.730682,1.365341
22095,-3.490208,1.246980
22096,-3.911146,1.955573
22097,-3.397582,1.449729
22098,-2.700489,1.826239
22099,-3.652478,1.826239
22100,-3.658223,1.449729
22101,-2.430339,0.123490
22102,-1.922262,1.652478
22103,-3.158125,1.579063
22104,-0.702281,0.603718
22105,-3.304955,1.652478
22106,-3.158125,1.579063
22107,-3.095692,1.320914
22108,-3.065499,1.781812
22109,-2.168944,1.246980
22110,-3.326140,1.781812
22111,-1.593993,0.988831
22112,-1.845869,0.988831
22113,-4.000000,2.000000
22114,-3.563623,1.781812
22115,-3.563623,1.781812
22116,-3.822291,1.911146
22117,-2.899457,1.449729
22118,-3.824265,1.781812
22119,-3.824265,1.781812
22120,-2.730682,1.365341
22121,-3.304955,1.652478
22122,-3.658223,1.449729
22123,-3.215828,0.698220
22124,-2.706235,1.449729
22125,-3.397582,1.449729
22126,-3.335148,1.191580
22127,-3.123202,0.900969
22128,-2.337712,0.326239
22129,-2.374152,1.781812
22130,-2.892753,0.440071
22131,-3.333174,1.320914
22132,-3.333174,1.320914
22133,-2.810768,0.142820
22134,-3.161387,1.365341
22135,-3.427775,0.988831
22136,-1.873040,-1.211352
22137,-3.563623,1.781812
22138,-3.051264,1.365341
22139,-3.051264,1.365341
22140,-2.938128,0.142820
22141,-1.168783,-0.365341
22142,-2.038874,-1.400969
22143,-3.650504,1.955573
22144,-1.551012,1.781812
22145,-0.179571,1.191580
22146,-3.824265,1.781812
22147,-2.394628,0.440071
22148,-2.730682,1.365341
22149,-3.158125,1.579063
22150,-2.874250,1.652478
22151,-2.518736,1.074730
22152,-2.096023,2.000000
22153,-2.899457,1.449729
22154,-3.215828,0.698220
22155,-2.337712,0.326239
22156,-1.475625,-0.623490
22157,-0.828197,0.988831
22158,-2.641828,1.320914
22159,-3.462508,1.191580
22160,-3.563623,1.781812
22161,-3.911146,1.955573
22162,-3.866718,2.000000
22163,-2.410859,1.246980
22164,-2.993868,1.030303
22165,-3.563623,1.781812
22166,-3.051264,1.365341
22167,-3.866718,2.000000
22168,-2.388932,-0.955573
22169,-1.988459,-1.889800
22170,-2.518736,1.074730
22171,-0.072451,-0.134659
22172,-3.051264,1.365341
22173,-3.528889,1.579063
22174,-1.845869,0.988831
22175,-2.711958,1.074730
22176,-2.872277,1.781812
22177,-2.793116,1.623490
22178,-3.427775,0.988831
22179,-3.694931,1.911146
22180,-3.427775,0.988831
22181,-3.281713,1.826239
22182,-2.272552,1.320914
22183,-2.899457,1.449729
22184,-1.300576,-0.365341
22185,-3.824265,1.781812
22186,-0.749532,0.698220
22187,-2.038874,-1.400969
22188,-2.964384,1.191580
22189,-2.641828,1.320914
22190,-3.123202,0.900969
22191,-2.859464,-0.147791
22192,-2.706235,1.449729
22193,-3.123202,0.900969
22194,-2.166234,-1.400969
22195,-0.637763,-0.535628
22196,-2.780575,0.603718
22197,-0.317668,1.911146
22198,-1.396440,0.698220
22199,-1.406715,-0.277479
22200,-0.771367,0.222521
22201,-2.859464,-0.147791
22202,-3.656250,1.579063
22203,-3.822291,1.911146
22204,-2.810768,0.142820
22205,-3.167133,0.988831
22206,-2.166234,-1.400969
22207,-1.624178,-1.488831
22208,-1.275116,0.455573
22209,-3.324167,1.911146
22210,-3.326140,1.781812
22211,-3.656250,1.579063
22212,-3.333174,1.320914
22213,-4.000000,2.000000
22214,-3.153395,0.440071
22215,-3.158125,1.579063
22216,-3.563623,1.781812
22217,-2.899457,1.449729
22218,-1.214222,1.449729
22219,-1.554958,0.777479
22220,-2.119812,-0.109562
22221,-3.528889,1.579063
22222,-3.650504,1.955573
22223,1.027496,1.579063
22224,-0.880142,0.440071
22225,-2.883745,1.030303
22226,-2.038874,-1.400969
22227,-3.333174,1.320914
22228,-2.336959,1.449729
22229,-3.692957,1.652478
22230,-3.065499,1.781812
22231,-2.859464,-0.147791
22232,-2.964384,1.191580
22233,-3.911146,1.955573
22234,-0.336881,-0.826239
22235,-0.789708,-1.123490
22236,-2.696708,1.652478
22237,-1.489885,-1.977662
22238,-1.248319,-1.466104
22239,-2.149460,1.074730
22240,-2.100697,-0.147791
22241,-3.623490,1.246980
22242,-2.598822,-0.147791
22243,-3.911146,1.955573
22244,-3.397582,1.449729
22245,-2.964384,1.191580
22246,-3.623490,1.246980
22247,-1.308725,-1.123490
22248,-2.493959,1.246980
22249,-3.324167,1.911146
22250,-3.152379,1.955573
22251,-2.383160,1.191580
22252,-2.899457,1.449729
22253,-2.810768,0.142820
22254,-3.822291,1.911146
22255,-3.333174,1.320914
22256,-2.883745,1.030303
22257,-3.304955,1.652478
22258,-3.158125,1.579063
22259,-3.335148,1.191580
22260,-1.813332,-0.722521
22261,-2.136480,0.698220
22262,-1.801938,0.900969
22263,-3.528889,1.579063
22264,-3.528889,1.579063
22265,-2.641828,1.320914
22266,-1.717542,-0.914101
22267,-2.993868,1.030303
22268,-2.366718,-1.000000
22269,-2.261572,-0.955573
22270,-2.144490,0.326239
22271,-1.231001,-1.634021
22272,-1.397882,0.603718
22273,-3.652478,1.826239
22274,-1.773241,0.455573
22275,-2.899457,1.449729
22276,-3.158125,1.579063
22277,-2.367905,-0.134659
22278,-2.176109,0.777479
22279,-3.158125,1.579063
22280,-2.793116,1.623490
22281,-0.709168,-0.914101
22282,-2.670453,0.603718
22283,-3.326140,1.781812
22284,-3.333174,1.320914
22285,-3.955573,1.911146
22286,-3.650504,1.955573
22287,-2.184738,-0.367711
22288,-3.658223,1.449729
22289,-3.866718,2.000000
22290,-3.563623,1.781812
22291,-3.333174,1.320914
22292,-1.690819,-1.488831
22293,-1.088404,-0.914101
22294,-2.349870,0.603718
22295,-2.337712,0.326239
22296,-3.397582,1.449729
22297,-3.215828,0.698220
22298,-2.493959,1.246980
22299,-2.349870,0.603718
22300,-2.374152,1.781812
22301,-3.065499,1.781812
22302,-3.324167,1.911146
22303,-3.563623,1.781812
22304,-3.158125,1.579063
22305,-2.334986,1.579063
22306,-2.641828,1.320914
22307,-3.397582,1.449729
22308,-3.065499,1.781812
22309,-3.652478,1.826239
22310,-3.333174,1.320914
22311,-4.000000,2.000000
22312,-3.822291,1.911146
22313,-1.396440,0.698220
22314,-3.246980,1.623490
22315,-2.730682,1.365341
22316,-3.822291,1.911146
22317,-2.874250,1.652478
22318,-3.911146,1.955573
22319,-2.899457,1.449729
22320,-3.333174,1.320914
22321,-3.304955,1.652478
22322,-3.656250,1.579063
22323,-3.652478,1.826239
22324,-3.563623,1.781812
22325,-1.811776,-1.721883
22326,-2.541119,0.733052
22327,-3.484462,1.623490
22328,-2.641828,1.320914
22329,-3.650504,1.955573
22330,-2.541119,0.733052
22331,-3.161387,1.365341
22332,-2.349870,0.603718
22333,-2.859464,-0.147791
22334,-3.911146,1.955573
22335,-3.246980,1.623490
22336,-3.065499,1.781812
22337,-2.294861,-0.367711
22338,-3.335148,1.191580
22339,-3.333174,1.320914
22340,-3.158125,1.579063
22341,0.188432,0.455573
22342,-3.333174,1.320914
22343,-1.858780,0.142820
22344,-2.056191,-1.233052
22345,-3.528889,1.579063
22346,-3.095692,1.320914
22347,-3.955573,1.911146
22348,-3.095692,1.320914
22349,-3.427775,0.988831
22350,-2.885719,0.900969
22351,-3.246980,1.623490
22352,-3.955573,1.911146
22353,-3.246980,1.623490
22354,-0.492457,-0.826239
22355,-1.652210,-0.658322
22356,-2.870469,2.000000
22357,-2.873202,0.400969
22358,-1.003761,1.579063
22359,-2.466259,1.191580
22360,-2.696708,1.652478
22361,-3.563623,1.781812
22362,-1.914041,-0.134659
22363,-1.634892,-0.826239
22364,-1.977662,0.988831
22365,-2.136480,0.698220
22366,-3.779838,1.826239
22367,-2.706235,1.449729
22368,-2.899457,1.449729
22369,-2.526723,-0.425270
22370,-2.440004,0.142820
22371,-2.337712,0.326239
22372,-2.141244,1.191580
22373,-3.563623,1.781812
22374,-3.779838,1.826239
22375,-2.696708,1.652478
22376,-2.518736,1.074730
22377,-3.563623,1.781812
22378,-2.899457,1.449729
22379,-2.015156,0.455573
22380,-3.333174,1.320914
22381,-2.163198,1.623490
22382,-2.119812,-0.109562
22383,-2.136480,0.698220
22384,-2.870469,2.000000
22385,-1.681370,1.030303
22386,-3.563623,1.781812
22387,-1.551012,1.781812
22388,-3.658223,1.449729
22389,-2.431855,0.900969
22390,-1.977662,0.988831
22391,-2.149460,1.074730
22392,0.417869,0.440071
22393,-0.221544,-0.535628
22394,-1.233709,-0.623490
22395,-1.412671,0.730682
22396,-3.824265,1.781812
22397,-3.281713,1.826239
22398,-3.326140,1.781812
22399,-3.528889,1.579063
22400,-0.602063,-0.162592
22401,-1.648630,-0.277479
22402,-2.431855,0.900969
22403,-2.885719,0.900969
22404,-3.194833,1.652478
22405,-1.000000,0.500000
22406,-0.137905,0.500000
22407,-1.116526,0.733052
22408,-3.427775,0.988831
22409,-3.528889,1.579063
22410,-2.431855,0.900969
22411,-3.692957,1.652478
22412,-2.394628,0.440071
22413,-2.576901,1.579063
22414,-2.208111,1.449729
22415,-0.688917,1.781812
22416,-3.911146,1.955573
22417,-3.333174,1.320914
22418,-2.711958,1.074730
22419,-1.133363,0.455573
22420,-1.225625,-1.123490
22421,-2.941449,0.149460
22422,-2.056191,-1.233052
22423,-3.658223,1.449729
22424,-3.335148,1.191580
22425,-3.326140,1.781812
22426,-2.700489,1.826239
22427,-1.442336,-1.211352
22428,-3.484462,1.623490
22429,-2.700489,1.826239
22430,-3.397582,1.449729
22431,-1.236955,-1.488831
22432,-3.563623,1.781812
22433,-3.563623,1.781812
22434,-3.153395,0.440071
22435,-0.161161,-1.488831
22436,-2.563163,1.030303
22437,-3.824265,1.781812
22438,-2.410859,1.246980
22439,-3.051264,1.365341
22440,-3.065499,1.781812
22441,-3.866718,2.000000
22442,-3.281713,1.826239
22443,-3.955573,1.911146
22444,-3.397582,1.449729
22445,-1.960449,1.826239
22446,-2.141244,1.191580
22447,-2.669008,0.988831
22448,-2.572099,-0.722521
22449,-2.837543,1.579063
22450,-0.158676,1.652478
22451,-2.334986,1.579063
22452,-1.121986,-0.722521
22453,0.116318,-1.211352
22454,-2.706235,1.449729
22455,-1.801938,0.900969
22456,-1.836861,1.579063
22457,0.269318,-0.134659
22458,-0.378932,-0.445042
22459,-3.866718,2.000000
22460,-1.200484,0.900969
22461,-3.650504,1.955573
22462,-3.824265,1.781812
22463,-3.650504,1.955573
22464,-3.779838,1.826239
22465,-2.993868,1.030303
22466,-1.719513,1.246980
22467,-1.877888,-1.977662
22468,0.476746,-1.233052
22469,-0.652478,0.326239
22470,-2.311457,-0.722521
22471,-1.858780,0.142820
22472,-0.824281,-0.162592
22473,-4.000000,2.000000
22474,-3.826239,1.652478
22475,-2.883745,1.030303
22476,-2.635719,0.400969
22477,-3.152379,1.955573
22478,-2.493959,1.246980
22479,-3.158125,1.579063
22480,-3.563623,1.781812
22481,-1.965750,-1.801938
22482,-2.334986,1.579063
22483,-0.246980,0.123490
22484,-1.855707,-1.634021
22485,-2.349870,0.603718
22486,-1.413198,1.623490
22487,-0.285640,0.142820
22488,-3.824265,1.781812
22489,-2.605388,-0.134659
22490,-3.822291,1.911146
22491,-2.347897,0.733052
22492,-2.272552,1.320914
22493,-3.365341,0.730682
22494,-1.922262,1.652478
22495,-3.911146,1.955573
22496,-1.864156,-0.367711
22497,-2.431855,0.900969
22498,-2.844057,0.730682
22499,-0.496114,1.320914
22500,-3.563623,1.781812
22501,-2.144490,0.326239
22502,-3.694931,1.911146
22503,-1.719513,1.246980
22504,-2.149460,1.074730
22505,-1.988459,-1.889800
22506,-2.155959,-0.425270
22507,-2.669008,0.988831
22508,-2.493959,1.246980
22509,-1.155045,-0.914101
22510,-2.316833,-1.233052
22511,-2.883745,1.030303
22512,-2.717704,0.698220
22513,-2.669008,0.988831
22514,-3.326140,1.781812
22515,-3.335148,1.191580
22516,-3.095692,1.320914
22517,-2.518736,1.074730
22518,-3.158125,1.579063
22519,-2.669008,0.988831
22520,-3.397582,1.449729
22521,-3.822291,1.911146
22522,-3.652478,1.826239
22523,-3.335148,1.191580
22524,-2.383160,1.191580
22525,-2.383160,1.191580
22526,-3.326140,1.781812
22527,-2.334986,1.579063
22528,-3.478716,2.000000
22529,-2.208111,1.449729
22530,-3.246980,1.623490
22531,-3.656250,1.579063
22532,-2.242359,1.781812
22533,-2.461033,1.955573
22534,-2.835050,1.320914
22535,-1.270918,0.730682
22536,-1.890808,-0.955573
22537,-3.051264,1.365341
22538,-3.326140,1.781812
22539,-2.696708,1.652478
22540,-2.038874,-1.400969
22541,-2.440004,0.142820
22542,-2.367905,-0.134659
22543,-2.742943,1.911146
22544,-1.011473,1.652478
22545,-3.194833,1.652478
22546,-3.694931,1.911146
22547,-3.563623,1.781812
22548,-3.333174,1.320914
22549,-3.095692,1.320914
22550,-3.088468,0.698220
22551,-0.259807,0.222521
22552,-2.572099,-0.722521
22553,-2.526723,-0.425270
22554,-1.170844,-1.233052
22555,-2.641828,1.320914
22556,-2.431855,0.900969
22557,-3.268248,1.579063
22558,-3.866718,2.000000
22559,-3.397582,1.449729
22560,-2.388932,-0.955573
22561,-2.885719,0.900969
22562,-3.563623,1.781812
22563,-3.955573,1.911146
22564,-2.706235,1.449729
22565,-3.065499,1.781812
22566,-3.824265,1.781812
22567,-1.550062,0.900969
22568,-2.706235,1.449729
22569,-3.281713,1.826239
22570,-3.153395,0.440071
22571,-1.507653,-1.721883
22572,-1.225625,-1.123490
22573,-2.155959,-0.425270
22574,-3.365341,0.730682
22575,-3.490208,1.246980
22576,-1.933731,0.900969
22577,-3.246980,1.623490
22578,-3.652478,1.826239
22579,-2.383160,1.191580
22580,-3.824265,1.781812
22581,-2.493959,1.246980
22582,-3.656250,1.579063
22583,-3.335148,1.191580
22584,-3.335148,1.191580
22585,-1.906779,-0.535628
22586,-1.858780,0.142820
22587,-2.899457,1.449729
22588,-2.367905,-0.134659
22589,-1.554958,0.777479
22590,-3.158125,1.579063
22591,-2.706235,1.449729
22592,-0.586211,-0.147791
22593,-0.528520,0.777479
22594,-2.883745,1.030303
22595,-1.762008,1.191580
22596,-2.334986,1.579063
22597,-3.650504,1.955573
22598,-3.397582,1.449729
22599,-3.324167,1.911146
22600,-3.304955,1.652478
22601,-2.700489,1.826239
22602,-3.658223,1.449729
22603,-3.161387,1.365341
22604,0.266077,1.074730
22605,0.366703,0.099031
22606,-3.824265,1.781812
22607,-1.323809,0.455573
22608,-2.964384,1.191580
22609,-3.152379,1.955573
22610,-2.141244,1.191580
22611,-2.696708,1.652478
22612,-1.977662,0.988831
22613,-2.572099,-0.722521
22614,-3.051264,1.365341
22615,-0.472729,-0.033258
22616,-0.789708,-1.123490
22617,-3.866718,2.000000
22618,-3.824265,1.781812
22619,-3.462508,1.191580
22620,-3.065499,1.781812
22621,-3.051264,1.365341
22622,-2.899457,1.449729
22623,-1.593993,0.988831
22624,-2.899457,1.449729
22625,-2.872277,1.781812
22626,-3.563623,1.781812
22627,-3.484462,1.623490
22628,-3.911146,1.955573
22629,-3.692957,1.652478
22630,-2.873202,0.400969
22631,-1.695108,1.579063
22632,-3.911146,1.955573
22633,-1.917063,0.093187
22634,-1.917063,0.093187
22635,-3.563623,1.781812
22636,-2.899457,1.449729
22637,-3.658223,1.449729
22638,-2.541119,0.733052
22639,-2.141244,1.191580
22640,-2.793116,1.623490
22641,-3.333174,1.320914
22642,-3.824265,1.781812
22643,-2.635719,0.400969
22644,-3.563623,1.781812
22645,-3.281713,1.826239
22646,-2.899457,1.449729
22647,-3.779838,1.826239
22648,-1.849772,0.733052
22649,-2.302521,1.030303
22650,-1.133363,0.455573
22651,-2.526723,-0.425270
22652,-2.964384,1.191580
22653,-2.730682,1.365341
22654,-3.822291,1.911146
22655,-2.176109,0.777479
22656,-1.554958,0.777479
22657,-1.833963,0.093187
22658,-0.117905,-0.134659
22659,-0.628209,0.455573
22660,2.104203,-1.466104
22661,-3.167133,0.988831
22662,-2.899457,1.449729
22663,-2.696708,1.652478
22664,-3.088468,0.698220
22665,-3.333174,1.320914
22666,-3.088468,0.698220
22667,-3.528889,1.579063
22668,-0.666236,-1.634021
22669,-3.246980,1.623490
22670,-0.254431,0.733052
22671,-3.161387,1.365341
22672,-3.826239,1.652478
22673,-3.490208,1.246980
22674,-0.847680,1.246980
22675,-2.518736,1.074730
22676,-3.335148,1.191580
22677,-0.879043,-1.466104
22678,-2.302521,1.030303
22679,-2.742943,1.911146
22680,-2.938128,0.142820
22681,-0.652478,0.326239
22682,-1.214222,1.449729
22683,-3.232059,0.730682
22684,-1.890808,-0.955573
22685,-0.544316,-0.722521
22686,-0.983709,-1.123490
22687,-1.890808,-0.955573
22688,-3.434289,1.911146
22689,-3.484462,1.623490
22690,-3.281713,1.826239
22691,-3.246980,1.623490
22692,-3.434289,1.911146
22693,-3.102206,1.246980
22694,-2.343556,-0.658322
22695,-1.592048,0.093187
22696,-3.692957,1.652478
22697,0.087252,-0.074730
22698,-3.397582,1.449729
22699,-2.598822,-0.147791
22700,-3.333174,1.320914
22701,-3.484462,1.623490
22702,-2.598822,-0.147791
22703,-1.690819,-1.488831
22704,-1.801938,0.900969
22705,-1.557314,-0.109562
22706,-3.095692,1.320914
22707,-3.822291,1.911146
22708,-3.824265,1.781812
22709,-1.811776,-1.721883
22710,-1.668109,-1.400969
22711,-3.365341,0.730682
22712,-3.335148,1.191580
22713,-3.158125,1.579063
22714,-3.158125,1.579063
22715,-3.650504,1.955573
22716,-3.824265,1.781812
22717,-2.883745,1.030303
22718,-3.490208,1.246980
22719,-2.383160,1.191580
22720,-1.044797,-0.109562
22721,-1.965750,-1.801938
22722,-3.955573,1.911146
22723,-3.095692,1.320914
22724,-3.095692,1.320914
22725,-2.711958,1.074730
22726,-2.110972,-1.123490
22727,-0.816833,0.266948
22728,-2.576901,1.579063
22729,-2.228125,1.365341
22730,-3.692957,1.652478
22731,-3.658223,1.449729
22732,-2.119812,-0.109562
22733,-2.885719,0.900969
22734,-3.563623,1.781812
22735,-2.349870,0.603718
22736,-1.207436,0.603718
22737,-2.367905,-0.134659
22738,-1.270918,0.730682
22739,-2.706235,1.449729
22740,-3.246980,1.623490
22741,-3.246980,1.623490
22742,-3.335148,1.191580
22743,-1.864156,-0.367711
22744,0.654534,-0.033258
22745,-3.324167,1.911146
22746,-3.658223,1.449729
22747,-3.246980,1.623490
22748,-3.158125,1.579063
22749,-1.588247,1.365341
22750,-0.599578,-1.000000
22751,-1.864156,-0.367711
22752,-3.911146,1.955573
22753,-3.095692,1.320914
22754,-3.826239,1.652478
22755,-2.706235,1.449729
22756,-3.650504,1.955573
22757,-3.478716,2.000000
22758,-3.656250,1.579063
22759,-3.652478,1.826239
22760,-3.095692,1.320914
22761,-2.873202,0.400969
22762,-1.557314,-0.109562
22763,-2.835050,1.320914
22764,-2.349870,0.603718
22765,-2.334986,1.579063
22766,-3.324167,1.911146
22767,-3.333174,1.320914
22768,-3.324167,1.911146
22769,-2.700489,1.826239
22770,-2.208111,1.449729
22771,-3.167133,0.988831
22772,-3.335148,1.191580
22773,-3.158125,1.579063
22774,-3.650504,1.955573
22775,-1.210838,0.222521
22776,-0.689843,0.400969
22777,-3.528889,1.579063
22778,-3.955573,1.911146
22779,-2.208111,1.449729
22780,-1.801938,0.900969
22781,-1.926590,-0.109562
22782,-2.367905,-0.134659
22783,-1.813332,-0.722521
22784,-2.899457,1.449729
22785,-1.960449,1.826239
22786,-2.899457,1.449729
22787,-3.167133,0.988831
22788,-3.333174,1.320914
22789,-3.326140,1.781812
22790,-3.088468,0.698220
22791,-2.793116,1.623490
22792,-2.110972,-1.123490
22793,-2.644197,-0.445042
22794,-3.824265,1.781812
22795,-0.237965,1.579063
22796,-2.641828,1.320914
22797,-0.709622,0.099031
22798,-0.880142,0.440071
22799,-1.824442,1.449729
22800,-3.281713,1.826239
22801,-2.870469,2.000000
22802,-2.837543,1.579063
22803,-3.779838,1.826239
22804,-2.837543,1.579063
22805,-3.528889,1.579063
22806,-2.302521,1.030303
22807,-3.326140,1.781812
22808,-0.066833,-1.233052
22809,-2.518736,1.074730
22810,-1.801938,0.900969
22811,-3.652478,1.826239
22812,-0.712714,0.222521
22813,-3.427775,0.988831
22814,-0.652478,0.326239
22815,-1.836861,1.579063
22816,-3.158125,1.579063
22817,-2.711958,1.074730
22818,-1.551012,1.781812
22819,-3.333174,1.320914
22820,-3.824265,1.781812
22821,-1.978621,0.733052
22822,-3.911146,1.955573
22823,-3.658223,1.449729
22824,-3.065499,1.781812
22825,-3.158125,1.579063
22826,-1.168783,-0.365341
22827,-3.658223,1.449729
22828,-3.563623,1.781812
22829,-3.911146,1.955573
22830,-2.873202,0.400969
22831,-2.461033,1.955573
22832,-1.926590,-0.109562
22833,-3.304955,1.652478
22834,-3.652478,1.826239
22835,-2.941449,0.149460
22836,-2.873202,0.400969
22837,-3.161387,1.365341
22838,-2.835050,1.320914
22839,-2.717704,0.698220
22840,-3.397582,1.449729
22841,-3.650504,1.955573
22842,-0.137905,0.500000
22843,-0.553817,0.440071
22844,-2.598822,-0.147791
22845,-1.855707,-1.634021
22846,-1.928302,-1.488831
22847,-2.883745,1.030303
22848,-3.152379,1.955573
22849,-2.883745,1.030303
22850,-3.484462,1.623490
22851,-3.826239,1.652478
22852,-1.406715,-0.277479
22853,-3.397582,1.449729
22854,-2.493959,1.246980
22855,-1.637893,1.955573
22856,-3.563623,1.781812
22857,-3.152379,1.955573
22858,-3.563623,1.781812
22859,-3.158125,1.579063
22860,-2.347897,0.733052
22861,-3.304955,1.652478
22862,-3.333174,1.320914
22863,-1.121986,-0.722521
22864,-2.493959,1.246980
22865,-2.334986,1.579063
22866,-3.652478,1.826239
22867,-3.652478,1.826239
22868,-3.326140,1.781812
22869,-3.123202,0.900969
22870,-3.158125,1.579063
22871,-3.824265,1.781812
22872,-2.730682,1.365341
22873,-3.304955,1.652478
22874,-2.899457,1.449729
22875,-0.974766,1.579063
22876,-0.275215,1.826239
22877,-3.333174,1.320914
22878,-3.333174,1.320914
22879,-3.528889,1.579063
22880,-3.434289,1.911146
22881,-3.427775,0.988831
22882,-3.281713,1.826239
22883,-2.644197,-0.445042
22884,-3.779838,1.826239
22885,-3.326140,1.781812
22886,-0.373022,1.074730
22887,-2.873202,0.400969
22888,-3.167133,0.988831
22889,-2.119812,-0.109562
22890,-2.553446,0.149460
22891,-3.153395,0.440071
22892,-3.281713,1.826239
22893,-0.254431,0.733052
22894,-1.474108,-1.400969
22895,-3.652478,1.826239
22896,-3.563623,1.781812
22897,-2.899457,1.449729
22898,-3.158125,1.579063
22899,-2.461033,1.955573
22900,-0.011858,0.123490
22901,-3.304955,1.652478
22902,-2.654083,-0.425270
22903,-3.911146,1.955573
22904,-2.334986,1.579063
22905,-3.822291,1.911146
22906,-3.652478,1.826239
22907,-2.002903,1.911146
22908,-2.598822,-0.147791
22909,-2.700489,1.826239
22910,-2.730682,1.365341
22911,-3.158125,1.579063
22912,-0.637763,-0.535628
22913,-2.056191,-1.233052
22914,-2.572099,-0.722521
22915,-2.144490,0.326239
22916,-3.652478,1.826239
22917,-2.110972,-1.123490
22918,-3.326140,1.781812
22919,-2.706235,1.449729
22920,-3.563623,1.781812
22921,-2.518736,1.074730
22922,-2.166234,-1.400969
22923,-2.793116,1.623490
22924,-3.194833,1.652478
22925,-3.326140,1.781812
22926,-3.623490,1.246980
22927,-3.333174,1.320914
22928,-2.837543,1.579063
22929,-3.824265,1.781812
22930,-3.434289,1.911146
22931,-3.779838,1.826239
22932,-3.826239,1.652478
22933,-2.717704,0.698220
22934,-3.822291,1.911146
22935,-3.826239,1.652478
22936,-3.161387,1.365341
22937,-3.304955,1.652478
22938,-3.065499,1.781812
22939,-2.885719,0.900969
22940,-2.810768,0.142820
22941,-3.824265,1.781812
22942,-3.822291,1.911146
22943,-2.730682,1.365341
22944,-1.858780,0.142820
22945,-2.883745,1.030303
22946,-3.563623,1.781812
22947,-2.730682,1.365341
22948,-2.056191,-1.233052
22949,-1.149815,1.320914
22950,-3.324167,1.911146
22951,-3.822291,1.911146
22952,-2.873202,0.400969
22953,-1.198511,1.030303
22954,-3.335148,1.191580
22955,-2.730682,1.365341
22956,-3.658223,1.449729
22957,-2.430339,0.123490
22958,-3.326140,1.781812
22959,-1.261910,1.320914
22960,-3.563623,1.781812
22961,-1.474108,-1.400969
22962,-3.304955,1.652478
22963,-3.478716,2.000000
22964,-2.899457,1.449729
22965,-3.335148,1.191580
22966,-0.354198,-0.658322
22967,-1.794458,-1.889800
22968,-2.367905,-0.134659
22969,-3.427775,0.988831
22970,-1.137418,-1.466104
22971,-0.866720,-1.233052
22972,-2.431855,0.900969
22973,-3.623490,1.246980
22974,-2.644197,-0.445042
22975,-0.756100,1.955573
22976,-0.700307,0.733052
22977,-1.719513,1.246980
22978,-3.268248,1.579063
22979,-3.528889,1.579063
22980,-2.563163,1.030303
22981,-3.281713,1.826239
22982,-2.336959,1.449729
22983,-1.811776,-1.721883
22984,-1.988459,-1.889800
22985,-1.323809,0.455573
22986,-3.528889,1.579063
22987,-2.793116,1.623490
22988,-3.528889,1.579063
22989,-3.246980,1.623490
22990,-1.027479,-0.277479
22991,-1.048700,0.730682
22992,-2.133667,-1.466104
22993,-2.166234,-1.400969
22994,-2.493959,1.246980
22995,-2.383160,1.191580
22996,-3.335148,1.191580
22997,-3.824265,1.781812
22998,-3.658223,1.449729
22999,-3.652478,1.826239
23000,-2.826042,1.911146
23001,-3.152379,1.955573
23002,-2.892753,0.440071
23003,-0.810020,1.191580
23004,-2.176109,0.777479
23005,-1.397882,0.603718
23006,-3.324167,1.911146
23007,-2.700489,1.826239
23008,-3.158125,1.579063
23009,-3.158125,1.579063
23010,-1.745664,-1.466104
23011,-2.155959,-0.425270
23012,-3.167133,0.988831
23013,-2.349870,0.603718
23014,-2.500000,-1.000000
23015,-3.658223,1.449729
23016,-3.563623,1.781812
23017,-3.246980,1.623490
23018,-3.824265,1.781812
23019,-3.779838,1.826239
23020,-2.526723,-0.425270
23021,-2.553446,0.149460
23022,-2.540461,0.123490
23023,-1.551584,-1.634021
23024,-2.099031,-1.801938
23025,-3.088468,0.698220
23026,-0.607038,-1.488831
23027,-2.228125,1.365341
23028,-1.492359,1.781812
23029,-2.394628,0.440071
23030,-2.256195,-0.445042
23031,-0.855884,0.733052
23032,-2.654083,-0.425270
23033,-3.427775,0.988831
23034,-3.304955,1.652478
23035,-3.335148,1.191580
23036,-3.152379,1.955573
23037,-3.304955,1.652478
23038,-3.326140,1.781812
23039,-3.335148,1.191580
23040,-3.158125,1.579063
23041,-3.563623,1.781812
23042,-2.835050,1.320914
23043,-3.911146,1.955573
23044,-3.333174,1.320914
23045,-3.335148,1.191580
23046,-1.554958,0.777479
23047,-2.654083,-0.425270
23048,-0.186374,0.093187
23049,-3.822291,1.911146
23050,-2.541119,0.733052
23051,-3.065499,1.781812
23052,-2.669008,0.988831
23053,-1.309583,-0.955573
23054,-2.810768,0.142820
23055,-1.733246,0.500000
23056,-3.490208,1.246980
23057,-3.152379,1.955573
23058,-3.158125,1.579063
23059,-3.658223,1.449729
23060,-3.824265,1.781812
23061,-1.873490,-1.123490
23062,-0.538346,-1.889800
23063,0.351082,0.400969
23064,-2.605388,-0.134659
23065,-2.870469,2.000000
23066,-3.779838,1.826239
23067,-1.648630,-0.277479
23068,-2.518736,1.074730
23069,-3.194833,1.652478
23070,-2.431855,0.900969
23071,-2.669008,0.988831
23072,-1.760035,1.320914
23073,-2.336959,1.449729
23074,-3.268248,1.579063
23075,-2.141244,1.191580
23076,-2.526723,-0.425270
23077,-1.072099,0.777479
23078,-2.742943,1.911146
23079,-3.326140,1.781812
23080,-2.163198,1.623490
23081,-3.268248,1.579063
23082,-0.867905,1.365341
23083,-1.921819,-1.889800
23084,-0.801039,-1.488831
23085,-1.873040,-1.211352
23086,-0.388818,-0.425270
23087,-1.849772,0.733052
23088,-0.621791,-0.955573
23089,-0.544620,-0.277479
23090,-0.503178,1.449729
23091,-0.801938,0.400969
23092,-3.650504,1.955573
23093,-2.208111,1.449729
23094,-0.246980,0.123490
23095,-1.717979,0.733052
23096,-3.268248,1.579063
23097,-3.650504,1.955573
23098,-2.644197,-0.445042
23099,-3.095692,1.320914
23100,-3.528889,1.579063
23101,-3.246980,1.623490
23102,-3.955573,1.911146
23103,-2.576901,1.579063
23104,-1.845869,0.988831
23105,-2.336959,1.449729
23106,-2.563163,1.030303
23107,-3.563623,1.781812
23108,-1.643120,1.191580
23109,-2.641828,1.320914
23110,-3.650504,1.955573
23111,-2.518736,1.074730
23112,-3.102206,1.246980
23113,-3.955573,1.911146
23114,-3.333174,1.320914
23115,-2.163198,1.623490
23116,-2.938128,0.142820
23117,-3.088468,0.698220
23118,-3.194833,1.652478
23119,-2.540461,0.123490
23120,-2.563163,1.030303
23121,-2.641828,1.320914
23122,-2.431855,0.900969
23123,-1.601453,0.500000
23124,-3.065499,1.781812
23125,-1.847313,0.603718
23126,-1.978716,-1.000000
23127,-2.015156,0.455573
23128,-3.824265,1.781812
23129,-3.528889,1.579063
23130,-2.711958,1.074730
23131,-0.938334,-0.826239
23132,0.166219,-1.000000
23133,-2.899457,1.449729
23134,-2.793116,1.623490
23135,-1.836861,1.579063
23136,-1.127350,1.826239
23137,-2.892753,0.440071
23138,-3.911146,1.955573
23139,-3.484462,1.623490
23140,-3.326140,1.781812
23141,-2.347897,0.733052
23142,-2.835050,1.320914
23143,-2.641828,1.320914
23144,-3.095692,1.320914
23145,-3.652478,1.826239
23146,-3.656250,1.579063
23147,-1.149815,1.320914
23148,-2.835050,1.320914
23149,-0.864659,-0.365341
23150,-3.158125,1.579063
23151,-1.833963,0.093187
23152,-3.123202,0.900969
23153,-2.899457,1.449729
23154,-0.584824,-0.033258
23155,-2.941449,0.149460
23156,-2.883745,1.030303
23157,-3.911146,1.955573
23158,-1.039051,0.266948
23159,-3.397582,1.449729
23160,-3.215828,0.698220
23161,-3.326140,1.781812
23162,-1.977662,0.988831
23163,-3.824265,1.781812
23164,-3.158125,1.579063
23165,-2.730682,1.365341
23166,-2.717704,0.698220
23167,-1.344281,-0.535628
23168,-3.911146,1.955573
23169,-1.873040,-1.211352
23170,-1.014727,-0.162592
23171,-2.700489,1.826239
23172,-3.158125,1.579063
23173,-2.256195,-0.445042
23174,-3.658223,1.449729
23175,-3.652478,1.826239
23176,-3.153395,0.440071
23177,-1.762008,1.191580
23178,-3.652478,1.826239
23179,-2.572099,-0.722521
23180,-2.941449,0.149460
23181,-2.711958,1.074730
23182,-2.717704,0.698220
23183,-0.721721,-0.367711
23184,-2.493959,1.246980
23185,-3.822291,1.911146
23186,-3.911146,1.955573
23187,-0.065885,-0.147791
23188,-1.727818,-1.889800
23189,-2.780575,0.603718
23190,-2.700489,1.826239
23191,-3.246980,1.623490
23192,-3.158125,1.579063
23193,-2.700489,1.826239
23194,-1.550062,0.900969
23195,-2.334986,1.579063
23196,-2.883745,1.030303
23197,-2.717704,0.698220
23198,-3.333174,1.320914
23199,-3.652478,1.826239
23200,-2.163198,1.623490
23201,-3.397582,1.449729
23202,-1.858780,0.142820
23203,-1.873490,-1.123490
23204,-3.397582,1.449729
23205,-3.335148,1.191580
23206,-1.154522,0.988831
23207,-2.696708,1.652478
23208,-2.311457,-0.722521
23209,-3.333174,1.320914
23210,-3.088468,0.698220
23211,0.719201,-0.162592
23212,-0.490512,-1.721883
23213,-2.109756,0.123490
23214,-3.623490,1.246980
23215,-3.528889,1.579063
23216,-3.065499,1.781812
23217,-3.074730,0.149460
23218,-3.528889,1.579063
23219,-1.423694,-1.889800
23220,-3.232059,0.730682
23221,-3.088468,0.698220
23222,-2.793116,1.623490
23223,-3.866718,2.000000
23224,-2.302521,1.030303
23225,-3.095692,1.320914
23226,-3.694931,1.911146
23227,-2.870469,2.000000
23228,-3.779838,1.826239
23229,-3.281713,1.826239
23230,-2.461033,1.955573
23231,-2.598822,-0.147791
23232,-2.563163,1.030303
23233,-2.793116,1.623490
23234,-3.650504,1.955573
23235,-1.643120,1.191580
23236,-2.106074,-0.658322
23237,-3.167133,0.988831
23238,-2.670453,0.603718
23239,-3.194833,1.652478
23240,-3.095692,1.320914
23241,-2.835050,1.320914
23242,-2.235810,0.730682
23243,-0.834695,-0.425270
23244,-1.225625,-1.123490
23245,-2.337712,0.326239
23246,-1.462714,0.222521
23247,-2.155959,-0.425270
23248,-3.304955,1.652478
23249,-2.711958,1.074730
23250,-3.397582,1.449729
23251,-1.760035,1.320914
23252,-1.858780,0.142820
23253,-0.789708,-1.123490
23254,-1.977662,0.988831
23255,-2.576901,1.579063
23256,-2.259209,0.777479
23257,-2.116349,-1.634021
23258,-3.123202,0.900969
23259,-1.442336,-1.211352
23260,-1.928302,-1.488831
23261,-0.602063,-0.162592
23262,-3.462508,1.191580
23263,-3.692957,1.652478
23264,-3.658223,1.449729
23265,-3.955573,1.911146
23266,-3.824265,1.781812
23267,-1.492359,1.781812
23268,-3.427775,0.988831
23269,-0.237965,1.579063
23270,-1.695108,1.579063
23271,-0.700307,0.733052
23272,-3.088468,0.698220
23273,-2.938128,0.142820
23274,-3.563623,1.781812
23275,-2.563163,1.030303
23276,-3.051264,1.365341
23277,-3.232059,0.730682
23278,-3.123202,0.900969
23279,-1.409351,-0.147791
23280,-3.268248,1.579063
23281,-1.051938,0.900969
23282,-2.635719,0.400969
23283,-3.326140,1.781812
23284,-1.719513,1.246980
23285,-3.167133,0.988831
23286,-2.440004,0.142820
23287,-2.266948,-1.466104
23288,-1.731730,-0.277479
23289,-1.406715,-0.277479
23290,-2.892753,0.440071
23291,-1.933731,0.900969
23292,-2.874250,1.652478
23293,-3.911146,1.955573
23294,-3.484462,1.623490
23295,-3.246980,1.623490
23296,-3.563623,1.781812
23297,-1.550062,0.900969
23298,-3.826239,1.652478
23299,-0.939778,-1.211352
23300,-2.572099,-0.722521
23301,-2.873202,0.400969
23302,-2.235810,0.730682
23303,-2.669008,0.988831
23304,-3.123202,0.900969
23305,-3.484462,1.623490
23306,-2.837543,1.579063
23307,-2.837543,1.579063
23308,-1.412671,0.730682
23309,-1.926590,-0.109562
23310,-1.419626,-1.123490
23311,-3.563623,1.781812
23312,-3.658223,1.449729
23313,-2.553446,0.149460
23314,-2.964384,1.191580
23315,-2.259209,0.777479
23316,-1.824442,1.449729
23317,-0.729953,0.093187
23318,-0.789708,-1.123490
23319,-2.343556,-0.658322
23320,-2.870469,2.000000
23321,-3.232059,0.730682
23322,-3.658223,1.449729
23323,-3.911146,1.955573
23324,-3.281713,1.826239
23325,-1.877888,-1.977662
23326,-3.397582,1.449729
23327,-2.874250,1.652478
23328,-3.652478,1.826239
23329,-3.304955,1.652478
23330,-2.641828,1.320914
23331,-1.914041,-0.134659
23332,0.156904,-1.634021
23333,-3.123202,0.900969
23334,-3.123202,0.900969
23335,-3.563623,1.781812
23336,-3.911146,1.955573
23337,-2.938128,0.142820
23338,-3.326140,1.781812
23339,-3.095692,1.320914
23340,-3.866718,2.000000
23341,-3.563623,1.781812
23342,-3.484462,1.623490
23343,-2.669008,0.988831
23344,-2.899457,1.449729
23345,-1.933731,0.900969
23346,-2.572099,-0.722521
23347,-3.528889,1.579063
23348,-2.272552,1.320914
23349,-1.180804,0.266948
23350,-3.194833,1.652478
23351,-2.885719,0.900969
23352,-2.136480,0.698220
23353,-3.153395,0.440071
23354,-2.526723,-0.425270
23355,-2.136480,0.698220
23356,-2.938128,0.142820
23357,-2.011910,1.320914
23358,-3.528889,1.579063
23359,-3.650504,1.955573
23360,-3.528889,1.579063
23361,-3.824265,1.781812
23362,-2.394628,0.440071
23363,-2.011910,1.320914
23364,-3.955573,1.911146
23365,-2.540461,0.123490
23366,-3.911146,1.955573
23367,-2.696708,1.652478
23368,-2.938128,0.142820
23369,-3.326140,1.781812
23370,-3.123202,0.900969
23371,-3.194833,1.652478
23372,-3.911146,1.955573
23373,-2.541119,0.733052
23374,-2.038874,-1.400969
23375,-2.065597,-0.826239
23376,-3.824265,1.781812
23377,-3.484462,1.623490
23378,-3.779838,1.826239
23379,-3.650504,1.955573
23380,-3.152379,1.955573
23381,-2.892753,0.440071
23382,-3.866718,2.000000
23383,-0.939778,-1.211352
23384,-2.837543,1.579063
23385,-3.866718,2.000000
23386,-3.528889,1.579063
23387,-1.280886,-1.400969
23388,-3.065499,1.781812
23389,-2.261572,-0.955573
23390,-1.413198,1.623490
23391,-3.304955,1.652478
23392,-3.427775,0.988831
23393,-3.650504,1.955573
23394,-4.000000,2.000000
23395,-3.826239,1.652478
23396,-3.167133,0.988831
23397,-2.272552,1.320914
23398,-2.311457,-0.722521
23399,-1.423694,-1.889800
23400,-1.123325,0.054604
23401,-3.153395,0.440071
23402,-3.088468,0.698220
23403,-1.794458,-1.889800
23404,-1.945199,0.149460
23405,-2.334986,1.579063
23406,-3.161387,1.365341
23407,-0.688917,1.781812
23408,-1.445881,-0.074730
23409,-3.095692,1.320914
23410,-3.656250,1.579063
23411,-3.652478,1.826239
23412,-2.002903,1.911146
23413,-3.658223,1.449729
23414,-1.132335,-0.826239
23415,-0.787833,-0.623490
23416,-1.442336,-1.211352
23417,-3.563623,1.781812
23418,-2.730682,1.365341
23419,-3.652478,1.826239
23420,-3.911146,1.955573
23421,-3.822291,1.911146
23422,-3.824265,1.781812
23423,-3.478716,2.000000
23424,-3.152379,1.955573
23425,-3.490208,1.246980
23426,-3.304955,1.652478
23427,-3.153395,0.440071
23428,-2.541119,0.733052
23429,-1.717979,0.733052
23430,-2.011910,1.320914
23431,-3.215828,0.698220
23432,-2.872277,1.781812
23433,-2.793116,1.623490
23434,-1.858780,0.142820
23435,-2.518736,1.074730
23436,-4.000000,2.000000
23437,-2.810768,0.142820
23438,-1.945199,0.149460
23439,-2.461033,1.955573
23440,-2.493959,1.246980
23441,-3.652478,1.826239
23442,-2.334986,1.579063
23443,-2.176109,0.777479
23444,-2.272552,1.320914
23445,-3.826239,1.652478
23446,-0.834695,-0.425270
23447,-3.652478,1.826239
23448,-2.641828,1.320914
23449,-3.304955,1.652478
23450,-2.874250,1.652478
23451,-2.730682,1.365341
23452,-2.844057,0.730682
23453,-3.911146,1.955573
23454,-3.427775,0.988831
23455,-3.123202,0.900969
23456,-2.526723,-0.425270
23457,-3.658223,1.449729
23458,-2.337712,0.326239
23459,-0.722906,-0.365341
23460,-0.873667,-0.955573
23461,-3.911146,1.955573
23462,-2.883745,1.030303
23463,-1.554958,0.777479
23464,-3.158125,1.579063
23465,-3.658223,1.449729
23466,-2.793116,1.623490
23467,-2.337712,0.326239
23468,-2.383160,1.191580
23469,-3.333174,1.320914
23470,-3.656250,1.579063
23471,-2.711958,1.074730
23472,-2.208111,1.449729
23473,-3.826239,1.652478
23474,-1.229497,0.266948
23475,-2.181855,0.400969
23476,-2.835050,1.320914
23477,-3.484462,1.623490
23478,-1.836861,1.579063
23479,-2.874250,1.652478
23480,-3.304955,1.652478
23481,-1.978621,0.733052
23482,-3.304955,1.652478
23483,-2.336959,1.449729
23484,-3.650504,1.955573
23485,-3.335148,1.191580
23486,-3.065499,1.781812
23487,-3.365341,0.730682
23488,-2.208111,1.449729
23489,-3.158125,1.579063
23490,-3.158125,1.579063
23491,-2.654083,-0.425270
23492,-1.717979,0.733052
23493,-3.167133,0.988831
23494,-3.326140,1.781812
23495,-3.652478,1.826239
23496,-3.490208,1.246980
23497,-3.652478,1.826239
23498,-3.656250,1.579063
23499,-1.551012,1.781812
23500,-1.080402,-1.801938
23501,-1.878417,-1.721883
23502,-2.100697,-0.147791
23503,-2.461033,1.955573
23504,-1.118740,0.142820
23505,-2.228125,1.365341
23506,-3.051264,1.365341
23507,-3.650504,1.955573
23508,-3.326140,1.781812
23509,-2.163198,1.623490
23510,-3.911146,1.955573
23511,-3.268248,1.579063
23512,-3.281713,1.826239
23513,-2.461033,1.955573
23514,-3.779838,1.826239
23515,-3.563623,1.781812
23516,-2.100697,-0.147791
23517,-2.644197,-0.445042
23518,-2.294861,-0.367711
23519,-2.941449,0.149460
23520,-2.635719,0.400969
23521,-3.911146,1.955573
23522,-1.370469,-1.000000
23523,-2.941449,0.149460
23524,-3.335148,1.191580
23525,-2.706235,1.449729
23526,-3.333174,1.320914
23527,-3.333174,1.320914
23528,-1.275116,0.455573
23529,-3.326140,1.781812
23530,-2.431855,0.900969
23531,-1.890808,-0.955573
23532,-1.261910,1.320914
23533,-3.955573,1.911146
23534,-3.779838,1.826239
23535,-0.983709,-1.123490
23536,-1.858780,0.142820
23537,-2.730682,1.365341
23538,-2.793116,1.623490
23539,-3.652478,1.826239
23540,-3.152379,1.955573
23541,-3.563623,1.781812
23542,-3.158125,1.579063
23543,-3.563623,1.781812
23544,-1.855707,-1.634021
23545,-3.490208,1.246980
23546,-3.484462,1.623490
23547,-2.717704,0.698220
23548,-2.311457,-0.722521
23549,-2.493959,1.246980
23550,-3.824265,1.781812
23551,-2.859464,-0.147791
23552,-3.397582,1.449729
23553,-0.880142,0.440071
23554,-3.911146,1.955573
23555,-2.899457,1.449729
23556,-0.911146,0.455573
23557,-0.913353,-0.365341
23558,-0.851453,-1.000000
23559,-3.051264,1.365341
23560,-2.964384,1.191580
23561,-3.824265,1.781812
23562,-1.914041,-0.134659
23563,-2.892753,0.440071
23564,-1.933731,0.900969
23565,-0.709622,0.099031
23566,-2.711958,1.074730
23567,-3.623490,1.246980
23568,-3.281713,1.826239
23569,-1.118740,0.142820
23570,-3.692957,1.652478
23571,-2.336959,1.449729
23572,-3.955573,1.911146
23573,-1.789708,1.246980
23574,-3.268248,1.579063
23575,-3.397582,1.449729
23576,-3.065499,1.781812
23577,-2.576901,1.579063
23578,0.142985,1.320914
23579,-3.123202,0.900969
23580,-2.336959,1.449729
23581,-1.149815,1.320914
23582,-2.576901,1.579063
23583,-3.088468,0.698220
23584,-3.779838,1.826239
23585,-2.938128,0.142820
23586,-2.742943,1.911146
23587,-3.563623,1.781812
23588,-3.065499,1.781812
23589,-3.650504,1.955573
23590,-3.397582,1.449729
23591,-3.528889,1.579063
23592,-2.670453,0.603718
23593,-2.696708,1.652478
23594,-3.167133,0.988831
23595,-2.892753,0.440071
23596,-2.793116,1.623490
23597,-3.692957,1.652478
23598,-3.152379,1.955573
23599,-0.911611,-1.400969
23600,-3.427775,0.988831
23601,-3.779838,1.826239
23602,-3.694931,1.911146
23603,-3.911146,1.955573
23604,-3.153395,0.440071
23605,-2.302521,1.030303
23606,-2.181855,0.400969
23607,0.043404,0.400969
23608,-2.242359,1.781812
23609,-0.000125,-0.033258
23610,-2.993868,1.030303
23611,-2.011910,1.320914
23612,-2.337712,0.326239
23613,-2.669008,0.988831
23614,-1.933731,0.900969
23615,-3.779838,1.826239
23616,-2.899457,1.449729
23617,-2.872277,1.781812
23618,1.066833,0.733052
23619,-0.151111,-0.365341
23620,-3.152379,1.955573
23621,-3.563623,1.781812
23622,-2.541119,0.733052
23623,-2.874250,1.652478
23624,-2.892753,0.440071
23625,-2.711958,1.074730
23626,-3.656250,1.579063
23627,-3.658223,1.449729
23628,-3.563623,1.781812
23629,-3.826239,1.652478
23630,-3.822291,1.911146
23631,-3.427775,0.988831
23632,-3.652478,1.826239
23633,-3.333174,1.320914
23634,-3.490208,1.246980
23635,-1.466104,0.733052
23636,-3.656250,1.579063
23637,-3.335148,1.191580
23638,-1.775215,0.326239
23639,-1.624178,-1.488831
23640,-3.462508,1.191580
23641,-3.866718,2.000000
23642,-1.636943,1.074730
23643,-3.281713,1.826239
23644,-3.528889,1.579063
23645,-3.167133,0.988831
23646,-3.528889,1.579063
23647,-2.641828,1.320914
23648,-3.462508,1.191580
23649,-3.088468,0.698220
23650,-2.302521,1.030303
23651,-3.650504,1.955573
23652,-3.563623,1.781812
23653,-3.088468,0.698220
23654,-3.779838,1.826239
23655,-3.074730,0.149460
23656,-3.167133,0.988831
23657,-2.742943,1.911146
23658,-3.051264,1.365341
23659,-3.658223,1.449729
23660,-2.388932,-0.955573
23661,-1.914041,-0.134659
23662,-3.692957,1.652478
23663,-3.123202,0.900969
23664,-3.692957,1.652478
23665,-2.116349,-1.634021
23666,-2.837543,1.579063
23667,-3.694931,1.911146
23668,-3.484462,1.623490
23669,-3.397582,1.449729
23670,-3.095692,1.320914
23671,-3.563623,1.781812
23672,-3.326140,1.781812
23673,-1.445133,0.698220
23674,-3.955573,1.911146
23675,-1.180804,0.266948
23676,-1.409351,-0.147791
23677,-1.170844,-1.233052
23678,-2.644197,-0.445042
23679,-2.316833,-1.233052
23680,-3.462508,1.191580
23681,-3.153395,0.440071
23682,-3.123202,0.900969
23683,-1.849772,0.733052
23684,-2.136480,0.698220
23685,-1.154522,0.988831
23686,-2.336959,1.449729
23687,-2.394628,0.440071
23688,-2.742943,1.911146
23689,-2.793116,1.623490
23690,-3.167133,0.988831
23691,-1.914041,-0.134659
23692,-1.960449,1.826239
23693,-3.427775,0.988831
23694,-3.462508,1.191580
23695,-3.065499,1.781812
23696,-1.934194,0.777479
23697,-2.696708,1.652478
23698,-3.623490,1.246980
23699,-3.824265,1.781812
23700,-2.892753,0.440071
23701,-1.171501,-0.623490
23702,-2.885719,0.900969
23703,-3.326140,1.781812
23704,-3.158125,1.579063
23705,-2.266948,-1.466104
23706,-2.116349,-1.634021
23707,-0.666236,-1.634021
23708,-0.299901,-1.211352
23709,-0.756100,1.955573
23710,-1.955475,-0.826239
23711,-2.706235,1.449729
23712,-3.324167,1.911146
23713,-1.762008,1.191580
23714,-3.333174,1.320914
23715,-3.397582,1.449729
23716,-2.383160,1.191580
23717,-2.873202,0.400969
23718,-0.383297,0.099031
23719,-2.261572,-0.955573
23720,-3.563623,1.781812
23721,-3.095692,1.320914
23722,-1.873490,-1.123490
23723,-3.304955,1.652478
23724,-2.349870,0.603718
23725,-2.892753,0.440071
23726,-1.384971,1.449729
23727,-2.181855,0.400969
23728,-2.144490,0.326239
23729,-2.119812,-0.109562
23730,-1.906779,-0.535628
23731,-3.304955,1.652478
23732,-2.430339,0.123490
23733,-3.167133,0.988831
23734,-3.167133,0.988831
23735,-3.824265,1.781812
23736,-3.563623,1.781812
23737,-2.883745,1.030303
23738,-3.484462,1.623490
23739,-3.822291,1.911146
23740,-2.669008,0.988831
23741,-3.824265,1.781812
23742,-3.326140,1.781812
23743,-2.272552,1.320914
23744,-3.652478,1.826239
23745,-3.158125,1.579063
23746,-2.941449,0.149460
23747,-2.110972,-1.123490
23748,-1.945199,0.149460
23749,-1.032469,0.698220
23750,-3.167133,0.988831
23751,-3.563623,1.781812
23752,-3.911146,1.955573
23753,-2.669008,0.988831
23754,-2.493959,1.246980
23755,-2.669008,0.988831
23756,-3.826239,1.652478
23757,-3.652478,1.826239
23758,-3.326140,1.781812
23759,-1.926590,-0.109562
23760,-0.447247,0.730682
23761,-2.051596,1.911146
23762,-0.168606,-0.033258
23763,-3.167133,0.988831
23764,-3.158125,1.579063
23765,-3.490208,1.246980
23766,-2.347897,0.733052
23767,-3.911146,1.955573
23768,-2.176109,0.777479
23769,-3.490208,1.246980
23770,-2.337712,0.326239
23771,-2.885719,0.900969
23772,-2.835050,1.320914
23773,-3.563623,1.781812
23774,-3.365341,0.730682
23775,-3.824265,1.781812
23776,-3.167133,0.988831
23777,-3.824265,1.781812
23778,-3.652478,1.826239
23779,-3.152379,1.955573
23780,-2.654083,-0.425270
23781,-3.333174,1.320914
23782,-2.461033,1.955573
23783,-1.236955,-1.488831
23784,-0.071261,-0.658322
23785,-2.388932,-0.955573
23786,-1.474108,-1.400969
23787,-1.734301,-1.488831
23788,-2.835050,1.320914
23789,-3.123202,0.900969
23790,-3.563623,1.781812
23791,-3.484462,1.623490
23792,-1.733246,0.500000
23793,-2.343556,-0.658322
23794,-2.367905,-0.134659
23795,-3.326140,1.781812
23796,-3.650504,1.955573
23797,-3.335148,1.191580
23798,-2.872277,1.781812
23799,-2.899457,1.449729
23800,-3.563623,1.781812
23801,-1.811776,-1.721883
23802,-2.964384,1.191580
23803,-1.917063,0.093187
23804,-2.874250,1.652478
23805,-2.883745,1.030303
23806,0.295582,-0.147791
23807,-1.636943,1.074730
23808,-3.656250,1.579063
23809,-2.780575,0.603718
23810,-2.873202,0.400969
23811,-2.899457,1.449729
23812,-2.383160,1.191580
23813,-3.822291,1.911146
23814,-2.336959,1.449729
23815,-3.397582,1.449729
23816,-3.397582,1.449729
23817,-1.652210,-0.658322
23818,-3.158125,1.579063
23819,-2.711958,1.074730
23820,-3.161387,1.365341
23821,-3.158125,1.579063
23822,-3.304955,1.652478
23823,-2.874250,1.652478
23824,-3.652478,1.826239
23825,-3.215828,0.698220
23826,-3.650504,1.955573
23827,-3.158125,1.579063
23828,-3.826239,1.652478
23829,-3.095692,1.320914
23830,-2.844057,0.730682
23831,-2.826042,1.911146
23832,-2.835050,1.320914
23833,-3.333174,1.320914
23834,-3.484462,1.623490
23835,-3.911146,1.955573
23836,-3.065499,1.781812
23837,-2.941449,0.149460
23838,-3.826239,1.652478
23839,-3.152379,1.955573
23840,-3.824265,1.781812
23841,-3.161387,1.365341
23842,-1.858780,0.142820
23843,-2.780575,0.603718
23844,-2.793116,1.623490
23845,-2.394628,0.440071
23846,-3.822291,1.911146
23847,-3.326140,1.781812
23848,-3.911146,1.955573
23849,-3.650504,1.955573
23850,-3.563623,1.781812
23851,-3.215828,0.698220
23852,-3.484462,1.623490
23853,-2.337712,0.326239
23854,-1.231001,-1.634021
23855,-2.899457,1.449729
23856,-1.695108,1.579063
23857,-1.917063,0.093187
23858,-3.095692,1.320914
23859,-2.383160,1.191580
23860,-1.978621,0.733052
23861,-3.326140,1.781812
23862,-1.773241,0.455573
23863,-2.261572,-0.955573
23864,-0.855884,0.733052
23865,-3.335148,1.191580
23866,-3.427775,0.988831
23867,-1.955475,-0.826239
23868,-3.822291,1.911146
23869,-2.730682,1.365341
23870,-2.872277,1.781812
23871,-3.911146,1.955573
23872,-2.874250,1.652478
23873,-2.242359,1.781812
23874,-3.822291,1.911146
23875,-1.558725,-0.623490
23876,-3.694931,1.911146
23877,-3.824265,1.781812
23878,-3.281713,1.826239
23879,-2.899457,1.449729
23880,-3.152379,1.955573
23881,-3.866718,2.000000
23882,-0.828197,0.988831
23883,-2.837543,1.579063
23884,-3.484462,1.623490
23885,-3.528889,1.579063
23886,-3.074730,0.149460
23887,-3.623490,1.246980
23888,-3.866718,2.000000
23889,-3.650504,1.955573
23890,-3.194833,1.652478
23891,-3.333174,1.320914
23892,-2.526723,-0.425270
23893,-0.596023,-1.000000
23894,-2.563163,1.030303
23895,-1.977662,0.988831
23896,-2.873202,0.400969
23897,-3.194833,1.652478
23898,-3.152379,1.955573
23899,-2.993868,1.030303
23900,-3.563623,1.781812
23901,-1.394005,0.455573
23902,-1.384971,1.449729
23903,-3.074730,0.149460
23904,-3.123202,0.900969
23905,-1.813332,-0.722521
23906,-3.779838,1.826239
23907,-3.152379,1.955573
23908,-3.281713,1.826239
23909,-3.051264,1.365341
23910,-1.703282,0.440071
23911,-3.528889,1.579063
23912,-1.811776,-1.721883
23913,-2.394628,0.440071
23914,-2.576901,1.579063
23915,-2.576901,1.579063
23916,-2.184738,-0.367711
23917,-0.911611,-1.400969
23918,-2.440004,0.142820
23919,-2.835050,1.320914
23920,-3.694931,1.911146
23921,-3.246980,1.623490
23922,-3.333174,1.320914
23923,-1.466104,0.733052
23924,-3.658223,1.449729
23925,-3.824265,1.781812
23926,-2.938128,0.142820
23927,-2.431855,0.900969
23928,-2.367905,-0.134659
23929,-1.928302,-1.488831
23930,-1.236955,-1.488831
23931,-1.279149,1.191580
23932,-2.065597,-0.826239
23933,-1.303596,-1.488831
23934,-2.394628,0.440071
23935,-3.281713,1.826239
23936,-3.434289,1.911146
23937,-2.461033,1.955573
23938,-3.246980,1.623490
23939,-3.397582,1.449729
23940,-3.051264,1.365341
23941,-3.694931,1.911146
23942,-3.563623,1.781812
23943,-3.658223,1.449729
23944,-1.733246,0.500000
23945,-3.692957,1.652478
23946,-1.977662,0.988831
23947,-3.427775,0.988831
23948,-1.928302,-1.488831
23949,-1.624178,-1.488831
23950,-3.563623,1.781812
23951,-2.347897,0.733052
23952,-0.983246,-1.000000
23953,-1.375695,-1.211352
23954,-1.873490,-1.123490
23955,-2.605388,-0.134659
23956,-3.692957,1.652478
23957,-2.440004,0.142820
23958,-1.229693,-1.889800
23959,-1.794458,-1.889800
23960,-1.026723,1.074730
23961,-0.368582,0.440071
23962,-2.669008,0.988831
23963,-3.167133,0.988831
23964,-3.478716,2.000000
23965,-3.161387,1.365341
23966,-3.822291,1.911146
23967,-2.941449,0.149460
23968,-0.861260,0.222521
23969,-3.335148,1.191580
23970,-3.656250,1.579063
23971,-3.822291,1.911146
23972,-2.336959,1.449729
23973,-2.337712,0.326239
23974,-2.394628,0.440071
23975,-3.158125,1.579063
23976,-2.181855,0.400969
23977,0.295582,-0.147791
23978,0.588389,0.099031
23979,-2.899457,1.449729
23980,-3.123202,0.900969
23981,-3.462508,1.191580
23982,-2.466259,1.191580
23983,-3.650504,1.955573
23984,-3.824265,1.781812
23985,-3.484462,1.623490
23986,-1.574293,-1.721883
23987,-1.813332,-0.722521
23988,-2.873202,0.400969
23989,-3.490208,1.246980
23990,-3.652478,1.826239
23991,-3.650504,1.955573
23992,-2.383160,1.191580
23993,-2.700489,1.826239
23994,-3.911146,1.955573
23995,-2.431855,0.900969
23996,-2.106074,-0.658322
23997,-0.121146,-0.425270
23998,-1.127350,1.826239
23999,-3.911146,1.955573
24000,-3.304955,1.652478
24001,-2.941449,0.149460
24002,-3.246980,1.623490
24003,-3.563623,1.781812
24004,-2.038874,-1.400969
24005,-2.334986,1.579063
24006,-2.261572,-0.955573
24007,-1.873490,-1.123490
24008,-2.343556,-0.658322
24009,-2.670453,0.603718
24010,-0.382320,0.988831
24011,-2.938128,0.142820
24012,-2.837543,1.579063
24013,-3.152379,1.955573
24014,-3.095692,1.320914
24015,-2.466259,1.191580
24016,-2.696708,1.652478
24017,-0.600619,0.222521
24018,-3.528889,1.579063
24019,-3.065499,1.781812
24020,-3.088468,0.698220
24021,-3.051264,1.365341
24022,-0.001041,-0.277479
24023,-0.652478,0.326239
24024,-3.658223,1.449729
24025,-3.656250,1.579063
24026,-3.652478,1.826239
24027,-3.650504,1.955573
24028,-1.462714,0.222521
24029,-0.602063,-0.162592
24030,-3.326140,1.781812
24031,-3.694931,1.911146
24032,-0.932879,0.054604
24033,-2.316833,-1.233052
24034,-1.727818,-1.889800
24035,-3.304955,1.652478
24036,-2.669008,0.988831
24037,-3.656250,1.579063
24038,-3.652478,1.826239
24039,-3.652478,1.826239
24040,-3.246980,1.623490
24041,-3.650504,1.955573
24042,-1.588247,1.365341
24043,-3.215828,0.698220
24044,-3.484462,1.623490
24045,-3.656250,1.579063
24046,-3.652478,1.826239
24047,-2.461033,1.955573
24048,-1.906779,-0.535628
24049,-3.822291,1.911146
24050,-2.706235,1.449729
24051,-2.060606,1.030303
24052,-3.152379,1.955573
24053,-3.652478,1.826239
24054,-1.551012,1.781812
24055,-3.484462,1.623490
24056,-3.652478,1.826239
24057,0.872832,0.733052
24058,1.550576,1.365341
24059,-0.061373,0.222521
24060,-3.692957,1.652478
24061,-3.911146,1.955573
24062,-3.434289,1.911146
24063,-3.623490,1.246980
24064,-3.123202,0.900969
24065,-3.088468,0.698220
24066,-3.074730,0.149460
24067,-1.279149,1.191580
24068,-2.696708,1.652478
24069,-2.302521,1.030303
24070,-0.259807,0.222521
24071,-3.650504,1.955573
24072,-1.349189,0.603718
24073,-2.742943,1.911146
24074,-3.051264,1.365341
24075,-2.964384,1.191580
24076,-2.553446,0.149460
24077,-3.692957,1.652478
24078,-3.824265,1.781812
24079,-3.694931,1.911146
24080,-3.824265,1.781812
24081,-3.866718,2.000000
24082,-3.152379,1.955573
24083,-2.576901,1.579063
24084,-3.528889,1.579063
24085,-3.484462,1.623490
24086,-3.650504,1.955573
24087,-3.911146,1.955573
24088,-2.394628,0.440071
24089,-2.553446,0.149460
24090,-3.650504,1.955573
24091,-2.261572,-0.955573
24092,-2.541119,0.733052
24093,-0.285640,0.142820
24094,-1.873040,-1.211352
24095,-2.110972,-1.123490
24096,-2.366718,-1.000000
24097,-2.176109,0.777479
24098,-2.780575,0.603718
24099,-2.256195,-0.445042
24100,-3.652478,1.826239
24101,-3.161387,1.365341
24102,-3.153395,0.440071
24103,-3.563623,1.781812
24104,-2.176109,0.777479
24105,-3.246980,1.623490
24106,-2.641828,1.320914
24107,-3.484462,1.623490
24108,-2.844057,0.730682
24109,-3.652478,1.826239
24110,-3.304955,1.652478
24111,-3.911146,1.955573
24112,-3.397582,1.449729
24113,-3.656250,1.579063
24114,-2.730682,1.365341
24115,-3.484462,1.623490
24116,-3.911146,1.955573
24117,-2.700489,1.826239
24118,-3.822291,1.911146
24119,-3.158125,1.579063
24120,-3.490208,1.246980
24121,-2.100697,-0.147791
24122,-2.844057,0.730682
24123,-3.484462,1.623490
24124,-1.462714,0.222521
24125,-1.551584,-1.634021
24126,-2.005777,-1.721883
24127,-1.212812,0.093187
24128,-1.207436,0.603718
24129,-2.711958,1.074730
24130,-3.158125,1.579063
24131,-3.324167,1.911146
24132,-1.836861,1.579063
24133,-3.365341,0.730682
24134,-1.397882,0.603718
24135,-2.730682,1.365341
24136,-1.574293,-1.721883
24137,-2.899457,1.449729
24138,-3.397582,1.449729
24139,-3.694931,1.911146
24140,-3.563623,1.781812
24141,-3.397582,1.449729
24142,-2.899457,1.449729
24143,-3.051264,1.365341
24144,-2.669008,0.988831
24145,-0.880142,0.440071
24146,-2.837543,1.579063
24147,-2.670453,0.603718
24148,-2.311457,-0.722521
24149,-2.371693,1.652478
24150,-3.088468,0.698220
24151,-3.824265,1.781812
24152,-3.088468,0.698220
24153,-2.892753,0.440071
24154,-2.899457,1.449729
24155,-3.065499,1.781812
24156,-3.694931,1.911146
24157,-3.692957,1.652478
24158,0.174686,0.054604
24159,-0.195042,-0.277479
24160,-1.906779,-0.535628
24161,-1.132335,-0.826239
24162,-2.374152,1.781812
24163,-3.658223,1.449729
24164,-1.154522,0.988831
24165,-2.110972,-1.123490
24166,-1.244415,0.988831
24167,-1.926590,-0.109562
24168,-2.060606,1.030303
24169,-1.207436,0.603718
24170,-0.111260,-0.445042
24171,-2.343556,-0.658322
24172,-1.557314,-0.109562
24173,-3.824265,1.781812
24174,-3.692957,1.652478
24175,-3.088468,0.698220
24176,-2.541119,0.733052
24177,-2.742943,1.911146
24178,-3.694931,1.911146
24179,-3.528889,1.579063
24180,-2.899457,1.449729
24181,-3.911146,1.955573
24182,-2.576901,1.579063
24183,0.044302,0.011169
24184,-2.100697,-0.147791
24185,-2.431855,0.900969
24186,-3.694931,1.911146
24187,-2.466259,1.191580
24188,-3.333174,1.320914
24189,-3.528889,1.579063
24190,-3.123202,0.900969
24191,-3.563623,1.781812
24192,-3.281713,1.826239
24193,-3.955573,1.911146
24194,-3.268248,1.579063
24195,-2.576901,1.579063
24196,-3.434289,1.911146
24197,-3.528889,1.579063
24198,-2.899457,1.449729
24199,-2.410859,1.246980
24200,-2.440004,0.142820
24201,-2.742943,1.911146
24202,-3.484462,1.623490
24203,-2.563163,1.030303
24204,-3.623490,1.246980
24205,-3.692957,1.652478
24206,-2.311457,-0.722521
24207,-2.837543,1.579063
24208,-3.397582,1.449729
24209,-3.692957,1.652478
24210,-3.232059,0.730682
24211,-2.228125,1.365341
24212,-2.938128,0.142820
24213,-0.831764,-0.535628
24214,-1.014727,-0.162592
24215,-2.149460,1.074730
24216,-3.158125,1.579063
24217,-1.873040,-1.211352
24218,-1.921819,-1.889800
24219,-1.441541,-1.466104
24220,-3.123202,0.900969
24221,-2.644197,-0.445042
24222,-3.563623,1.781812
24223,-3.658223,1.449729
24224,-1.323809,0.455573
24225,-3.563623,1.781812
24226,-3.167133,0.988831
24227,-3.153395,0.440071
24228,-1.233709,-0.623490
24229,-2.835050,1.320914
24230,-1.914041,-0.134659
24231,-1.039708,-0.623490
24232,-2.334986,1.579063
24233,-3.333174,1.320914
24234,-0.373022,1.074730
24235,-1.229497,0.266948
24236,-2.941449,0.149460
24237,-3.158125,1.579063
24238,-3.911146,1.955573
24239,-3.563623,1.781812
24240,-2.383160,1.191580
24241,-1.794458,-1.889800
24242,-0.718169,-0.658322
24243,-1.231001,-1.634021
24244,-0.298920,0.149460
24245,-1.864156,-0.367711
24246,-3.652478,1.826239
24247,-3.167133,0.988831
24248,-2.730682,1.365341
24249,-3.652478,1.826239
24250,-3.335148,1.191580
24251,-2.793116,1.623490
24252,-3.167133,0.988831
24253,-2.635719,0.400969
24254,-1.945199,0.149460
24255,-1.607199,0.123490
24256,-3.333174,1.320914
24257,-3.333174,1.320914
24258,-2.844057,0.730682
24259,-3.656250,1.579063
24260,-1.873490,-1.123490
24261,-2.181855,0.400969
24262,-3.824265,1.781812
24263,-2.343556,-0.658322
24264,-3.397582,1.449729
24265,-3.304955,1.652478
24266,-1.207436,0.603718
24267,-2.116349,-1.634021
24268,-2.060606,1.030303
24269,-2.334986,1.579063
24270,-3.065499,1.781812
24271,-1.652210,-0.658322
24272,-3.324167,1.911146
24273,-2.002903,1.911146
24274,-0.911146,0.455573
24275,-0.860591,0.400969
24276,-1.588247,1.365341
24277,-3.658223,1.449729
24278,-3.065499,1.781812
24279,-1.568917,-1.211352
24280,-3.462508,1.191580
24281,-1.978716,-1.000000
24282,-2.899457,1.449729
24283,-2.793116,1.623490
24284,-3.563623,1.781812
24285,-1.727818,-1.889800
24286,-3.051264,1.365341
24287,-2.518736,1.074730
24288,-3.281713,1.826239
24289,-3.152379,1.955573
24290,-2.644197,-0.445042
24291,-1.574735,-0.425270
24292,-3.281713,1.826239
24293,-2.899457,1.449729
24294,-3.911146,1.955573
24295,-3.824265,1.781812
24296,-2.242359,1.781812
24297,-1.934194,0.777479
24298,-3.694931,1.911146
24299,-3.563623,1.781812
24300,-3.563623,1.781812
24301,-3.153395,0.440071
24302,-1.072099,0.777479
24303,-2.119812,-0.109562
24304,-2.641828,1.320914
24305,-2.228125,1.365341
24306,-3.955573,1.911146
24307,-3.333174,1.320914
24308,-3.650504,1.955573
24309,-2.208111,1.449729
24310,-3.911146,1.955573
24311,-2.635719,0.400969
24312,-3.051264,1.365341
24313,-0.494415,-1.977662
24314,-0.001595,-0.425270
24315,-3.427775,0.988831
24316,-2.837543,1.579063
24317,-3.095692,1.320914
24318,-3.333174,1.320914
24319,-2.015156,0.455573
24320,-3.102206,1.246980
24321,-0.821489,0.440071
24322,-3.232059,0.730682
24323,-0.569543,-0.955573
24324,-2.272552,1.320914
24325,-1.420728,1.030303
24326,-2.015156,0.455573
24327,-3.694931,1.911146
24328,-3.658223,1.449729
24329,-3.911146,1.955573
24330,-2.065597,-0.826239
24331,-3.153395,0.440071
24332,-3.694931,1.911146
24333,-3.824265,1.781812
24334,-3.866718,2.000000
24335,-3.658223,1.449729
24336,-1.133363,0.455573
24337,-3.563623,1.781812
24338,-1.695108,1.579063
24339,-3.281713,1.826239
24340,-3.779838,1.826239
24341,-3.623490,1.246980
24342,-1.775215,0.326239
24343,-0.399093,-1.400969
24344,-3.153395,0.440071
24345,-1.462714,0.222521
24346,-2.461033,1.955573
24347,-2.553446,0.149460
24348,0.117750,0.093187
24349,-0.001669,-0.445042
24350,-3.123202,0.900969
24351,-2.696708,1.652478
24352,-3.281713,1.826239
24353,-2.576901,1.579063
24354,-3.268248,1.579063
24355,-2.141244,1.191580
24356,-3.623490,1.246980
24357,-2.272552,1.320914
24358,-3.658223,1.449729
24359,-3.694931,1.911146
24360,-2.261572,-0.955573
24361,1.422029,-0.365341
24362,-2.899457,1.449729
24363,-3.824265,1.781812
24364,-3.333174,1.320914
24365,-2.780575,0.603718
24366,-3.246980,1.623490
24367,-2.883745,1.030303
24368,-3.822291,1.911146
24369,-3.246980,1.623490
24370,-1.168783,-0.365341
24371,-2.810768,0.142820
24372,-2.872277,1.781812
24373,-3.153395,0.440071
24374,-2.873202,0.400969
24375,-1.873490,-1.123490
24376,0.440306,0.222521
24377,-2.605388,-0.134659
24378,-1.423694,-1.889800
24379,-1.771749,-1.801938
24380,-3.123202,0.900969
24381,-3.822291,1.911146
24382,-3.335148,1.191580
24383,-2.383160,1.191580
24384,-3.484462,1.623490
24385,-3.652478,1.826239
24386,-3.824265,1.781812
24387,-0.686458,-0.826239
24388,-1.690819,-1.488831
24389,-0.985218,0.603718
24390,-3.152379,1.955573
24391,-2.228125,1.365341
24392,-2.793116,1.623490
24393,-3.955573,1.911146
24394,-3.051264,1.365341
24395,-3.563623,1.781812
24396,-2.302521,1.030303
24397,-2.371693,1.652478
24398,-3.779838,1.826239
24399,-3.650504,1.955573
24400,-2.793116,1.623490
24401,-2.133667,-1.466104
24402,-3.051264,1.365341
24403,-2.696708,1.652478
24404,-2.259209,0.777479
24405,-2.440004,0.142820
24406,-1.507653,-1.721883
24407,-1.928302,-1.488831
24408,-1.960449,1.826239
24409,-2.669008,0.988831
24410,-3.153395,0.440071
24411,-3.779838,1.826239
24412,-2.696708,1.652478
24413,-1.466104,0.733052
24414,-2.337712,0.326239
24415,-2.056191,-1.233052
24416,-3.563623,1.781812
24417,-3.563623,1.781812
24418,-1.492359,1.781812
24419,-3.088468,0.698220
24420,-3.911146,1.955573
24421,-3.434289,1.911146
24422,-3.694931,1.911146
24423,-3.866718,2.000000
24424,-2.696708,1.652478
24425,-1.149815,1.320914
24426,-3.866718,2.000000
24427,-3.779838,1.826239
24428,-2.964384,1.191580
24429,-1.634892,-0.826239
24430,-2.337712,0.326239
24431,-1.179763,1.911146
24432,-3.911146,1.955573
24433,-3.652478,1.826239
24434,-2.899457,1.449729
24435,-3.478716,2.000000
24436,-3.326140,1.781812
24437,-2.144490,0.326239
24438,-3.158125,1.579063
24439,-3.824265,1.781812
24440,-3.158125,1.579063
24441,-1.284124,-0.134659
24442,-3.246980,1.623490
24443,-1.179763,1.911146
24444,-3.822291,1.911146
24445,-3.490208,1.246980
24446,-2.810768,0.142820
24447,-2.872277,1.781812
24448,-3.161387,1.365341
24449,-2.883745,1.030303
24450,-2.242359,1.781812
24451,0.149460,-0.074730
24452,-3.333174,1.320914
24453,-3.484462,1.623490
24454,-3.911146,1.955573
24455,-2.576901,1.579063
24456,-3.694931,1.911146
24457,-3.246980,1.623490
24458,-2.899457,1.449729
24459,-1.314088,-0.074730
24460,-2.518736,1.074730
24461,-3.623490,1.246980
24462,-2.461033,1.955573
24463,-3.088468,0.698220
24464,-1.445133,0.698220
24465,-2.136480,0.698220
24466,-2.742943,1.911146
24467,-3.484462,1.623490
24468,-2.228125,1.365341
24469,-3.462508,1.191580
24470,-1.133363,0.455573
24471,-2.885719,0.900969
24472,-3.102206,1.246980
24473,-2.410859,1.246980
24474,-1.717542,-0.914101
24475,-2.272552,1.320914
24476,-3.658223,1.449729
24477,-2.466259,1.191580
24478,-3.427775,0.988831
24479,-3.194833,1.652478
24480,-2.337712,0.326239
24481,-1.734301,-1.488831
24482,-1.280886,-1.400969
24483,-0.445042,0.222521
24484,-3.158125,1.579063
24485,-2.700489,1.826239
24486,-2.874250,1.652478
24487,-2.717704,0.698220
24488,-3.153395,0.440071
24489,-3.824265,1.781812
24490,-3.304955,1.652478
24491,-3.365341,0.730682
24492,-1.833963,0.093187
24493,-1.760035,1.320914
24494,-2.810768,0.142820
24495,-2.883745,1.030303
24496,-0.186374,0.093187
24497,-2.826042,1.911146
24498,-2.431855,0.900969
24499,-3.490208,1.246980
24500,-0.709394,0.440071
24501,0.249707,0.603718
24502,-2.938128,0.142820
24503,-2.302521,1.030303
24504,-1.845869,0.988831
24505,-3.866718,2.000000
24506,-2.641828,1.320914
24507,0.080769,0.326239
24508,-1.375695,-1.211352
24509,-1.551938,0.400969
24510,-1.965750,-1.801938
24511,-3.478716,2.000000
24512,-2.874250,1.652478
24513,-1.762008,1.191580
24514,-3.652478,1.826239
24515,-3.658223,1.449729
24516,-2.337712,0.326239
24517,-2.730682,1.365341
24518,-2.892753,0.440071
24519,-2.598822,-0.147791
24520,-3.161387,1.365341
24521,-2.899457,1.449729
24522,-2.493959,1.246980
24523,-3.335148,1.191580
24524,-2.635719,0.400969
24525,-2.835050,1.320914
24526,-2.835050,1.320914
24527,-3.158125,1.579063
24528,-3.650504,1.955573
24529,-3.650504,1.955573
24530,-3.324167,1.911146
24531,0.295582,-0.147791
24532,-3.324167,1.911146
24533,-0.652478,0.326239
24534,-2.777479,-0.445042
24535,-3.123202,0.900969
24536,-2.793116,1.623490
24537,-3.215828,0.698220
24538,-3.563623,1.781812
24539,-3.824265,1.781812
24540,-3.167133,0.988831
24541,-2.859464,-0.147791
24542,-2.518736,1.074730
24543,-2.430339,0.123490
24544,-3.822291,1.911146
24545,-1.775215,0.326239
24546,-3.826239,1.652478
24547,-2.163198,1.623490
24548,-2.711958,1.074730
24549,-0.779516,-0.535628
24550,-1.442336,-1.211352
24551,-2.349870,0.603718
24552,-2.700489,1.826239
24553,-0.472729,-0.033258
24554,-0.828197,0.988831
24555,-3.051264,1.365341
24556,-3.326140,1.781812
24557,-3.194833,1.652478
24558,-2.793116,1.623490
24559,-2.899457,1.449729
24560,-2.541119,0.733052
24561,-1.789708,1.246980
24562,-1.634892,-0.826239
24563,-2.337712,0.326239
24564,-2.605388,-0.134659
24565,-2.005777,-1.721883
24566,-2.870469,2.000000
24567,-3.563623,1.781812
24568,-2.563163,1.030303
24569,-3.326140,1.781812
24570,-3.281713,1.826239
24571,-2.899457,1.449729
24572,-1.349578,0.500000
24573,-3.333174,1.320914
24574,-2.696708,1.652478
24575,-3.281713,1.826239
24576,-3.528889,1.579063
24577,-3.065499,1.781812
24578,-3.434289,1.911146
24579,-1.086885,-1.400969
24580,-2.526723,-0.425270
24581,-2.598822,-0.147791
24582,-3.490208,1.246980
24583,-1.005460,-0.955573
24584,-2.366718,-1.000000
24585,-3.484462,1.623490
24586,-3.490208,1.246980
24587,-3.153395,0.440071
24588,-2.899457,1.449729
24589,-1.588247,1.365341
24590,-1.955475,-0.826239
24591,-1.309583,-0.955573
24592,-0.766862,-0.658322
24593,-2.883745,1.030303
24594,-2.383160,1.191580
24595,-3.095692,1.320914
24596,-1.713557,-0.535628
24597,0.044302,0.011169
24598,-1.349578,0.500000
24599,-0.161161,-1.488831
24600,0.238239,-0.147791
24601,-3.246980,1.623490
24602,-2.873202,0.400969
24603,-2.015156,0.455573
24604,-0.520157,-0.162592
24605,0.142985,1.320914
24606,-2.242359,1.781812
24607,-1.323809,0.455573
24608,-2.892753,0.440071
24609,-1.039708,-0.623490
24610,-1.873490,-1.123490
24611,-2.116349,-1.634021
24612,-1.813332,-0.722521
24613,-2.334986,1.579063
24614,-2.874250,1.652478
24615,-2.635719,0.400969
24616,-1.813332,-0.722521
24617,-3.326140,1.781812
24618,-2.598822,-0.147791
24619,-1.933731,0.900969
24620,-0.000125,-0.033258
24621,-3.484462,1.623490
24622,-3.779838,1.826239
24623,-1.492359,1.781812
24624,-2.133667,-1.466104
24625,-3.427775,0.988831
24626,-2.873202,0.400969
24627,-3.692957,1.652478
24628,-3.326140,1.781812
24629,-1.558067,-1.233052
24630,-0.252485,-0.162592
24631,-0.700307,0.733052
24632,-3.326140,1.781812
24633,-3.824265,1.781812
24634,-3.161387,1.365341
24635,-3.650504,1.955573
24636,-2.541119,0.733052
24637,-3.304955,1.652478
24638,-3.065499,1.781812
24639,-2.336959,1.449729
24640,-1.475625,-0.623490
24641,-0.383297,0.099031
24642,-2.011910,1.320914
24643,-0.167082,0.054604
24644,0.388447,0.326239
24645,-0.211190,0.142820
24646,-3.335148,1.191580
24647,-3.484462,1.623490
24648,-2.654083,-0.425270
24649,-1.121986,-0.722521
24650,-1.088404,-0.914101
24651,-1.423694,-1.889800
24652,-2.810768,0.142820
24653,-0.784266,0.900969
24654,-3.161387,1.365341
24655,-3.656250,1.579063
24656,-2.605388,-0.134659
24657,-3.822291,1.911146
24658,-2.060606,1.030303
24659,-2.311457,-0.722521
24660,-3.427775,0.988831
24661,0.504443,0.326239
24662,-2.098256,0.455573
24663,-2.810768,0.142820
24664,-2.383160,1.191580
24665,-2.635719,0.400969
24666,-3.824265,1.781812
24667,-2.334986,1.579063
24668,-0.669220,1.781812
24669,-0.367567,0.455573
24670,-1.551584,-1.634021
24671,-2.294861,-0.367711
24672,-3.656250,1.579063
24673,-3.335148,1.191580
24674,-1.568917,-1.211352
24675,-2.711958,1.074730
24676,-0.609756,1.623490
24677,-3.478716,2.000000
24678,-3.822291,1.911146
24679,-1.906779,-0.535628
24680,-2.343556,-0.658322
24681,0.256769,-0.109562
24682,-2.155959,-0.425270
24683,-2.899457,1.449729
24684,-3.158125,1.579063
24685,-3.822291,1.911146
24686,-3.427775,0.988831
24687,-3.153395,0.440071
24688,-2.810768,0.142820
24689,-3.650504,1.955573
24690,-3.484462,1.623490
24691,-2.730682,1.365341
24692,-2.826042,1.911146
24693,-3.215828,0.698220
24694,-3.484462,1.623490
24695,-3.656250,1.579063
24696,-2.874250,1.652478
24697,-3.490208,1.246980
24698,-2.394628,0.440071
24699,-1.849772,0.733052
24700,-3.656250,1.579063
24701,-3.822291,1.911146
24702,-2.810768,0.142820
24703,-1.637893,1.955573
24704,-2.343556,-0.658322
24705,-1.592048,0.093187
24706,-1.926590,-0.109562
24707,-1.568917,-1.211352
24708,-2.015156,0.455573
24709,-1.169803,1.911146
24710,-2.336959,1.449729
24711,-3.623490,1.246980
24712,-3.281713,1.826239
24713,-2.696708,1.652478
24714,-2.235810,0.730682
24715,-3.563623,1.781812
24716,-3.152379,1.955573
24717,-3.088468,0.698220
24718,-2.635719,0.400969
24719,-1.914041,-0.134659
24720,-2.892753,0.440071
24721,-1.349189,0.603718
24722,-3.326140,1.781812
24723,-2.711958,1.074730
24724,-2.837543,1.579063
24725,-3.194833,1.652478
24726,-3.563623,1.781812
24727,-1.601453,0.500000
24728,-3.434289,1.911146
24729,-3.779838,1.826239
24730,-1.681370,1.030303
24731,-1.011473,1.652478
24732,-2.466259,1.191580
24733,-3.623490,1.246980
24734,-1.062213,-0.074730
24735,0.140244,0.123490
24736,-1.207436,0.603718
24737,-3.065499,1.781812
24738,-3.335148,1.191580
24739,-2.572099,-0.722521
24740,-2.730682,1.365341
24741,-2.383160,1.191580
24742,-3.656250,1.579063
24743,-2.883745,1.030303
24744,-3.427775,0.988831
24745,-3.652478,1.826239
24746,-2.826042,1.911146
24747,-1.833963,0.093187
24748,-3.911146,1.955573
24749,-3.304955,1.652478
24750,-2.883745,1.030303
24751,-1.601453,0.500000
24752,-0.226309,-0.914101
24753,-1.713557,-0.535628
24754,-1.733246,0.500000
24755,-1.132335,-0.826239
24756,-1.303596,-1.488831
24757,-2.635719,0.400969
24758,-3.692957,1.652478
24759,-2.899457,1.449729
24760,-2.885719,0.900969
24761,-3.528889,1.579063
24762,-1.934194,0.777479
24763,-1.878417,-1.721883
24764,-2.242359,1.781812
24765,0.763733,-1.123490
24766,-2.493959,1.246980
24767,-3.158125,1.579063
24768,-3.065499,1.781812
24769,-1.284124,-0.134659
24770,-1.824442,1.449729
24771,-2.711958,1.074730
24772,-3.123202,0.900969
24773,-2.706235,1.449729
24774,-3.656250,1.579063
24775,-3.658223,1.449729
24776,-3.650504,1.955573
24777,-2.669008,0.988831
24778,-2.176109,0.777479
24779,-3.822291,1.911146
24780,-2.261572,-0.955573
24781,-2.885719,0.900969
24782,-2.060606,1.030303
24783,-3.652478,1.826239
24784,-2.711958,1.074730
24785,-2.874250,1.652478
24786,-3.563623,1.781812
24787,-2.316833,-1.233052
24788,-0.168606,-0.033258
24789,-2.168944,1.246980
24790,-3.652478,1.826239
24791,-3.658223,1.449729
24792,-2.872277,1.781812
24793,-3.563623,1.781812
24794,-0.860591,0.400969
24795,-3.161387,1.365341
24796,-3.152379,1.955573
24797,-3.324167,1.911146
24798,-3.658223,1.449729
24799,-3.326140,1.781812
24800,-1.733246,0.500000
24801,-2.885719,0.900969
24802,-3.650504,1.955573
24803,-2.336959,1.449729
24804,-0.718169,-0.658322
24805,-1.690819,-1.488831
24806,-1.643120,1.191580
24807,-3.692957,1.652478
24808,-3.484462,1.623490
24809,-0.496114,1.320914
24810,-1.236955,-1.488831
24811,-1.171501,-0.623490
24812,-1.855707,-1.634021
24813,-1.683887,-1.977662
24814,-1.717542,-0.914101
24815,-3.304955,1.652478
24816,-2.334986,1.579063
24817,-3.652478,1.826239
24818,-3.911146,1.955573
24819,-2.598822,-0.147791
24820,-1.409351,-0.147791
24821,-0.298846,-0.722521
24822,-0.285640,0.142820
24823,-1.280886,-1.400969
24824,-1.965750,-1.801938
24825,-3.911146,1.955573
24826,-3.652478,1.826239
24827,-3.824265,1.781812
24828,-3.822291,1.911146
24829,-0.299901,-1.211352
24830,-1.309583,-0.955573
24831,-1.300576,-0.365341
24832,-0.881639,-1.977662
24833,-1.878417,-1.721883
24834,-2.430339,0.123490
24835,-3.656250,1.579063
24836,-3.161387,1.365341
24837,-1.745664,-1.466104
24838,-0.140335,-0.147791
24839,-3.563623,1.781812
24840,-1.300576,-0.365341
24841,-0.932879,0.054604
24842,-2.056191,-1.233052
24843,-3.656250,1.579063
24844,-1.179763,1.911146
24845,-3.692957,1.652478
24846,-3.692957,1.652478
24847,-3.232059,0.730682
24848,-2.993868,1.030303
24849,-0.967322,0.123490
24850,-3.427775,0.988831
24851,-3.955573,1.911146
24852,-2.872277,1.781812
24853,-2.394628,0.440071
24854,-3.095692,1.320914
24855,-3.281713,1.826239
24856,-2.870469,2.000000
24857,-3.088468,0.698220
24858,-3.650504,1.955573
24859,-2.518736,1.074730
24860,-2.302521,1.030303
24861,-3.528889,1.579063
24862,-3.397582,1.449729
24863,-3.427775,0.988831
24864,-2.793116,1.623490
24865,-3.650504,1.955573
24866,-2.109756,0.123490
24867,-1.637893,1.955573
24868,-3.304955,1.652478
24869,-2.060606,1.030303
24870,-3.304955,1.652478
24871,-3.335148,1.191580
24872,-2.383160,1.191580
24873,-3.656250,1.579063
24874,-1.760035,1.320914
24875,-1.978621,0.733052
24876,-2.383160,1.191580
24877,-2.098256,0.455573
24878,-3.658223,1.449729
24879,-2.098256,0.455573
24880,-2.883745,1.030303
24881,-2.181855,0.400969
24882,-3.652478,1.826239
24883,-2.793116,1.623490
24884,-2.874250,1.652478
24885,-1.492359,1.781812
24886,-0.801039,-1.488831
24887,-1.551012,1.781812
24888,-3.911146,1.955573
24889,-2.430339,0.123490
24890,-3.324167,1.911146
24891,-2.383160,1.191580
24892,-2.334986,1.579063
24893,-2.060606,1.030303
24894,-3.484462,1.623490
24895,-1.713557,-0.535628
24896,-2.899457,1.449729
24897,-3.650504,1.955573
24898,-2.316833,-1.233052
24899,-2.892753,0.440071
24900,-2.810768,0.142820
24901,-3.158125,1.579063
24902,-3.822291,1.911146
24903,-1.773241,0.455573
24904,-2.272552,1.320914
24905,-2.316833,-1.233052
24906,-0.520157,-0.162592
24907,-3.563623,1.781812
24908,-3.658223,1.449729
24909,-3.658223,1.449729
24910,-2.002903,1.911146
24911,-3.326140,1.781812
24912,-3.123202,0.900969
24913,-3.490208,1.246980
24914,-3.215828,0.698220
24915,-3.246980,1.623490
24916,-2.706235,1.449729
24917,-2.635719,0.400969
24918,-1.811776,-1.721883
24919,-1.668109,-1.400969
24920,-3.335148,1.191580
24921,-3.822291,1.911146
24922,-3.822291,1.911146
24923,-3.822291,1.911146
24924,-1.120429,-1.721883
24925,-2.343556,-0.658322
24926,-3.095692,1.320914
24927,-2.859464,-0.147791
24928,-2.388932,-0.955573
24929,-3.563623,1.781812
24930,-3.563623,1.781812
24931,-3.658223,1.449729
24932,-2.038874,-1.400969
24933,-1.988459,-1.889800
24934,-3.161387,1.365341
24935,-3.484462,1.623490
24936,-3.397582,1.449729
24937,-0.027125,-0.109562
24938,0.150276,0.142820
24939,-3.563623,1.781812
24940,-2.011910,1.320914
24941,-3.427775,0.988831
24942,-2.964384,1.191580
24943,-2.576901,1.579063
24944,-3.246980,1.623490
24945,-3.397582,1.449729
24946,-2.742943,1.911146
24947,-3.911146,1.955573
24948,-1.681370,1.030303
24949,-2.899457,1.449729
24950,-3.779838,1.826239
24951,-2.964384,1.191580
24952,-2.141244,1.191580
24953,-3.102206,1.246980
24954,-3.074730,0.149460
24955,-3.397582,1.449729
24956,-2.635719,0.400969
24957,-3.074730,0.149460
24958,-2.793116,1.623490
24959,-2.316833,-1.233052
24960,-2.540461,0.123490
24961,-2.100697,-0.147791
24962,-2.235810,0.730682
24963,-3.955573,1.911146
24964,-2.605388,-0.134659
24965,-2.461033,1.955573
24966,-3.194833,1.652478
24967,-2.670453,0.603718
24968,-3.824265,1.781812
24969,-1.849772,0.733052
24970,-3.694931,1.911146
24971,-2.899457,1.449729
24972,-3.911146,1.955573
24973,-2.696708,1.652478
24974,-3.434289,1.911146
24975,0.272408,-0.445042
24976,-3.051264,1.365341
24977,-2.337712,0.326239
24978,-1.855707,-1.634021
24979,-2.311457,-0.722521
24980,-3.246980,1.623490
24981,-3.824265,1.781812
24982,-3.434289,1.911146
24983,-3.694931,1.911146
24984,-0.256645,0.142820
24985,-2.563163,1.030303
24986,-3.650504,1.955573
24987,-2.793116,1.623490
24988,-3.866718,2.000000
24989,-1.813332,-0.722521
24990,-3.911146,1.955573
24991,-3.623490,1.246980
24992,-2.106074,-0.658322
24993,-1.801938,0.900969
24994,-3.528889,1.579063
24995,-3.528889,1.579063
24996,-3.462508,1.191580
24997,-1.225625,-1.123490
24998,-1.171501,-0.623490
24999,-1.855707,-1.634021
25000,-1.344281,-0.535628
25001,-3.490208,1.246980
25002,-3.427775,0.988831
25003,-1.344281,-0.535628
25004,-2.717704,0.698220
25005,-2.883745,1.030303
25006,-2.366718,-1.000000
25007,-2.874250,1.652478
25008,-3.246980,1.623490
25009,-3.326140,1.781812
25010,-2.730682,1.365341
25011,-1.466104,0.733052
25012,-0.346845,-1.400969
25013,-3.652478,1.826239
25014,-3.826239,1.652478
25015,-1.731816,1.652478
25016,-3.324167,1.911146
25017,-3.650504,1.955573
25018,-3.158125,1.579063
25019,-2.337712,0.326239
25020,-3.656250,1.579063
25021,-3.490208,1.246980
25022,-3.335148,1.191580
25023,-2.874250,1.652478
25024,-1.594507,0.222521
25025,0.735422,-0.367711
25026,-1.551938,0.400969
25027,-1.132335,-0.826239
25028,-2.872277,1.781812
25029,-3.326140,1.781812
25030,-2.256195,-0.445042
25031,-2.572099,-0.722521
25032,-1.878417,-1.721883
25033,-2.706235,1.449729
25034,-3.326140,1.781812
25035,-2.060606,1.030303
25036,-2.669008,0.988831
25037,-2.780575,0.603718
25038,-1.906779,-0.535628
25039,-1.022292,-0.658322
25040,-3.563623,1.781812
25041,-3.484462,1.623490
25042,-3.161387,1.365341
25043,-1.445881,-0.074730
25044,-2.011910,1.320914
25045,-3.324167,1.911146
25046,-3.652478,1.826239
25047,-2.883745,1.030303
25048,-3.161387,1.365341
25049,-2.383160,1.191580
25050,-3.326140,1.781812
25051,-3.215828,0.698220
25052,-3.158125,1.579063
25053,-3.822291,1.911146
25054,-3.333174,1.320914
25055,-3.333174,1.320914
25056,-1.906779,-0.535628
25057,-1.762918,-1.211352
25058,-1.762918,-1.211352
25059,-1.944528,-1.977662
25060,-3.153395,0.440071
25061,-3.826239,1.652478
25062,-3.826239,1.652478
25063,-3.658223,1.449729
25064,-2.011910,1.320914
25065,1.301876,1.030303
25066,-1.588247,1.365341
25067,-1.607199,0.123490
25068,-2.605388,-0.134659
25069,-2.334986,1.579063
25070,-3.161387,1.365341
25071,-3.397582,1.449729
25072,-3.650504,1.955573
25073,-3.324167,1.911146
25074,-3.658223,1.449729
25075,-2.461033,1.955573
25076,-3.158125,1.579063
25077,0.001651,0.440071
25078,-2.717704,0.698220
25079,-3.335148,1.191580
25080,-2.493959,1.246980
25081,-3.563623,1.781812
25082,-3.427775,0.988831
25083,-0.718169,-0.658322
25084,-2.065597,-0.826239
25085,-3.051264,1.365341
25086,-2.706235,1.449729
25087,-2.964384,1.191580
25088,-2.347897,0.733052
25089,-2.711958,1.074730
25090,-2.899457,1.449729
25091,-1.647948,-0.445042
25092,-3.779838,1.826239
25093,-3.866718,2.000000
25094,-3.824265,1.781812
25095,-3.650504,1.955573
25096,-2.466259,1.191580
25097,-3.281713,1.826239
25098,-3.955573,1.911146
25099,-3.563623,1.781812
25100,-2.228125,1.365341
25101,-3.692957,1.652478
25102,-3.779838,1.826239
25103,-3.326140,1.781812
25104,-1.120429,-1.721883
25105,0.080769,0.326239
25106,-1.224190,2.000000
25107,-3.232059,0.730682
25108,-0.855884,0.733052
25109,-0.462714,-0.277479
25110,-2.144490,0.326239
25111,-2.859464,-0.147791
25112,-2.892753,0.440071
25113,-3.824265,1.781812
25114,-1.594507,0.222521
25115,-2.256195,-0.445042
25116,-1.127350,1.826239
25117,-3.652478,1.826239
25118,-3.652478,1.826239
25119,-2.316833,-1.233052
25120,-0.408062,-0.162592
25121,-2.605388,-0.134659
25122,-2.835050,1.320914
25123,-2.837543,1.579063
25124,-3.911146,1.955573
25125,-2.466259,1.191580
25126,-2.892753,0.440071
25127,-3.650504,1.955573
25128,-2.540461,0.123490
25129,-3.462508,1.191580
25130,-1.648630,-0.277479
25131,-1.601453,0.500000
25132,-2.208111,1.449729
25133,-3.824265,1.781812
25134,-3.326140,1.781812
25135,-3.324167,1.911146
25136,-3.911146,1.955573
25137,-2.394628,0.440071
25138,-0.088164,0.142820
25139,0.690306,-0.277479
25140,-3.065499,1.781812
25141,-1.855707,-1.634021
25142,-3.281713,1.826239
25143,-3.779838,1.826239
25144,-3.427775,0.988831
25145,-3.095692,1.320914
25146,-3.152379,1.955573
25147,-2.228125,1.365341
25148,-3.563623,1.781812
25149,-2.872277,1.781812
25150,-3.955573,1.911146
25151,-2.576901,1.579063
25152,-3.268248,1.579063
25153,-2.837543,1.579063
25154,-2.670453,0.603718
25155,-2.670453,0.603718
25156,-1.474108,-1.400969
25157,-0.088164,0.142820
25158,-2.155959,-0.425270
25159,-3.650504,1.955573
25160,-3.563623,1.781812
25161,-1.636943,1.074730
25162,-3.152379,1.955573
25163,-3.826239,1.652478
25164,-3.152379,1.955573
25165,-0.669220,1.781812
25166,-3.095692,1.320914
25167,-1.554958,0.777479
25168,-3.304955,1.652478
25169,-3.652478,1.826239
25170,-3.824265,1.781812
25171,-3.484462,1.623490
25172,-3.333174,1.320914
25173,-3.656250,1.579063
25174,-3.822291,1.911146
25175,-2.272552,1.320914
25176,-2.899457,1.449729
25177,-1.462714,0.222521
25178,-3.826239,1.652478
25179,-1.921819,-1.889800
25180,-1.574293,-1.721883
25181,0.770019,-1.211352
25182,-2.873202,0.400969
25183,-3.427775,0.988831
25184,-3.333174,1.320914
25185,-2.641828,1.320914
25186,-3.246980,1.623490
25187,-2.349870,0.603718
25188,-1.978621,0.733052
25189,-0.317152,-0.033258
25190,-2.256195,-0.445042
25191,-1.703282,0.440071
25192,-0.298846,-0.722521
25193,-0.854474,-0.623490
25194,-0.881639,-1.977662
25195,-1.601453,0.500000
25196,-2.696708,1.652478
25197,-2.394628,0.440071
25198,-0.014576,-0.134659
25199,-2.711958,1.074730
25200,-1.955475,-0.826239
25201,-2.149460,1.074730
25202,-3.652478,1.826239
25203,-3.652478,1.826239
25204,-3.215828,0.698220
25205,-3.650504,1.955573
25206,-3.215828,0.698220
25207,-2.261572,-0.955573
25208,-1.873490,-1.123490
25209,-3.484462,1.623490
25210,-1.032469,0.698220
25211,-3.824265,1.781812
25212,-2.872277,1.781812
25213,-2.872277,1.781812
25214,-2.493959,1.246980
25215,-3.824265,1.781812
25216,-3.215828,0.698220
25217,-3.324167,1.911146
25218,-2.374152,1.781812
25219,-3.826239,1.652478
25220,-2.176109,0.777479
25221,-2.883745,1.030303
25222,-2.149460,1.074730
25223,-3.397582,1.449729
25224,-2.572099,-0.722521
25225,-2.598822,-0.147791
25226,-2.572099,-0.722521
25227,-2.826042,1.911146
25228,-2.873202,0.400969
25229,-1.423694,-1.889800
25230,-0.926428,-1.721883
25231,-1.074632,0.054604
25232,-2.717704,0.698220
25233,-2.374152,1.781812
25234,-2.872277,1.781812
25235,-2.144490,0.326239
25236,-2.334986,1.579063
25237,-2.060606,1.030303
25238,-0.186374,0.093187
25239,-2.711958,1.074730
25240,-3.153395,0.440071
25241,-3.656250,1.579063
25242,-3.158125,1.579063
25243,-3.822291,1.911146
25244,-1.397882,0.603718
25245,-3.824265,1.781812
25246,-3.652478,1.826239
25247,-3.246980,1.623490
25248,-3.326140,1.781812
25249,-3.911146,1.955573
25250,-3.304955,1.652478
25251,-3.822291,1.911146
25252,-1.760035,1.320914
25253,-3.490208,1.246980
25254,-2.394628,0.440071
25255,-1.349578,0.500000
25256,-1.261910,1.320914
25257,-1.945199,0.149460
25258,-3.822291,1.911146
25259,-2.793116,1.623490
25260,-3.158125,1.579063
25261,-0.336881,-0.826239
25262,-0.176865,-0.074730
25263,-2.572099,-0.722521
25264,-2.885719,0.900969
25265,-0.860591,0.400969
25266,-1.607199,0.123490
25267,-2.669008,0.988831
25268,-3.911146,1.955573
25269,-3.822291,1.911146
25270,-3.652478,1.826239
25271,-2.431855,0.900969
25272,-3.158125,1.579063
25273,-3.365341,0.730682
25274,-3.563623,1.781812
25275,-1.475625,-0.623490
25276,-2.874250,1.652478
25277,-2.892753,0.440071
25278,-3.484462,1.623490
25279,-3.490208,1.246980
25280,-3.822291,1.911146
25281,-3.652478,1.826239
25282,-1.914041,-0.134659
25283,-1.878417,-1.721883
25284,-1.926590,-0.109562
25285,-3.692957,1.652478
25286,-3.866718,2.000000
25287,-1.717979,0.733052
25288,-1.349189,0.603718
25289,-0.569543,-0.955573
25290,-2.116349,-1.634021
25291,-3.824265,1.781812
25292,-3.824265,1.781812
25293,-3.123202,0.900969
25294,-3.215828,0.698220
25295,-1.551012,1.781812
25296,-2.730682,1.365341
25297,-2.810768,0.142820
25298,-3.246980,1.623490
25299,-3.658223,1.449729
25300,-1.200484,0.900969
25301,-2.256195,-0.445042
25302,-3.365341,0.730682
25303,-2.730682,1.365341
25304,-2.892753,0.440071
25305,-0.567329,-0.365341
25306,-0.102430,-1.889800
25307,-2.060606,1.030303
25308,-2.874250,1.652478
25309,-3.304955,1.652478
25310,-3.563623,1.781812
25311,-3.822291,1.911146
25312,-0.008010,-0.147791
25313,-3.824265,1.781812
25314,-3.822291,1.911146
25315,-2.899457,1.449729
25316,-3.650504,1.955573
25317,-1.978621,0.733052
25318,-3.563623,1.781812
25319,-2.641828,1.320914
25320,-2.144490,0.326239
25321,-3.161387,1.365341
25322,-1.661706,-1.634021
25323,-0.371614,-0.623490
25324,0.218617,-0.033258
25325,-3.065499,1.781812
25326,-3.153395,0.440071
25327,-2.540461,0.123490
25328,-2.133667,-1.466104
25329,-2.272552,1.320914
25330,-2.885719,0.900969
25331,-3.692957,1.652478
25332,-3.779838,1.826239
25333,-1.419626,-1.123490
25334,-3.088468,0.698220
25335,-2.892753,0.440071
25336,-1.284124,-0.134659
25337,-3.095692,1.320914
25338,-2.149460,1.074730
25339,-1.594507,0.222521
25340,-3.692957,1.652478
25341,-3.650504,1.955573
25342,-3.563623,1.781812
25343,-1.824442,1.449729
25344,-0.544316,-0.722521
25345,-2.430339,0.123490
25346,-2.883745,1.030303
25347,-0.544316,-0.722521
25348,-2.696708,1.652478
25349,-1.681370,1.030303
25350,-3.194833,1.652478
25351,-3.528889,1.579063
25352,-3.824265,1.781812
25353,-2.742943,1.911146
25354,-3.692957,1.652478
25355,-0.001041,-0.277479
25356,0.000835,0.222521
25357,-0.431016,0.698220
25358,-1.200484,0.900969
25359,-3.652478,1.826239
25360,-0.974766,1.579063
25361,-3.123202,0.900969
25362,-3.822291,1.911146
25363,-2.883745,1.030303
25364,-1.955475,-0.826239
25365,-0.584824,-0.033258
25366,-1.864156,-0.367711
25367,-2.572099,-0.722521
25368,-2.316833,-1.233052
25369,-2.133667,-1.466104
25370,-1.890808,-0.955573
25371,-0.880142,0.440071
25372,-1.914041,-0.134659
25373,-1.988459,-1.889800
25374,-3.074730,0.149460
25375,-2.669008,0.988831
25376,-2.641828,1.320914
25377,-3.434289,1.911146
25378,-2.394628,0.440071
25379,-2.993868,1.030303
25380,-3.333174,1.320914
25381,-2.964384,1.191580
25382,-3.427775,0.988831
25383,-3.102206,1.246980
25384,-3.167133,0.988831
25385,-3.658223,1.449729
25386,-3.623490,1.246980
25387,-3.232059,0.730682
25388,-2.302521,1.030303
25389,-3.692957,1.652478
25390,-1.279149,1.191580
25391,-3.955573,1.911146
25392,-3.281713,1.826239
25393,-3.095692,1.320914
25394,-2.870469,2.000000
25395,-2.011910,1.320914
25396,-3.692957,1.652478
25397,-3.333174,1.320914
25398,-2.563163,1.030303
25399,-1.557314,-0.109562
25400,-3.779838,1.826239
25401,-3.911146,1.955573
25402,-2.964384,1.191580
25403,-3.650504,1.955573
25404,-3.051264,1.365341
25405,-2.892753,0.440071
25406,-3.167133,0.988831
25407,-3.167133,0.988831
25408,-3.051264,1.365341
25409,-1.917063,0.093187
25410,-3.102206,1.246980
25411,-3.563623,1.781812
25412,-2.394628,0.440071
25413,-3.167133,0.988831
25414,-3.779838,1.826239
25415,-1.695108,1.579063
25416,-3.650504,1.955573
25417,-3.692957,1.652478
25418,-3.955573,1.911146
25419,-3.051264,1.365341
25420,-3.563623,1.781812
25421,-1.550062,0.900969
25422,-3.563623,1.781812
25423,-3.824265,1.781812
25424,-1.648630,-0.277479
25425,-1.489885,-1.977662
25426,-1.652210,-0.658322
25427,-3.074730,0.149460
25428,-1.960449,1.826239
25429,-2.598822,-0.147791
25430,-3.563623,1.781812
25431,-3.563623,1.781812
25432,-3.528889,1.579063
25433,-0.983246,-1.000000
25434,-2.874250,1.652478
25435,-3.563623,1.781812
25436,-1.849772,0.733052
25437,-3.161387,1.365341
25438,-2.873202,0.400969
25439,-2.605388,-0.134659
25440,-3.333174,1.320914
25441,-1.375695,-1.211352
25442,-1.284124,-0.134659
25443,-2.885719,0.900969
25444,-2.228125,1.365341
25445,-3.692957,1.652478
25446,-3.692957,1.652478
25447,-1.394005,0.455573
25448,-0.652478,0.326239
25449,-2.116349,-1.634021
25450,-1.474108,-1.400969
25451,-2.644197,-0.445042
25452,-3.650504,1.955573
25453,-3.955573,1.911146
25454,-3.779838,1.826239
25455,-2.899457,1.449729
25456,-1.361599,-0.367711
25457,-3.779838,1.826239
25458,-2.136480,0.698220
25459,-2.873202,0.400969
25460,-3.563623,1.781812
25461,-3.232059,0.730682
25462,-3.095692,1.320914
25463,-3.650504,1.955573
25464,-3.911146,1.955573
25465,-2.885719,0.900969
25466,-2.563163,1.030303
25467,-2.605388,-0.134659
25468,-2.553446,0.149460
25469,-3.462508,1.191580
25470,-1.977662,0.988831
25471,-0.621791,-0.955573
25472,-1.824442,1.449729
25473,-2.383160,1.191580
25474,-3.152379,1.955573
25475,-3.911146,1.955573
25476,-3.911146,1.955573
25477,-3.304955,1.652478
25478,-1.524320,-0.914101
25479,-1.120429,-1.721883
25480,-3.232059,0.730682
25481,-2.371693,1.652478
25482,-3.528889,1.579063
25483,-2.311457,-0.722521
25484,-1.284124,-0.134659
25485,-3.304955,1.652478
25486,-3.427775,0.988831
25487,-3.656250,1.579063
25488,-1.551938,0.400969
25489,-3.397582,1.449729
25490,-3.656250,1.579063
25491,-1.775215,0.326239
25492,-0.916907,-0.365341
25493,0.201708,-0.074730
25494,-2.116349,-1.634021
25495,-3.088468,0.698220
25496,-1.048700,0.730682
25497,-3.153395,0.440071
25498,-2.837543,1.579063
25499,-1.593993,0.988831
25500,-3.824265,1.781812
25501,-2.119812,-0.109562
25502,-3.427775,0.988831
25503,-2.440004,0.142820
25504,-3.692957,1.652478
25505,-3.650504,1.955573
25506,-3.088468,0.698220
25507,-3.779838,1.826239
25508,-3.563623,1.781812
25509,-3.152379,1.955573
25510,-3.779838,1.826239
25511,-2.964384,1.191580
25512,-2.859464,-0.147791
25513,-0.810020,1.191580
25514,-3.397582,1.449729
25515,-2.431855,0.900969
25516,-2.717704,0.698220
25517,-3.153395,0.440071
25518,-3.123202,0.900969
25519,-3.822291,1.911146
25520,-2.149460,1.074730
25521,-2.337712,0.326239
25522,-2.892753,0.440071
25523,-2.541119,0.733052
25524,-1.849772,0.733052
25525,-3.246980,1.623490
25526,-1.149815,1.320914
25527,-2.844057,0.730682
25528,-2.100697,-0.147791
25529,-1.118740,0.142820
25530,-3.563623,1.781812
25531,-3.095692,1.320914
25532,0.175093,0.093187
25533,-3.478716,2.000000
25534,-3.167133,0.988831
25535,-3.824265,1.781812
25536,-3.484462,1.623490
25537,-2.837543,1.579063
25538,-2.563163,1.030303
25539,-3.528889,1.579063
25540,-3.281713,1.826239
25541,-3.246980,1.623490
25542,-2.141244,1.191580
25543,-2.541119,0.733052
25544,-1.960449,1.826239
25545,-0.729953,0.093187
25546,-3.563623,1.781812
25547,-2.835050,1.320914
25548,-0.801938,0.400969
25549,-2.302521,1.030303
25550,-2.106074,-0.658322
25551,-3.824265,1.781812
25552,-1.050429,1.652478
25553,-3.692957,1.652478
25554,-3.955573,1.911146
25555,-3.955573,1.911146
25556,-3.779838,1.826239
25557,-3.824265,1.781812
25558,-2.259209,0.777479
25559,-2.837543,1.579063
25560,-1.462714,0.222521
25561,-1.441541,-1.466104
25562,-1.280886,-1.400969
25563,-2.311457,-0.722521
25564,-0.712635,-0.074730
25565,-0.861260,0.222521
25566,-2.334986,1.579063
25567,-2.899457,1.449729
25568,-3.158125,1.579063
25569,-2.144490,0.326239
25570,-3.822291,1.911146
25571,-1.384971,1.449729
25572,-0.765763,0.730682
25573,-2.272552,1.320914
25574,-3.158125,1.579063
25575,-2.272552,1.320914
25576,0.358917,1.449729
25577,-2.311457,-0.722521
25578,-2.144490,0.326239
25579,-3.167133,0.988831
25580,-2.859464,-0.147791
25581,-2.793116,1.623490
25582,-2.060606,1.030303
25583,-1.601453,0.500000
25584,-3.246980,1.623490
25585,-2.056191,-1.233052
25586,-0.195054,-1.801938
25587,-3.656250,1.579063
25588,-3.065499,1.781812
25589,-3.650504,1.955573
25590,-3.824265,1.781812
25591,-2.430339,0.123490
25592,-1.207436,0.603718
25593,-3.158125,1.579063
25594,-2.374152,1.781812
25595,-2.872277,1.781812
25596,-1.731816,1.652478
25597,-0.368582,0.440071
25598,-3.478716,2.000000
25599,-2.717704,0.698220
25600,-3.824265,1.781812
25601,-3.365341,0.730682
25602,-3.333174,1.320914
25603,-1.275116,0.455573
25604,-1.849772,0.733052
25605,-3.158125,1.579063
25606,-2.641828,1.320914
25607,-0.098933,1.030303
25608,-2.272552,1.320914
25609,-3.123202,0.900969
25610,-3.324167,1.911146
25611,-2.367905,-0.134659
25612,-3.304955,1.652478
25613,-1.978716,-1.000000
25614,-1.978621,0.733052
25615,-2.644197,-0.445042
25616,-2.563163,1.030303
25617,-2.885719,0.900969
25618,-3.824265,1.781812
25619,-3.051264,1.365341
25620,-2.872277,1.781812
25621,-2.598822,-0.147791
25622,-2.605388,-0.134659
25623,-1.344281,-0.535628
25624,0.938944,0.988831
25625,-1.123325,0.054604
25626,-1.695108,1.579063
25627,-3.333174,1.320914
25628,-2.964384,1.191580
25629,0.497515,-0.162592
25630,-3.694931,1.911146
25631,-1.180804,0.266948
25632,-2.706235,1.449729
25633,-0.382320,0.988831
25634,-1.978621,0.733052
25635,-3.246980,1.623490
25636,-3.911146,1.955573
25637,-3.692957,1.652478
25638,-3.650504,1.955573
25639,-2.793116,1.623490
25640,-3.911146,1.955573
25641,-2.742943,1.911146
25642,-3.824265,1.781812
25643,-2.336959,1.449729
25644,-2.964384,1.191580
25645,-3.866718,2.000000
25646,-1.394005,0.455573
25647,-3.528889,1.579063
25648,-3.427775,0.988831
25649,-2.711958,1.074730
25650,-1.801938,0.900969
25651,-1.116526,0.733052
25652,-3.427775,0.988831
25653,-2.892753,0.440071
25654,-3.692957,1.652478
25655,-3.232059,0.730682
25656,-1.717542,-0.914101
25657,-2.337712,0.326239
25658,-2.730682,1.365341
25659,-2.518736,1.074730
25660,-2.941449,0.149460
25661,-3.826239,1.652478
25662,-3.911146,1.955573
25663,-3.167133,0.988831
25664,-3.158125,1.579063
25665,-3.824265,1.781812
25666,-3.826239,1.652478
25667,-2.835050,1.320914
25668,-3.324167,1.911146
25669,-2.430339,0.123490
25670,-2.430339,0.123490
25671,-2.883745,1.030303
25672,-3.304955,1.652478
25673,-3.652478,1.826239
25674,-3.158125,1.579063
25675,-3.911146,1.955573
25676,-3.911146,1.955573
25677,-3.656250,1.579063
25678,-2.242359,1.781812
25679,-3.326140,1.781812
25680,-3.652478,1.826239
25681,-3.484462,1.623490
25682,-2.493959,1.246980
25683,-3.911146,1.955573
25684,-2.730682,1.365341
25685,-1.442336,-1.211352
25686,-2.261572,-0.955573
25687,-3.563623,1.781812
25688,-2.826042,1.911146
25689,-3.650504,1.955573
25690,-0.864659,-0.365341
25691,-3.822291,1.911146
25692,-3.563623,1.781812
25693,-3.215828,0.698220
25694,-1.423694,-1.889800
25695,-1.771749,-1.801938
25696,-1.207436,0.603718
25697,-3.161387,1.365341
25698,-2.883745,1.030303
25699,-1.397882,0.603718
25700,-0.179571,1.191580
25701,-3.462508,1.191580
25702,-2.235810,0.730682
25703,-2.563163,1.030303
25704,-1.703282,0.440071
25705,-3.232059,0.730682
25706,-3.694931,1.911146
25707,-3.911146,1.955573
25708,-3.658223,1.449729
25709,-3.232059,0.730682
25710,-2.605388,-0.134659
25711,-2.892753,0.440071
25712,-1.717979,0.733052
25713,-3.824265,1.781812
25714,-3.167133,0.988831
25715,-2.311457,-0.722521
25716,-2.696708,1.652478
25717,-2.859464,-0.147791
25718,-2.116349,-1.634021
25719,-3.824265,1.781812
25720,-3.822291,1.911146
25721,-2.793116,1.623490
25722,-1.731730,-0.277479
25723,-2.700489,1.826239
25724,-3.563623,1.781812
25725,-3.824265,1.781812
25726,-3.652478,1.826239
25727,-3.158125,1.579063
25728,-3.335148,1.191580
25729,-3.158125,1.579063
25730,-3.563623,1.781812
25731,-3.161387,1.365341
25732,-2.598822,-0.147791
25733,-3.652478,1.826239
25734,-3.158125,1.579063
25735,-2.777479,-0.445042
25736,-2.700489,1.826239
25737,-3.324167,1.911146
25738,-3.326140,1.781812
25739,-2.706235,1.449729
25740,-3.652478,1.826239
25741,-2.168944,1.246980
25742,-2.874250,1.652478
25743,-3.563623,1.781812
25744,-2.383160,1.191580
25745,-2.349870,0.603718
25746,-3.335148,1.191580
25747,-3.246980,1.623490
25748,-3.822291,1.911146
25749,-1.703282,0.440071
25750,-3.335148,1.191580
25751,-1.588247,1.365341
25752,-1.824442,1.449729
25753,-3.397582,1.449729
25754,-3.478716,2.000000
25755,-2.872277,1.781812
25756,-2.367905,-0.134659
25757,-2.810768,0.142820
25758,-2.641828,1.320914
25759,-1.005460,-0.955573
25760,-3.694931,1.911146
25761,-1.118740,0.142820
25762,-1.734301,-1.488831
25763,-3.123202,0.900969
25764,-3.779838,1.826239
25765,-3.694931,1.911146
25766,-3.462508,1.191580
25767,-2.576901,1.579063
25768,-2.899457,1.449729
25769,-2.311457,-0.722521
25770,-2.873202,0.400969
25771,-1.330319,-0.914101
25772,-0.702281,0.603718
25773,-2.899457,1.449729
25774,0.890084,-0.445042
25775,-2.717704,0.698220
25776,-1.977662,0.988831
25777,-3.095692,1.320914
25778,-2.366718,-1.000000
25779,-0.299901,-1.211352
25780,-1.423694,-1.889800
25781,-3.167133,0.988831
25782,-1.760035,1.320914
25783,-1.261910,1.320914
25784,-1.794458,-1.889800
25785,-3.563623,1.781812
25786,-3.215828,0.698220
25787,-3.123202,0.900969
25788,-3.161387,1.365341
25789,-0.549693,-1.233052
25790,-1.593993,0.988831
25791,0.104668,-0.109562
25792,-0.938334,-0.826239
25793,-3.333174,1.320914
25794,-2.541119,0.733052
25795,-3.326140,1.781812
25796,-3.095692,1.320914
25797,-2.810768,0.142820
25798,-3.161387,1.365341
25799,-3.652478,1.826239
25800,-2.060606,1.030303
25801,-2.835050,1.320914
25802,-2.605388,-0.134659
25803,-1.933731,0.900969
25804,-2.654083,-0.425270
25805,-2.810768,0.142820
25806,-2.859464,-0.147791
25807,-3.656250,1.579063
25808,-1.127350,1.826239
25809,-3.652478,1.826239
25810,-2.941449,0.149460
25811,-2.859464,-0.147791
25812,-1.801938,0.900969
25813,-2.242359,1.781812
25814,-3.656250,1.579063
25815,-3.167133,0.988831
25816,-0.911146,0.455573
25817,-3.335148,1.191580
25818,-3.427775,0.988831
25819,-2.835050,1.320914
25820,-2.181855,0.400969
25821,-3.911146,1.955573
25822,-3.158125,1.579063
25823,-3.397582,1.449729
25824,-2.873202,0.400969
25825,-2.885719,0.900969
25826,-1.475625,-0.623490
25827,-2.228125,1.365341
25828,-3.326140,1.781812
25829,-3.152379,1.955573
25830,-3.462508,1.191580
25831,-3.281713,1.826239
25832,-3.650504,1.955573
25833,-0.241532,0.054604
25834,0.566495,0.142820
25835,-2.711958,1.074730
25836,-3.232059,0.730682
25837,-3.434289,1.911146
25838,-2.466259,1.191580
25839,-2.644197,-0.445042
25840,-1.643120,1.191580
25841,-2.669008,0.988831
25842,-2.872277,1.781812
25843,-3.623490,1.246980
25844,-3.779838,1.826239
25845,-2.696708,1.652478
25846,-3.051264,1.365341
25847,-3.694931,1.911146
25848,-1.695108,1.579063
25849,-3.658223,1.449729
25850,-2.541119,0.733052
25851,0.263556,-0.955573
25852,-3.158125,1.579063
25853,-3.215828,0.698220
25854,-3.658223,1.449729
25855,-2.793116,1.623490
25856,-3.335148,1.191580
25857,-2.336959,1.449729
25858,-3.822291,1.911146
25859,-3.304955,1.652478
25860,-3.652478,1.826239
25861,-3.158125,1.579063
25862,-2.056191,-1.233052
25863,-3.427775,0.988831
25864,-2.883745,1.030303
25865,-3.304955,1.652478
25866,-3.065499,1.781812
25867,-1.171501,-0.623490
25868,-3.490208,1.246980
25869,-2.872277,1.781812
25870,-3.161387,1.365341
25871,-0.553817,0.440071
25872,-2.717704,0.698220
25873,-1.836861,1.579063
25874,-3.365341,0.730682
25875,-3.484462,1.623490
25876,-2.826042,1.911146
25877,-3.652478,1.826239
25878,-2.336959,1.449729
25879,-2.780575,0.603718
25880,-3.658223,1.449729
25881,0.218617,-0.033258
25882,-1.690819,-1.488831
25883,-3.335148,1.191580
25884,-3.911146,1.955573
25885,-3.335148,1.191580
25886,-2.242359,1.781812
25887,-3.650504,1.955573
25888,-3.563623,1.781812
25889,-2.100697,-0.147791
25890,-0.226309,-0.914101
25891,-1.652210,-0.658322
25892,-2.572099,-0.722521
25893,-3.658223,1.449729
25894,-3.484462,1.623490
25895,-3.158125,1.579063
25896,-3.652478,1.826239
25897,-3.911146,1.955573
25898,-2.874250,1.652478
25899,-3.158125,1.579063
25900,-2.700489,1.826239
25901,-1.413419,-0.914101
25902,0.582947,-0.722521
25903,-2.155959,-0.425270
25904,-0.212537,0.054604
25905,-0.652478,0.326239
25906,-1.636943,1.074730
25907,-3.153395,0.440071
25908,-0.810020,1.191580
25909,-3.563623,1.781812
25910,-2.056191,-1.233052
25911,-2.383160,1.191580
25912,-3.652478,1.826239
25913,-3.656250,1.579063
25914,-3.563623,1.781812
25915,-2.011910,1.320914
25916,-3.167133,0.988831
25917,-1.926590,-0.109562
25918,-1.349578,0.500000
25919,-2.235810,0.730682
25920,-1.637893,1.955573
25921,-2.228125,1.365341
25922,-2.872277,1.781812
25923,-2.605388,-0.134659
25924,-1.384971,1.449729
25925,-2.553446,0.149460
25926,-3.153395,0.440071
25927,-1.231001,-1.634021
25928,-2.941449,0.149460
25929,-1.492359,1.781812
25930,-3.484462,1.623490
25931,-2.635719,0.400969
25932,-3.824265,1.781812
25933,-2.883745,1.030303
25934,-3.652478,1.826239
25935,-2.641828,1.320914
25936,-3.324167,1.911146
25937,-3.324167,1.911146
25938,-2.669008,0.988831
25939,-3.652478,1.826239
25940,-3.427775,0.988831
25941,-3.152379,1.955573
25942,-3.563623,1.781812
25943,-3.158125,1.579063
25944,-3.822291,1.911146
25945,-3.490208,1.246980
25946,-3.824265,1.781812
25947,-3.324167,1.911146
25948,-2.885719,0.900969
25949,-2.110972,-1.123490
25950,-1.836861,1.579063
25951,-1.554958,0.777479
25952,-3.822291,1.911146
25953,-2.272552,1.320914
25954,-2.168944,1.246980
25955,-2.711958,1.074730
25956,-1.955475,-0.826239
25957,-1.214222,1.449729
25958,-3.563623,1.781812
25959,-3.335148,1.191580
25960,-0.207561,-0.033258
25961,-2.892753,0.440071
25962,-0.974766,1.579063
25963,-3.427775,0.988831
25964,-1.397882,0.603718
25965,-2.844057,0.730682
25966,-1.801938,0.900969
25967,-2.383160,1.191580
25968,-2.155959,-0.425270
25969,-3.658223,1.449729
25970,-1.344281,-0.535628
25971,-2.316833,-1.233052
25972,-3.232059,0.730682
25973,-3.528889,1.579063
25974,-0.117905,-0.134659
25975,-1.944528,-1.977662
25976,-1.574293,-1.721883
25977,-2.337712,0.326239
25978,-3.563623,1.781812
25979,-2.461033,1.955573
25980,-2.635719,0.400969
25981,-2.133667,-1.466104
25982,-1.120429,-1.721883
25983,-3.563623,1.781812
25984,-2.793116,1.623490
25985,-3.528889,1.579063
25986,-1.349189,0.603718
25987,-2.605388,-0.134659
25988,-2.302521,1.030303
25989,-3.246980,1.623490
25990,-3.194833,1.652478
25991,-3.563623,1.781812
25992,-3.102206,1.246980
25993,-3.779838,1.826239
25994,-1.300576,-0.365341
25995,-2.493959,1.246980
25996,-3.161387,1.365341
25997,-3.563623,1.781812
25998,-1.703282,0.440071
25999,-3.215828,0.698220
26000,-0.801938,0.400969
26001,-0.476251,-0.367711
26002,-3.281713,1.826239
26003,-2.388932,-0.955573
26004,-3.563623,1.781812
26005,-2.641828,1.320914
26006,-3.484462,1.623490
26007,-3.232059,0.730682
26008,-1.836861,1.579063
26009,-2.711958,1.074730
26010,-3.656250,1.579063
26011,-2.873202,0.400969
26012,-3.911146,1.955573
26013,-2.810768,0.142820
26014,-1.858780,0.142820
26015,-3.246980,1.623490
26016,-1.945199,0.149460
26017,-2.885719,0.900969
26018,-4.000000,2.000000
26019,-3.658223,1.449729
26020,-2.605388,-0.134659
26021,-2.060606,1.030303
26022,-3.153395,0.440071
26023,-3.824265,1.781812
26024,-2.844057,0.730682
26025,-1.877888,-1.977662
26026,-2.440004,0.142820
26027,-0.533896,0.266948
26028,-1.731816,1.652478
26029,-3.304955,1.652478
26030,-3.484462,1.623490
26031,-1.592048,0.093187
26032,-1.690819,-1.488831
26033,-0.001041,-0.277479
26034,-2.526723,-0.425270
26035,-1.314088,-0.074730
26036,-0.275975,0.123490
26037,-3.462508,1.191580
26038,-3.528889,1.579063
26039,-3.911146,1.955573
26040,-3.051264,1.365341
26041,-3.824265,1.781812
26042,-3.692957,1.652478
26043,-3.123202,0.900969
26044,-3.824265,1.781812
26045,-2.964384,1.191580
26046,-3.528889,1.579063
26047,-2.742943,1.911146
26048,-1.050429,1.652478
26049,-2.670453,0.603718
26050,-2.526723,-0.425270
26051,-3.281713,1.826239
26052,-3.268248,1.579063
26053,-2.873202,0.400969
26054,-2.711958,1.074730
26055,-2.598822,-0.147791
26056,-2.371693,1.652478
26057,-3.167133,0.988831
26058,-1.733246,0.500000
26059,-2.011910,1.320914
26060,-1.652210,-0.658322
26061,-3.152379,1.955573
26062,-3.692957,1.652478
26063,-3.095692,1.320914
26064,-3.779838,1.826239
26065,-0.689843,0.400969
26066,-3.911146,1.955573
26067,-3.268248,1.579063
26068,-2.526723,-0.425270
26069,-3.095692,1.320914
26070,-3.779838,1.826239
26071,-2.163198,1.623490
26072,-3.232059,0.730682
26073,-3.051264,1.365341
26074,-2.374152,1.781812
26075,-1.624178,-1.488831
26076,-0.710661,0.054604
26077,-2.883745,1.030303
26078,-3.335148,1.191580
26079,-3.656250,1.579063
26080,-3.656250,1.579063
26081,-3.167133,0.988831
26082,-1.878417,-1.721883
26083,-0.207561,-0.033258
26084,-0.159449,-0.109562
26085,-3.692957,1.652478
26086,-2.644197,-0.445042
26087,-2.885719,0.900969
26088,-1.681370,1.030303
26089,-2.163198,1.623490
26090,-2.635719,0.400969
26091,-1.224190,2.000000
26092,-3.152379,1.955573
26093,-1.719513,1.246980
26094,-3.434289,1.911146
26095,-3.051264,1.365341
26096,-2.181855,0.400969
26097,-3.326140,1.781812
26098,-2.993868,1.030303
26099,-3.232059,0.730682
26100,-3.563623,1.781812
26101,-2.136480,0.698220
26102,-2.518736,1.074730
26103,0.149460,-0.074730
26104,-3.650504,1.955573
26105,-3.333174,1.320914
26106,-1.233709,-0.623490
26107,-1.344281,-0.535628
26108,-1.231001,-1.634021
26109,-1.727818,-1.889800
26110,-2.261572,-0.955573
26111,-2.635719,0.400969
26112,-3.484462,1.623490
26113,-2.261572,-0.955573
26114,-2.605388,-0.134659
26115,-3.650504,1.955573
26116,-1.762008,1.191580
26117,-3.826239,1.652478
26118,-3.304955,1.652478
26119,-3.824265,1.781812
26120,-2.844057,0.730682
26121,-1.132335,-0.826239
26122,-3.658223,1.449729
26123,-3.826239,1.652478
26124,-2.700489,1.826239
26125,-3.158125,1.579063
26126,-3.152379,1.955573
26127,-0.150597,0.400969
26128,-3.652478,1.826239
26129,-0.669220,1.781812
26130,-1.207436,0.603718
26131,-3.333174,1.320914
26132,-2.383160,1.191580
26133,-3.324167,1.911146
26134,-2.826042,1.911146
26135,-2.060606,1.030303
26136,-3.397582,1.449729
26137,-2.598822,-0.147791
26138,-3.365341,0.730682
26139,-3.335148,1.191580
26140,-2.872277,1.781812
26141,-2.272552,1.320914
26142,-3.161387,1.365341
26143,-3.824265,1.781812
26144,-3.158125,1.579063
26145,-2.706235,1.449729
26146,-1.550062,0.900969
26147,-1.624178,-1.488831
26148,-1.558725,-0.623490
26149,-3.326140,1.781812
26150,-2.242359,1.781812
26151,-1.690819,-1.488831
26152,-0.864659,-0.365341
26153,-3.652478,1.826239
26154,-2.641828,1.320914
26155,-2.208111,1.449729
26156,-0.911146,0.455573
26157,0.097527,0.900969
26158,-2.553446,0.149460
26159,-3.051264,1.365341
26160,-2.641828,1.320914
26161,-3.051264,1.365341
26162,-3.462508,1.191580
26163,-3.779838,1.826239
26164,-1.003761,1.579063
26165,-3.658223,1.449729
26166,-2.576901,1.579063
26167,-3.694931,1.911146
26168,-2.136480,0.698220
26169,-2.859464,-0.147791
26170,-1.601453,0.500000
26171,-2.540461,0.123490
26172,-3.694931,1.911146
26173,-2.136480,0.698220
26174,-1.717542,-0.914101
26175,-3.779838,1.826239
26176,-3.866718,2.000000
26177,-2.572099,-0.722521
26178,-2.526723,-0.425270
26179,-3.484462,1.623490
26180,-0.652478,0.326239
26181,-3.658223,1.449729
26182,-2.964384,1.191580
26183,-3.911146,1.955573
26184,-3.333174,1.320914
26185,-1.118740,0.142820
26186,-1.123325,0.054604
26187,-2.235810,0.730682
26188,-1.713557,-0.535628
26189,-0.916907,-0.365341
26190,-3.152379,1.955573
26191,-1.397882,0.603718
26192,-3.246980,1.623490
26193,-2.874250,1.652478
26194,-3.911146,1.955573
26195,-3.822291,1.911146
26196,-1.668109,-1.400969
26197,-1.551584,-1.634021
26198,-1.934194,0.777479
26199,-2.461033,1.955573
26200,-3.824265,1.781812
26201,-1.568917,-1.211352
26202,-2.883745,1.030303
26203,-3.652478,1.826239
26204,-2.899457,1.449729
26205,-3.824265,1.781812
26206,-1.601453,0.500000
26207,-2.181855,0.400969
26208,-2.383160,1.191580
26209,-2.572099,-0.722521
26210,-3.161387,1.365341
26211,-3.656250,1.579063
26212,-3.153395,0.440071
26213,-1.588247,1.365341
26214,-3.304955,1.652478
26215,-3.324167,1.911146
26216,-3.335148,1.191580
26217,-2.873202,0.400969
26218,-2.669008,0.988831
26219,0.001504,0.400969
26220,-1.813332,-0.722521
26221,-1.592048,0.093187
26222,-1.445133,0.698220
26223,-1.813332,-0.722521
26224,-2.038874,-1.400969
26225,-3.528889,1.579063
26226,-2.641828,1.320914
26227,-0.493902,-1.211352
26228,-3.088468,0.698220
26229,-2.872277,1.781812
26230,-0.828197,0.988831
26231,-2.518736,1.074730
26232,-3.563623,1.781812
26233,-2.872277,1.781812
26234,-3.123202,0.900969
26235,-3.326140,1.781812
26236,-3.095692,1.320914
26237,-2.208111,1.449729
26238,-1.003761,1.579063
26239,-0.061373,0.222521
26240,-3.268248,1.579063
26241,-3.528889,1.579063
26242,-2.742943,1.911146
26243,-3.281713,1.826239
26244,-3.779838,1.826239
26245,-2.635719,0.400969
26246,-2.859464,-0.147791
26247,-2.302521,1.030303
26248,-1.917063,0.093187
26249,-2.163198,1.623490
26250,-3.658223,1.449729
26251,-1.634892,-0.826239
26252,-0.197601,-0.033258
26253,-2.742943,1.911146
26254,-3.779838,1.826239
26255,-3.779838,1.826239
26256,-2.837543,1.579063
26257,-3.824265,1.781812
26258,-2.641828,1.320914
26259,-1.236955,-1.488831
26260,-1.248319,-1.466104
26261,-1.801938,0.900969
26262,-3.281713,1.826239
26263,-2.347897,0.733052
26264,-3.462508,1.191580
26265,-3.658223,1.449729
26266,-3.563623,1.781812
26267,-2.964384,1.191580
26268,-3.167133,0.988831
26269,-3.528889,1.579063
26270,-2.964384,1.191580
26271,-0.985218,0.603718
26272,-2.670453,0.603718
26273,-2.540461,0.123490
26274,-0.437586,-0.445042
26275,0.568709,0.733052
26276,-2.826042,1.911146
26277,-3.335148,1.191580
26278,-0.578811,-0.162592
26279,-1.914041,-0.134659
26280,-3.656250,1.579063
26281,-0.490512,-1.721883
26282,-2.343556,-0.658322
26283,-1.727818,-1.889800
26284,-0.153316,0.142820
26285,-3.462508,1.191580
26286,-1.284124,-0.134659
26287,-2.641828,1.320914
26288,-1.775215,0.326239
26289,-3.167133,0.988831
26290,-3.434289,1.911146
26291,-2.311457,-0.722521
26292,-2.696708,1.652478
26293,-2.870469,2.000000
26294,-3.095692,1.320914
26295,-1.027479,-0.277479
26296,-2.038874,-1.400969
26297,-2.106074,-0.658322
26298,-3.658223,1.449729
26299,-3.484462,1.623490
26300,-2.259209,0.777479
26301,-3.281713,1.826239
26302,-3.824265,1.781812
26303,-1.934194,0.777479
26304,-1.845869,0.988831
26305,-3.427775,0.988831
26306,-3.563623,1.781812
26307,-0.689843,0.400969
26308,-3.824265,1.781812
26309,-1.762918,-1.211352
26310,-3.462508,1.191580
26311,-3.528889,1.579063
26312,-2.311457,-0.722521
26313,-0.801938,0.400969
26314,-3.088468,0.698220
26315,-1.873490,-1.123490
26316,-2.518736,1.074730
26317,-3.484462,1.623490
26318,-3.911146,1.955573
26319,-3.095692,1.320914
26320,-1.361599,-0.367711
26321,-2.669008,0.988831
26322,-2.793116,1.623490
26323,-3.824265,1.781812
26324,-2.228125,1.365341
26325,-2.670453,0.603718
26326,-3.623490,1.246980
26327,-3.088468,0.698220
26328,-2.526723,-0.425270
26329,-2.011910,1.320914
26330,-3.694931,1.911146
26331,-3.528889,1.579063
26332,-2.100697,-0.147791
26333,-1.445881,-0.074730
26334,-3.779838,1.826239
26335,-2.873202,0.400969
26336,-3.333174,1.320914
26337,-2.572099,-0.722521
26338,-0.911611,-1.400969
26339,-0.879043,-1.466104
26340,-2.493959,1.246980
26341,-2.541119,0.733052
26342,-3.822291,1.911146
26343,-3.333174,1.320914
26344,-2.060606,1.030303
26345,-3.152379,1.955573
26346,-3.652478,1.826239
26347,-1.864156,-0.367711
26348,-1.309583,-0.955573
26349,-3.563623,1.781812
26350,-2.367905,-0.134659
26351,-3.563623,1.781812
26352,-2.598822,-0.147791
26353,-2.430339,0.123490
26354,-2.385621,1.030303
26355,-0.207271,1.246980
26356,0.084793,0.054604
26357,-2.700489,1.826239
26358,-1.824442,1.449729
26359,-0.873667,-0.955573
26360,-2.015156,0.455573
26361,-2.228125,1.365341
26362,-2.461033,1.955573
26363,-3.281713,1.826239
26364,-3.152379,1.955573
26365,-1.551012,1.781812
26366,-1.717542,-0.914101
26367,-2.641828,1.320914
26368,0.022585,0.054604
26369,-1.492359,1.781812
26370,-3.563623,1.781812
26371,-2.259209,0.777479
26372,-3.911146,1.955573
26373,-3.563623,1.781812
26374,-2.563163,1.030303
26375,-3.268248,1.579063
26376,-1.690819,-1.488831
26377,-1.574293,-1.721883
26378,-1.988459,-1.889800
26379,-2.526723,-0.425270
26380,-3.333174,1.320914
26381,-1.928302,-1.488831
26382,-2.311457,-0.722521
26383,-2.696708,1.652478
26384,-3.694931,1.911146
26385,-2.835050,1.320914
26386,-3.462508,1.191580
26387,-2.885719,0.900969
26388,-3.563623,1.781812
26389,-2.272552,1.320914
26390,-3.268248,1.579063
26391,-3.434289,1.911146
26392,-2.669008,0.988831
26393,-3.051264,1.365341
26394,-2.302521,1.030303
26395,-1.003761,1.579063
26396,-3.692957,1.652478
26397,-3.088468,0.698220
26398,-3.911146,1.955573
26399,-2.518736,1.074730
26400,-2.793116,1.623490
26401,-2.261572,-0.955573
26402,-0.544620,-0.277479
26403,-3.326140,1.781812
26404,-3.324167,1.911146
26405,-3.335148,1.191580
26406,-2.793116,1.623490
26407,-3.335148,1.191580
26408,-3.822291,1.911146
26409,-3.563623,1.781812
26410,-2.899457,1.449729
26411,-1.914041,-0.134659
26412,-0.880142,0.440071
26413,-0.983246,-1.000000
26414,-1.394005,0.455573
26415,-3.153395,0.440071
26416,-3.955573,1.911146
26417,-3.397582,1.449729
26418,-3.194833,1.652478
26419,-2.711958,1.074730
26420,-3.658223,1.449729
26421,-2.641828,1.320914
26422,-3.650504,1.955573
26423,-1.179763,1.911146
26424,-3.652478,1.826239
26425,-1.928302,-1.488831
26426,-3.824265,1.781812
26427,-3.326140,1.781812
26428,-0.879043,-1.466104
26429,-3.065499,1.781812
26430,-2.343556,-0.658322
26431,-1.906779,-0.535628
26432,-2.885719,0.900969
26433,-2.641828,1.320914
26434,-3.215828,0.698220
26435,-1.727818,-1.889800
26436,-2.256195,-0.445042
26437,-2.119812,-0.109562
26438,-2.700489,1.826239
26439,0.484750,0.900969
26440,-3.650504,1.955573
26441,-3.215828,0.698220
26442,-1.044797,-0.109562
26443,0.050350,0.123490
26444,-2.835050,1.320914
26445,-3.658223,1.449729
26446,-3.911146,1.955573
26447,-3.051264,1.365341
26448,-2.837543,1.579063
26449,-3.167133,0.988831
26450,-1.703282,0.440071
26451,-2.964384,1.191580
26452,-2.347897,0.733052
26453,-2.110972,-1.123490
26454,-1.988459,-1.889800
26455,-2.005777,-1.721883
26456,-2.938128,0.142820
26457,-1.123325,0.054604
26458,-3.065499,1.781812
26459,-3.866718,2.000000
26460,-2.141244,1.191580
26461,-1.713557,-0.535628
26462,-1.574293,-1.721883
26463,-2.730682,1.365341
26464,-2.654083,-0.425270
26465,-2.526723,-0.425270
26466,-1.847313,0.603718
26467,-1.412671,0.730682
26468,-3.484462,1.623490
26469,-2.696708,1.652478
26470,-3.152379,1.955573
26471,-1.789708,1.246980
26472,-1.361599,-0.367711
26473,-2.670453,0.603718
26474,-3.779838,1.826239
26475,-0.985218,0.603718
26476,-3.528889,1.579063
26477,-3.955573,1.911146
26478,-3.462508,1.191580
26479,-2.141244,1.191580
26480,-0.496114,1.320914
26481,-0.689843,0.400969
26482,-0.117905,-0.134659
26483,-1.475625,-0.623490
26484,-2.730682,1.365341
26485,-3.215828,0.698220
26486,-3.911146,1.955573
26487,-3.656250,1.579063
26488,-2.349870,0.603718
26489,-1.022292,-0.658322
26490,-3.095692,1.320914
26491,-3.333174,1.320914
26492,-1.762008,1.191580
26493,-3.158125,1.579063
26494,-2.367905,-0.134659
26495,-0.847680,1.246980
26496,-2.777479,-0.445042
26497,-2.116349,-1.634021
26498,-3.563623,1.781812
26499,-2.526723,-0.425270
26500,-0.686069,-0.722521
26501,-0.088164,0.142820
26502,-2.367905,-0.134659
26503,-2.541119,0.733052
26504,-1.926590,-0.109562
26505,-1.588247,1.365341
26506,-2.176109,0.777479
26507,-1.944528,-1.977662
26508,-1.873490,-1.123490
26509,-1.198511,1.030303
26510,-3.484462,1.623490
26511,-1.406715,-0.277479
26512,-1.690819,-1.488831
26513,-2.541119,0.733052
26514,-2.641828,1.320914
26515,-3.652478,1.826239
26516,-3.563623,1.781812
26517,-3.656250,1.579063
26518,-3.095692,1.320914
26519,-3.652478,1.826239
26520,-3.563623,1.781812
26521,-3.911146,1.955573
26522,-2.706235,1.449729
26523,-2.654083,-0.425270
26524,-3.397582,1.449729
26525,-3.326140,1.781812
26526,-2.793116,1.623490
26527,-3.652478,1.826239
26528,-3.563623,1.781812
26529,-2.641828,1.320914
26530,-2.717704,0.698220
26531,-3.822291,1.911146
26532,-3.911146,1.955573
26533,-3.427775,0.988831
26534,-1.309583,-0.955573
26535,-1.212812,0.093187
26536,-0.503178,1.449729
26537,-1.801938,0.900969
26538,-3.652478,1.826239
26539,-2.874250,1.652478
26540,-2.294861,-0.367711
26541,-1.845869,0.988831
26542,-2.780575,0.603718
26543,-3.158125,1.579063
26544,-3.650504,1.955573
26545,-1.733246,0.500000
26546,-2.892753,0.440071
26547,-3.490208,1.246980
26548,-3.656250,1.579063
26549,-1.624178,-1.488831
26550,-1.492359,1.781812
26551,-2.874250,1.652478
26552,-3.490208,1.246980
26553,-2.711958,1.074730
26554,-3.123202,0.900969
26555,-3.656250,1.579063
26556,-3.065499,1.781812
26557,-2.367905,-0.134659
26558,-1.568917,-1.211352
26559,-2.311457,-0.722521
26560,-2.541119,0.733052
26561,-3.826239,1.652478
26562,-3.826239,1.652478
26563,-3.304955,1.652478
26564,-3.656250,1.579063
26565,-3.158125,1.579063
26566,-2.394628,0.440071
26567,-3.656250,1.579063
26568,-2.349870,0.603718
26569,-3.658223,1.449729
26570,-3.490208,1.246980
26571,-2.163198,1.623490
26572,-2.394628,0.440071
26573,-1.121986,-0.722521
26574,-0.145365,0.011169
26575,-2.176109,0.777479
26576,-2.060606,1.030303
26577,-2.349870,0.603718
26578,-3.652478,1.826239
26579,-0.974766,1.579063
26580,-0.643478,-0.033258
26581,0.216586,0.054604
26582,-2.635719,0.400969
26583,-2.780575,0.603718
26584,-3.158125,1.579063
26585,-2.826042,1.911146
26586,-3.246980,1.623490
26587,-2.493959,1.246980
26588,-2.899457,1.449729
26589,-1.745664,-1.466104
26590,0.320225,0.455573
26591,-1.775215,0.326239
26592,-2.343556,-0.658322
26593,-1.168783,-0.365341
26594,-2.670453,0.603718
26595,-2.541119,0.733052
26596,-2.641828,1.320914
26597,-1.855707,-1.634021
26598,-1.944528,-1.977662
26599,-2.635719,0.400969
26600,-1.524320,-0.914101
26601,-3.397582,1.449729
26602,-3.268248,1.579063
26603,-3.268248,1.579063
26604,-2.717704,0.698220
26605,-2.706235,1.449729
26606,-1.926590,-0.109562
26607,-3.656250,1.579063
26608,-2.347897,0.733052
26609,-3.911146,1.955573
26610,-1.836861,1.579063
26611,-3.427775,0.988831
26612,-3.652478,1.826239
26613,-3.911146,1.955573
26614,-3.158125,1.579063
26615,-1.384971,1.449729
26616,-2.899457,1.449729
26617,-3.397582,1.449729
26618,-2.493959,1.246980
26619,-2.641828,1.320914
26620,-3.824265,1.781812
26621,-3.158125,1.579063
26622,-1.836861,1.579063
26623,-0.382320,0.988831
26624,-3.822291,1.911146
26625,-3.065499,1.781812
26626,-1.849772,0.733052
26627,-2.110972,-1.123490
26628,-0.834695,-0.425270
26629,-2.272552,1.320914
26630,-3.911146,1.955573
26631,-0.686458,-0.826239
26632,-3.167133,0.988831
26633,-1.978716,-1.000000
26634,-3.779838,1.826239
26635,2.699156,-1.000000
26636,-2.256195,-0.445042
26637,-1.344281,-0.535628
26638,-3.652478,1.826239
26639,-2.835050,1.320914
26640,-2.518736,1.074730
26641,-3.911146,1.955573
26642,-3.478716,2.000000
26643,-2.872277,1.781812
26644,-3.326140,1.781812
26645,-3.826239,1.652478
26646,-1.858780,0.142820
26647,-2.635719,0.400969
26648,-3.656250,1.579063
26649,-3.365341,0.730682
26650,-3.326140,1.781812
26651,-2.700489,1.826239
26652,-2.873202,0.400969
26653,-2.885719,0.900969
26654,-2.859464,-0.147791
26655,-1.127350,1.826239
26656,-3.650504,1.955573
26657,-3.324167,1.911146
26658,-2.493959,1.246980
26659,-3.911146,1.955573
26660,-3.911146,1.955573
26661,-2.311457,-0.722521
26662,-2.730682,1.365341
26663,-2.493959,1.246980
26664,-1.413419,-0.914101
26665,-2.144490,0.326239
26666,-2.874250,1.652478
26667,-2.635719,0.400969
26668,-3.088468,0.698220
26669,-3.911146,1.955573
26670,-2.461033,1.955573
26671,-0.712714,0.222521
26672,-2.859464,-0.147791
26673,-3.102206,1.246980
26674,-3.397582,1.449729
26675,-3.333174,1.320914
26676,-1.873490,-1.123490
26677,-1.681370,1.030303
26678,-3.051264,1.365341
26679,-2.410859,1.246980
26680,-3.167133,0.988831
26681,-3.268248,1.579063
26682,-1.960449,1.826239
26683,-3.123202,0.900969
26684,-3.563623,1.781812
26685,-1.960449,1.826239
26686,-2.388932,-0.955573
26687,-2.706235,1.449729
26688,-1.960449,1.826239
26689,-2.993868,1.030303
26690,-3.955573,1.911146
26691,-2.964384,1.191580
26692,-1.703282,0.440071
26693,-2.541119,0.733052
26694,-1.050429,1.652478
26695,-3.623490,1.246980
26696,0.155395,0.093187
26697,-2.844057,0.730682
26698,-3.658223,1.449729
26699,-2.572099,-0.722521
26700,-2.366718,-1.000000
26701,-1.445133,0.698220
26702,-3.152379,1.955573
26703,-3.051264,1.365341
26704,-1.978621,0.733052
26705,-2.208111,1.449729
26706,-3.123202,0.900969
26707,-3.102206,1.246980
26708,-2.015156,0.455573
26709,-3.427775,0.988831
26710,-1.977662,0.988831
26711,-2.553446,0.149460
26712,-3.268248,1.579063
26713,-3.528889,1.579063
26714,-3.051264,1.365341
26715,-3.281713,1.826239
26716,-1.717542,-0.914101
26717,-1.965750,-1.801938
26718,-2.056191,-1.233052
26719,-3.826239,1.652478
26720,-3.822291,1.911146
26721,-3.490208,1.246980
26722,-2.572099,-0.722521
26723,-1.236955,-1.488831
26724,-2.371693,1.652478
26725,-3.281713,1.826239
26726,-3.102206,1.246980
26727,-1.361599,-0.367711
26728,-1.344281,-0.535628
26729,-3.051264,1.365341
26730,-1.695108,1.579063
26731,-3.434289,1.911146
26732,-3.123202,0.900969
26733,-3.095692,1.320914
26734,-2.141244,1.191580
26735,-1.123325,0.054604
26736,-0.275215,1.826239
26737,-2.184738,-0.367711
26738,-1.300576,-0.365341
26739,-2.311457,-0.722521
26740,-3.194833,1.652478
26741,-1.003761,1.579063
26742,-2.670453,0.603718
26743,-2.163198,1.623490
26744,-3.427775,0.988831
26745,-3.051264,1.365341
26746,-3.102206,1.246980
26747,-2.144490,0.326239
26748,-3.528889,1.579063
26749,-1.978621,0.733052
26750,-2.541119,0.733052
26751,-0.001595,-0.425270
26752,-1.137418,-1.466104
26753,-2.110972,-1.123490
26754,-1.231001,-1.634021
26755,-0.493902,-1.211352
26756,-1.864156,-0.367711
26757,-2.518736,1.074730
26758,-3.658223,1.449729
26759,-2.461033,1.955573
26760,-0.810020,1.191580
26761,-1.877888,-1.977662
26762,-1.811776,-1.721883
26763,-2.266948,-1.466104
26764,-3.304955,1.652478
26765,-3.478716,2.000000
26766,-2.706235,1.449729
26767,-2.334986,1.579063
26768,-3.650504,1.955573
26769,-2.383160,1.191580
26770,-2.605388,-0.134659
26771,-2.563163,1.030303
26772,-2.706235,1.449729
26773,-2.466259,1.191580
26774,-0.000125,-0.033258
26775,-0.967322,0.123490
26776,-3.074730,0.149460
26777,-3.462508,1.191580
26778,-3.779838,1.826239
26779,-3.194833,1.652478
26780,-3.563623,1.781812
26781,-3.824265,1.781812
26782,-1.934194,0.777479
26783,-2.431855,0.900969
26784,-2.563163,1.030303
26785,-3.824265,1.781812
26786,-3.658223,1.449729
26787,-2.242359,1.781812
26788,-1.760035,1.320914
26789,-3.232059,0.730682
26790,-3.434289,1.911146
26791,-2.892753,0.440071
26792,-2.272552,1.320914
26793,-2.141244,1.191580
26794,-2.993868,1.030303
26795,-3.232059,0.730682
26796,-2.410859,1.246980
26797,-3.153395,0.440071
26798,-0.146901,-0.134659
26799,-3.304955,1.652478
26800,-3.822291,1.911146
26801,-2.334986,1.579063
26802,-2.793116,1.623490
26803,-4.000000,2.000000
26804,-3.326140,1.781812
26805,-3.478716,2.000000
26806,-3.335148,1.191580
26807,-3.650504,1.955573
26808,-3.656250,1.579063
26809,-3.563623,1.781812
26810,-3.153395,0.440071
26811,-3.304955,1.652478
26812,-2.060606,1.030303
26813,0.724207,1.030303
26814,-2.717704,0.698220
26815,-2.826042,1.911146
26816,-2.844057,0.730682
26817,-2.163198,1.623490
26818,-3.658223,1.449729
26819,-2.780575,0.603718
26820,-2.316833,-1.233052
26821,-3.656250,1.579063
26822,-3.095692,1.320914
26823,-2.641828,1.320914
26824,-3.652478,1.826239
26825,-3.822291,1.911146
26826,-3.246980,1.623490
26827,-3.304955,1.652478
26828,-2.149460,1.074730
26829,-2.835050,1.320914
26830,-2.892753,0.440071
26831,-3.304955,1.652478
26832,-3.326140,1.781812
26833,-2.717704,0.698220
26834,-2.334986,1.579063
26835,-1.121986,-0.722521
26836,-3.153395,0.440071
26837,-1.127350,1.826239
26838,-2.700489,1.826239
26839,-0.834695,-0.425270
26840,-3.335148,1.191580
26841,-3.326140,1.781812
26842,-1.926590,-0.109562
26843,-2.872277,1.781812
26844,-3.246980,1.623490
26845,-3.333174,1.320914
26846,-3.304955,1.652478
26847,-2.899457,1.449729
26848,-2.431855,0.900969
26849,-3.563623,1.781812
26850,-3.167133,0.988831
26851,-3.650504,1.955573
26852,-1.760035,1.320914
26853,-2.106074,-0.658322
26854,-0.251492,0.054604
26855,-1.873490,-1.123490
26856,-4.000000,2.000000
26857,-3.563623,1.781812
26858,-1.773241,0.455573
26859,-3.650504,1.955573
26860,-3.563623,1.781812
26861,-3.065499,1.781812
26862,-2.060606,1.030303
26863,-1.442336,-1.211352
26864,-3.427775,0.988831
26865,-2.883745,1.030303
26866,-1.836861,1.579063
26867,-2.669008,0.988831
26868,-3.123202,0.900969
26869,-2.605388,-0.134659
26870,-1.864156,-0.367711
26871,-1.375695,-1.211352
26872,-1.647948,-0.445042
26873,0.150276,0.142820
26874,-2.176109,0.777479
26875,-2.892753,0.440071
26876,-3.153395,0.440071
26877,-2.780575,0.603718
26878,-2.941449,0.149460
26879,-3.563623,1.781812
26880,-3.822291,1.911146
26881,-3.324167,1.911146
26882,-1.933731,0.900969
26883,-1.922262,1.652478
26884,-2.700489,1.826239
26885,-2.572099,-0.722521
26886,-2.430339,0.123490
26887,-2.337712,0.326239
26888,-2.730682,1.365341
26889,-1.652210,-0.658322
26890,-1.873040,-1.211352
26891,-3.490208,1.246980
26892,-3.658223,1.449729
26893,-2.366718,-1.000000
26894,-3.563623,1.781812
26895,-3.161387,1.365341
26896,-3.427775,0.988831
26897,-3.652478,1.826239
26898,-3.335148,1.191580
26899,-3.650504,1.955573
26900,-2.780575,0.603718
26901,-0.462714,-0.277479
26902,-0.084999,-0.109562
26903,-3.088468,0.698220
26904,-3.694931,1.911146
26905,-3.051264,1.365341
26906,-2.835050,1.320914
26907,-3.911146,1.955573
26908,-3.281713,1.826239
26909,-2.100697,-0.147791
26910,-3.088468,0.698220
26911,-2.518736,1.074730
26912,-2.302521,1.030303
26913,-1.760035,1.320914
26914,-3.194833,1.652478
26915,-3.563623,1.781812
26916,-3.434289,1.911146
26917,-2.374152,1.781812
26918,-2.410859,1.246980
26919,-2.038874,-1.400969
26920,-2.440004,0.142820
26921,-2.892753,0.440071
26922,-2.872277,1.781812
26923,-1.643120,1.191580
26924,-3.246980,1.623490
26925,-2.742943,1.911146
26926,-1.003761,1.579063
26927,-3.152379,1.955573
26928,-2.235810,0.730682
26929,-3.397582,1.449729
26930,-1.170844,-1.233052
26931,-1.978621,0.733052
26932,-2.461033,1.955573
26933,-2.347897,0.733052
26934,-2.166234,-1.400969
26935,-2.311457,-0.722521
26936,-3.335148,1.191580
26937,-1.554958,0.777479
26938,-2.899457,1.449729
26939,-3.658223,1.449729
26940,-2.038874,-1.400969
26941,-2.598822,-0.147791
26942,-1.978621,0.733052
26943,-2.899457,1.449729
26944,-3.065499,1.781812
26945,-1.214222,1.449729
26946,-2.242359,1.781812
26947,-3.074730,0.149460
26948,-2.166234,-1.400969
26949,-1.811776,-1.721883
26950,-0.801039,-1.488831
26951,-1.906779,-0.535628
26952,-2.883745,1.030303
26953,-2.873202,0.400969
26954,-1.977662,0.988831
26955,-3.911146,1.955573
26956,-1.551012,1.781812
26957,-2.493959,1.246980
26958,-3.826239,1.652478
26959,-2.874250,1.652478
26960,-2.835050,1.320914
26961,-3.152379,1.955573
26962,-2.899457,1.449729
26963,-3.911146,1.955573
26964,-2.272552,1.320914
26965,-3.158125,1.579063
26966,-2.294861,-0.367711
26967,-2.011910,1.320914
26968,-2.873202,0.400969
26969,-1.419626,-1.123490
26970,-3.161387,1.365341
26971,-2.793116,1.623490
26972,-3.246980,1.623490
26973,-3.650504,1.955573
26974,-2.717704,0.698220
26975,-2.711958,1.074730
26976,-1.607199,0.123490
26977,-1.811776,-1.721883
26978,-2.394628,0.440071
26979,-3.153395,0.440071
26980,-2.461033,1.955573
26981,-3.158125,1.579063
26982,-1.690819,-1.488831
26983,-0.190819,0.011169
26984,-2.598822,-0.147791
26985,-1.474108,-1.400969
26986,-2.899457,1.449729
26987,-3.824265,1.781812
26988,-2.347897,0.733052
26989,-0.272729,0.988831
26990,-2.870469,2.000000
26991,-1.568917,-1.211352
26992,-1.229693,-1.889800
26993,-1.914041,-0.134659
26994,-1.928302,-1.488831
26995,-1.370469,-1.000000
26996,-1.607199,0.123490
26997,-2.430339,0.123490
26998,-0.272214,-0.955573
26999,-0.779516,-0.535628
27000,-1.703282,0.440071
27001,-1.762918,-1.211352
27002,-1.643120,1.191580
27003,-3.694931,1.911146
27004,-2.374152,1.781812
27005,-3.694931,1.911146
27006,-2.837543,1.579063
27007,-3.246980,1.623490
27008,-3.268248,1.579063
27009,-3.692957,1.652478
27010,-0.434577,-0.109562
27011,-3.866718,2.000000
27012,-3.694931,1.911146
27013,-3.955573,1.911146
27014,-1.420728,1.030303
27015,-2.669008,0.988831
27016,-3.051264,1.365341
27017,-3.484462,1.623490
27018,-2.964384,1.191580
27019,-3.694931,1.911146
27020,-2.343556,-0.658322
27021,-2.835050,1.320914
27022,-3.194833,1.652478
27023,-3.563623,1.781812
27024,-1.154522,0.988831
27025,-3.824265,1.781812
27026,-3.246980,1.623490
27027,-2.964384,1.191580
27028,-3.528889,1.579063
27029,-3.911146,1.955573
27030,-2.899457,1.449729
27031,-2.440004,0.142820
27032,-2.181855,0.400969
27033,-1.507653,-1.721883
27034,-2.541119,0.733052
27035,-2.109756,0.123490
27036,-3.088468,0.698220
27037,-3.824265,1.781812
27038,-3.167133,0.988831
27039,-1.027479,-0.277479
27040,-3.462508,1.191580
27041,-2.176109,0.777479
27042,-3.335148,1.191580
27043,-3.478716,2.000000
27044,-2.844057,0.730682
27045,-1.864156,-0.367711
27046,-0.650969,0.099031
27047,-1.574735,-0.425270
27048,-3.281713,1.826239
27049,-3.095692,1.320914
27050,-1.944528,-1.977662
27051,-2.110972,-1.123490
27052,-0.779516,-0.535628
27053,-2.394628,0.440071
27054,-3.326140,1.781812
27055,-3.152379,1.955573
27056,-2.899457,1.449729
27057,-3.563623,1.781812
27058,-3.123202,0.900969
27059,-1.070127,-0.826239
27060,-1.577747,-1.801938
27061,-1.727818,-1.889800
27062,-0.816833,0.266948
27063,-2.337712,0.326239
27064,-2.461033,1.955573
27065,-1.349578,0.500000
27066,-2.038874,-1.400969
27067,-2.938128,0.142820
27068,-3.194833,1.652478
27069,-3.397582,1.449729
27070,-2.461033,1.955573
27071,-2.228125,1.365341
27072,-3.152379,1.955573
27073,-3.911146,1.955573
27074,-2.872277,1.781812
27075,-3.484462,1.623490
27076,-0.932879,0.054604
27077,-0.251492,0.054604
27078,-3.656250,1.579063
27079,-1.568917,-1.211352
27080,-0.880142,0.440071
27081,-3.281713,1.826239
27082,-3.824265,1.781812
27083,-2.793116,1.623490
27084,-2.259209,0.777479
27085,-3.650504,1.955573
27086,-3.462508,1.191580
27087,-3.333174,1.320914
27088,-2.553446,0.149460
27089,-0.202183,0.733052
27090,-1.229693,-1.889800
27091,-1.574293,-1.721883
27092,-2.670453,0.603718
27093,-0.911611,-1.400969
27094,-2.343556,-0.658322
27095,-2.316833,-1.233052
27096,-2.116349,-1.634021
27097,-3.822291,1.911146
27098,-2.168944,1.246980
27099,-4.000000,2.000000
27100,-2.119812,-0.109562
27101,-3.333174,1.320914
27102,-2.883745,1.030303
27103,-3.365341,0.730682
27104,-0.735570,1.191580
27105,-3.650504,1.955573
27106,-3.658223,1.449729
27107,-3.158125,1.579063
27108,-2.899457,1.449729
27109,-2.706235,1.449729
27110,-3.478716,2.000000
27111,-2.394628,0.440071
27112,-3.478716,2.000000
27113,-2.810768,0.142820
27114,-3.490208,1.246980
27115,-3.822291,1.911146
27116,-3.656250,1.579063
27117,-3.246980,1.623490
27118,-1.637893,1.955573
27119,-2.859464,-0.147791
27120,-3.478716,2.000000
27121,-1.731730,-0.277479
27122,-0.066833,-1.233052
27123,-2.518736,1.074730
27124,-3.268248,1.579063
27125,-3.434289,1.911146
27126,-2.696708,1.652478
27127,-2.835050,1.320914
27128,-2.394628,0.440071
27129,-3.074730,0.149460
27130,-2.837543,1.579063
27131,-2.899457,1.449729
27132,-3.658223,1.449729
27133,-3.281713,1.826239
27134,-2.859464,-0.147791
27135,-1.648630,-0.277479
27136,-2.394628,0.440071
27137,-3.824265,1.781812
27138,-2.706235,1.449729
27139,-3.434289,1.911146
27140,-3.051264,1.365341
27141,-1.801938,0.900969
27142,-3.462508,1.191580
27143,-3.232059,0.730682
27144,-3.484462,1.623490
27145,-2.899457,1.449729
27146,-2.466259,1.191580
27147,-3.528889,1.579063
27148,-3.232059,0.730682
27149,-3.692957,1.652478
27150,-1.396440,0.698220
27151,-1.636943,1.074730
27152,-3.158125,1.579063
27153,-2.383160,1.191580
27154,-1.396440,0.698220
27155,-2.011169,-1.977662
27156,-1.955475,-0.826239
27157,-2.941449,0.149460
27158,-0.823226,0.326239
27159,-3.158125,1.579063
27160,-2.874250,1.652478
27161,-3.652478,1.826239
27162,-2.844057,0.730682
27163,-3.822291,1.911146
27164,-2.899457,1.449729
27165,-3.826239,1.652478
27166,-3.563623,1.781812
27167,-3.824265,1.781812
27168,-2.347897,0.733052
27169,-1.978621,0.733052
27170,-1.574293,-1.721883
27171,-2.837543,1.579063
27172,-3.434289,1.911146
27173,-3.692957,1.652478
27174,-2.670453,0.603718
27175,0.140244,0.123490
27176,0.299516,-1.801938
27177,-0.621791,-0.955573
27178,-2.208111,1.449729
27179,-1.713557,-0.535628
27180,-1.423694,-1.889800
27181,-1.132335,-0.826239
27182,-1.717979,0.733052
27183,-2.899457,1.449729
27184,-0.503178,1.449729
27185,-2.641828,1.320914
27186,-3.822291,1.911146
27187,-3.158125,1.579063
27188,-3.490208,1.246980
27189,-3.911146,1.955573
27190,-2.873202,0.400969
27191,-2.700489,1.826239
27192,-2.641828,1.320914
27193,-1.419626,-1.123490
27194,-1.921819,-1.889800
27195,-2.261572,-0.955573
27196,-2.367905,-0.134659
27197,-3.365341,0.730682
27198,-2.242359,1.781812
27199,-3.304955,1.652478
27200,-1.179763,1.911146
27201,-1.845869,0.988831
27202,-3.324167,1.911146
27203,-3.153395,0.440071
27204,-3.563623,1.781812
27205,-3.490208,1.246980
27206,-2.899457,1.449729
27207,-3.656250,1.579063
27208,-2.899457,1.449729
27209,-3.215828,0.698220
27210,-1.845869,0.988831
27211,-3.826239,1.652478
27212,-3.824265,1.781812
27213,-3.095692,1.320914
27214,-2.711958,1.074730
27215,-3.490208,1.246980
27216,-2.176109,0.777479
27217,-3.065499,1.781812
27218,-2.493959,1.246980
27219,-1.836861,1.579063
27220,-2.374152,1.781812
27221,-3.324167,1.911146
27222,-3.427775,0.988831
27223,-3.911146,1.955573
27224,-2.242359,1.781812
27225,-2.266948,-1.466104
27226,-1.551584,-1.634021
27227,-2.883745,1.030303
27228,-3.911146,1.955573
27229,-1.210838,0.222521
27230,-3.490208,1.246980
27231,-2.883745,1.030303
27232,-3.324167,1.911146
27233,-3.484462,1.623490
27234,-2.872277,1.781812
27235,-1.801938,0.900969
27236,-1.977662,0.988831
27237,-3.158125,1.579063
27238,-3.335148,1.191580
27239,-3.650504,1.955573
27240,-1.588247,1.365341
27241,-3.333174,1.320914
27242,-3.304955,1.652478
27243,-3.484462,1.623490
27244,-1.397882,0.603718
27245,-1.668109,-1.400969
27246,-1.507653,-1.721883
27247,-1.120429,-1.721883
27248,-3.563623,1.781812
27249,-3.911146,1.955573
27250,-2.176109,0.777479
27251,-3.167133,0.988831
27252,-3.152379,1.955573
27253,-3.427775,0.988831
27254,-2.155959,-0.425270
27255,-3.650504,1.955573
27256,-2.367905,-0.134659
27257,-3.335148,1.191580
27258,-0.098933,1.030303
27259,-2.873202,0.400969
27260,-3.656250,1.579063
27261,-3.652478,1.826239
27262,-3.658223,1.449729
27263,-2.541119,0.733052
27264,-3.335148,1.191580
27265,-2.835050,1.320914
27266,-3.911146,1.955573
27267,-0.088164,0.142820
27268,-2.899457,1.449729
27269,-2.060606,1.030303
27270,-2.431855,0.900969
27271,-1.574293,-1.721883
27272,0.192876,1.781812
27273,-2.168944,1.246980
27274,-1.760035,1.320914
27275,-3.484462,1.623490
27276,-1.207436,0.603718
27277,-2.541119,0.733052
27278,-1.977662,0.988831
27279,-3.158125,1.579063
27280,-3.822291,1.911146
27281,-3.153395,0.440071
27282,-3.563623,1.781812
27283,-3.304955,1.652478
27284,-2.383160,1.191580
27285,-3.656250,1.579063
27286,-3.822291,1.911146
27287,-3.652478,1.826239
27288,-2.119812,-0.109562
27289,-2.259209,0.777479
27290,-3.281713,1.826239
27291,-3.563623,1.781812
27292,-2.993868,1.030303
27293,-2.870469,2.000000
27294,-3.692957,1.652478
27295,-1.717979,0.733052
27296,-0.259807,0.222521
27297,-2.541119,0.733052
27298,-3.650504,1.955573
27299,-3.824265,1.781812
27300,-1.022292,-0.658322
27301,-2.598822,-0.147791
27302,-1.592048,0.093187
27303,-3.563623,1.781812
27304,-2.100697,-0.147791
27305,-3.102206,1.246980
27306,-3.824265,1.781812
27307,-1.344281,-0.535628
27308,-3.528889,1.579063
27309,-2.837543,1.579063
27310,-3.152379,1.955573
27311,-3.095692,1.320914
27312,-3.528889,1.579063
27313,-3.281713,1.826239
27314,-3.911146,1.955573
27315,-2.635719,0.400969
27316,-0.487094,0.603718
27317,-3.326140,1.781812
27318,-3.822291,1.911146
27319,-2.883745,1.030303
27320,-3.563623,1.781812
27321,-2.347897,0.733052
27322,-2.155959,-0.425270
27323,-3.158125,1.579063
27324,-3.826239,1.652478
27325,-0.823226,0.326239
27326,-3.065499,1.781812
27327,-2.859464,-0.147791
27328,-1.945199,0.149460
27329,-3.246980,1.623490
27330,-3.324167,1.911146
27331,-3.326140,1.781812
27332,-2.717704,0.698220
27333,-3.281713,1.826239
27334,-2.541119,0.733052
27335,-0.604474,-1.123490
27336,0.621393,-0.914101
27337,-2.383160,1.191580
27338,-3.158125,1.579063
27339,-3.304955,1.652478
27340,-3.161387,1.365341
27341,-3.652478,1.826239
27342,-3.427775,0.988831
27343,-2.541119,0.733052
27344,-2.598822,-0.147791
27345,-3.656250,1.579063
27346,-3.652478,1.826239
27347,-2.133667,-1.466104
27348,-2.430339,0.123490
27349,-3.335148,1.191580
27350,-3.158125,1.579063
27351,-2.780575,0.603718
27352,-3.822291,1.911146
27353,-3.650504,1.955573
27354,-3.427775,0.988831
27355,-2.242359,1.781812
27356,-1.933731,0.900969
27357,-1.396440,0.698220
27358,-2.793116,1.623490
27359,-1.977662,0.988831
27360,-3.158125,1.579063
27361,-2.700489,1.826239
27362,-3.652478,1.826239
27363,-3.824265,1.781812
27364,0.137041,0.054604
27365,0.454332,0.698220
27366,-1.120429,-1.721883
27367,-0.309692,0.455573
27368,-3.652478,1.826239
27369,-3.324167,1.911146
27370,-2.874250,1.652478
27371,-3.161387,1.365341
27372,-3.911146,1.955573
27373,-2.872277,1.781812
27374,-2.810768,0.142820
27375,-0.285640,0.142820
27376,-3.652478,1.826239
27377,-3.911146,1.955573
27378,-3.326140,1.781812
27379,-3.365341,0.730682
27380,-3.824265,1.781812
27381,-2.349870,0.603718
27382,-1.849772,0.733052
27383,-3.167133,0.988831
27384,-1.836861,1.579063
27385,-1.588247,1.365341
27386,-3.335148,1.191580
27387,-2.060606,1.030303
27388,-3.167133,0.988831
27389,-0.688917,1.781812
27390,-2.541119,0.733052
27391,-2.100697,-0.147791
27392,-3.123202,0.900969
27393,-3.246980,1.623490
27394,-1.801938,0.900969
27395,-2.826042,1.911146
27396,-2.106074,-0.658322
27397,-3.478716,2.000000
27398,-2.700489,1.826239
27399,-3.490208,1.246980
27400,-1.731816,1.652478
27401,-3.246980,1.623490
27402,-1.475625,-0.623490
27403,-3.563623,1.781812
27404,-3.397582,1.449729
27405,-3.397582,1.449729
27406,-2.883745,1.030303
27407,-1.914041,-0.134659
27408,-1.977662,0.988831
27409,-3.484462,1.623490
27410,-3.158125,1.579063
27411,-3.563623,1.781812
27412,-3.335148,1.191580
27413,-2.700489,1.826239
27414,-2.383160,1.191580
27415,-2.493959,1.246980
27416,-1.032469,0.698220
27417,-3.656250,1.579063
27418,-2.899457,1.449729
27419,-3.484462,1.623490
27420,-2.941449,0.149460
27421,-1.032469,0.698220
27422,-3.490208,1.246980
27423,-2.110972,-1.123490
27424,-2.261572,-0.955573
27425,-0.000125,-0.033258
27426,-1.775215,0.326239
27427,-3.158125,1.579063
27428,-2.844057,0.730682
27429,-2.383160,1.191580
27430,-2.835050,1.320914
27431,-2.119812,-0.109562
27432,-1.624178,-1.488831
27433,-3.326140,1.781812
27434,-3.652478,1.826239
27435,-2.780575,0.603718
27436,-1.836861,1.579063
27437,-2.641828,1.320914
27438,-3.822291,1.911146
27439,-3.650504,1.955573
27440,-3.335148,1.191580
27441,-3.158125,1.579063
27442,-3.397582,1.449729
27443,-1.977662,0.988831
27444,-2.383160,1.191580
27445,-3.563623,1.781812
27446,-3.824265,1.781812
27447,-3.153395,0.440071
27448,-3.397582,1.449729
27449,-3.650504,1.955573
27450,0.438101,0.730682
27451,-2.835050,1.320914
27452,-2.899457,1.449729
27453,-1.397882,0.603718
27454,-3.161387,1.365341
27455,-3.326140,1.781812
27456,-2.826042,1.911146
27457,-3.153395,0.440071
27458,-1.637893,1.955573
27459,-3.158125,1.579063
27460,-0.652478,0.326239
27461,-0.787833,-0.623490
27462,-2.208111,1.449729
27463,-3.658223,1.449729
27464,-2.563163,1.030303
27465,-3.194833,1.652478
27466,-3.326140,1.781812
27467,-3.051264,1.365341
27468,-3.246980,1.623490
27469,-0.021523,0.142820
27470,1.445042,-0.722521
27471,-1.636943,1.074730
27472,-3.304955,1.652478
27473,-3.822291,1.911146
27474,-2.337712,0.326239
27475,-3.152379,1.955573
27476,-3.822291,1.911146
27477,-1.588247,1.365341
27478,-3.478716,2.000000
27479,-2.730682,1.365341
27480,-3.427775,0.988831
27481,-3.158125,1.579063
27482,-1.864156,-0.367711
27483,-3.658223,1.449729
27484,-2.826042,1.911146
27485,-3.563623,1.781812
27486,-2.493959,1.246980
27487,-2.885719,0.900969
27488,-3.397582,1.449729
27489,-3.215828,0.698220
27490,-3.650504,1.955573
27491,-3.658223,1.449729
27492,-3.304955,1.652478
27493,-3.333174,1.320914
27494,-2.717704,0.698220
27495,-3.563623,1.781812
27496,-3.563623,1.781812
27497,-3.652478,1.826239
27498,-3.324167,1.911146
27499,-3.490208,1.246980
27500,-3.333174,1.320914
27501,-2.777479,-0.445042
27502,-3.158125,1.579063
27503,-2.872277,1.781812
27504,-3.324167,1.911146
27505,-3.652478,1.826239
27506,-3.656250,1.579063
27507,-2.826042,1.911146
27508,-1.703282,0.440071
27509,-1.524320,-0.914101
27510,-3.161387,1.365341
27511,-3.563623,1.781812
27512,-2.641828,1.320914
27513,-0.538874,0.099031
27514,-2.717704,0.698220
27515,-2.700489,1.826239
27516,-1.634892,-0.826239
27517,-3.102206,1.246980
27518,-3.528889,1.579063
27519,-0.842470,-1.889800
27520,-2.056191,-1.233052
27521,-1.171501,-0.623490
27522,-3.824265,1.781812
27523,-3.427775,0.988831
27524,-2.015156,0.455573
27525,-1.762918,-1.211352
27526,-2.261572,-0.955573
27527,-1.906779,-0.535628
27528,-1.922262,1.652478
27529,-2.669008,0.988831
27530,-3.652478,1.826239
27531,-2.844057,0.730682
27532,-2.136480,0.698220
27533,-2.242359,1.781812
27534,-2.272552,1.320914
27535,-3.824265,1.781812
27536,-3.434289,1.911146
27537,-3.152379,1.955573
27538,-1.636943,1.074730
27539,-2.837543,1.579063
27540,-2.144490,0.326239
27541,-1.652210,-0.658322
27542,-1.394005,0.455573
27543,0.175738,1.623490
27544,-3.158125,1.579063
27545,-3.911146,1.955573
27546,-2.730682,1.365341
27547,-2.730682,1.365341
27548,-3.152379,1.955573
27549,-3.478716,2.000000
27550,-3.326140,1.781812
27551,-2.635719,0.400969
27552,-3.167133,0.988831
27553,-3.215828,0.698220
27554,-2.430339,0.123490
27555,-3.123202,0.900969
27556,-2.899457,1.449729
27557,-1.121986,-0.722521
27558,-3.123202,0.900969
27559,-3.652478,1.826239
27560,-0.688917,1.781812
27561,-3.158125,1.579063
27562,-2.385621,1.030303
27563,-2.717704,0.698220
27564,-3.095692,1.320914
27565,-0.880142,0.440071
27566,-2.431855,0.900969
27567,-3.215828,0.698220
27568,-3.397582,1.449729
27569,-3.484462,1.623490
27570,-1.906779,-0.535628
27571,-1.855707,-1.634021
27572,-2.835050,1.320914
27573,-3.484462,1.623490
27574,-1.978716,-1.000000
27575,-3.281713,1.826239
27576,-2.518736,1.074730
27577,-1.833963,0.093187
27578,-2.717704,0.698220
27579,-2.899457,1.449729
27580,-3.427775,0.988831
27581,-3.652478,1.826239
27582,-2.011910,1.320914
27583,-3.326140,1.781812
27584,-1.593993,0.988831
27585,-3.658223,1.449729
27586,-2.367905,-0.134659
27587,-3.246980,1.623490
27588,-2.835050,1.320914
27589,-2.383160,1.191580
27590,-2.938128,0.142820
27591,-0.600619,0.222521
27592,-3.326140,1.781812
27593,-3.484462,1.623490
27594,-2.635719,0.400969
27595,-2.576901,1.579063
27596,-0.275215,1.826239
27597,-3.074730,0.149460
27598,-2.065597,-0.826239
27599,-2.181855,0.400969
27600,-1.349189,0.603718
27601,-2.235810,0.730682
27602,-1.419626,-1.123490
27603,-3.692957,1.652478
27604,-2.872277,1.781812
27605,-1.248319,-1.466104
27606,-3.563623,1.781812
27607,-3.658223,1.449729
27608,-2.635719,0.400969
27609,-3.365341,0.730682
27610,-1.717542,-0.914101
27611,-0.966034,-0.162592
27612,-0.583781,0.500000
27613,-2.711958,1.074730
27614,-3.692957,1.652478
27615,-3.268248,1.579063
27616,-3.333174,1.320914
27617,-3.152379,1.955573
27618,-3.281713,1.826239
27619,-3.911146,1.955573
27620,-3.911146,1.955573
27621,-2.859464,-0.147791
27622,-3.658223,1.449729
27623,-3.650504,1.955573
27624,-3.434289,1.911146
27625,-3.955573,1.911146
27626,-3.462508,1.191580
27627,-1.361599,-0.367711
27628,-2.347897,0.733052
27629,-1.717542,-0.914101
27630,-0.102415,-0.074730
27631,-2.899457,1.449729
27632,-2.311457,-0.722521
27633,-2.654083,-0.425270
27634,-2.541119,0.733052
27635,-2.706235,1.449729
27636,-1.088404,-0.914101
27637,-1.262697,0.326239
27638,-3.692957,1.652478
27639,-3.281713,1.826239
27640,-2.706235,1.449729
27641,-3.623490,1.246980
27642,-2.899457,1.449729
27643,-2.885719,0.900969
27644,-3.866718,2.000000
27645,-3.623490,1.246980
27646,-3.397582,1.449729
27647,-2.696708,1.652478
27648,-3.911146,1.955573
27649,-1.652210,-0.658322
27650,-2.598822,-0.147791
27651,-3.955573,1.911146
27652,-3.658223,1.449729
27653,-3.650504,1.955573
27654,-2.837543,1.579063
27655,-2.706235,1.449729
27656,-3.102206,1.246980
27657,-2.337712,0.326239
27658,-2.051596,1.911146
27659,-1.634892,-0.826239
27660,-2.835050,1.320914
27661,-3.167133,0.988831
27662,-3.095692,1.320914
27663,-2.410859,1.246980
27664,-3.427775,0.988831
27665,-2.598822,-0.147791
27666,-3.065499,1.781812
27667,-2.835050,1.320914
27668,-3.650504,1.955573
27669,-1.592048,0.093187
27670,-2.892753,0.440071
27671,-3.528889,1.579063
27672,-2.993868,1.030303
27673,-3.232059,0.730682
27674,-2.859464,-0.147791
27675,0.612095,-1.000000
27676,0.850540,-0.425270
27677,-2.598822,-0.147791
27678,-3.658223,1.449729
27679,-3.484462,1.623490
27680,-1.922262,1.652478
27681,-2.706235,1.449729
27682,-2.461033,1.955573
27683,-1.733246,0.500000
27684,-1.262697,0.326239
27685,-3.158125,1.579063
27686,-3.911146,1.955573
27687,-3.824265,1.781812
27688,-2.176109,0.777479
27689,-1.858780,0.142820
27690,-2.098256,0.455573
27691,-3.158125,1.579063
27692,-0.102415,-0.074730
27693,1.073974,-0.277479
27694,-0.628209,0.455573
27695,-1.344281,-0.535628
27696,-3.167133,0.988831
27697,-3.065499,1.781812
27698,-2.366718,-1.000000
27699,-2.793116,1.623490
27700,-3.304955,1.652478
27701,-3.911146,1.955573
27702,-2.730682,1.365341
27703,-1.593993,0.988831
27704,-3.563623,1.781812
27705,-3.324167,1.911146
27706,-2.892753,0.440071
27707,-2.885719,0.900969
27708,-3.324167,1.911146
27709,-3.397582,1.449729
27710,-3.304955,1.652478
27711,-3.161387,1.365341
27712,-3.335148,1.191580
27713,-3.652478,1.826239
27714,-3.652478,1.826239
27715,-2.334986,1.579063
27716,-3.650504,1.955573
27717,-2.242359,1.781812
27718,-2.941449,0.149460
27719,-2.654083,-0.425270
27720,-2.883745,1.030303
27721,-3.153395,0.440071
27722,-3.911146,1.955573
27723,-2.576901,1.579063
27724,-3.866718,2.000000
27725,-2.526723,-0.425270
27726,-2.873202,0.400969
27727,-3.692957,1.652478
27728,-2.235810,0.730682
27729,-3.427775,0.988831
27730,-3.088468,0.698220
27731,-2.641828,1.320914
27732,-3.563623,1.781812
27733,-3.694931,1.911146
27734,-2.116349,-1.634021
27735,-1.733246,0.500000
27736,-1.847313,0.603718
27737,-3.563623,1.781812
27738,-1.824442,1.449729
27739,-3.650504,1.955573
27740,-2.938128,0.142820
27741,-2.015156,0.455573
27742,-3.911146,1.955573
27743,-3.268248,1.579063
27744,-3.911146,1.955573
27745,-3.194833,1.652478
27746,-2.835050,1.320914
27747,-3.563623,1.781812
27748,-3.326140,1.781812
27749,-3.955573,1.911146
27750,-3.650504,1.955573
27751,-2.461033,1.955573
27752,-2.598822,-0.147791
27753,-3.650504,1.955573
27754,-2.136480,0.698220
27755,-1.719513,1.246980
27756,-1.695108,1.579063
27757,-2.899457,1.449729
27758,-1.155045,-0.914101
27759,-1.877888,-1.977662
27760,-2.563163,1.030303
27761,-2.259209,0.777479
27762,-3.866718,2.000000
27763,-3.153395,0.440071
27764,-1.960449,1.826239
27765,-3.955573,1.911146
27766,-3.658223,1.449729
27767,-2.873202,0.400969
27768,-3.866718,2.000000
27769,-2.235810,0.730682
27770,-1.636943,1.074730
27771,-2.553446,0.149460
27772,-3.528889,1.579063
27773,-3.692957,1.652478
27774,-3.281713,1.826239
27775,-3.692957,1.652478
27776,-3.246980,1.623490
27777,-1.592048,0.093187
27778,-2.605388,-0.134659
27779,-3.246980,1.623490
27780,-3.065499,1.781812
27781,-3.658223,1.449729
27782,-2.371693,1.652478
27783,-2.885719,0.900969
27784,-3.658223,1.449729
27785,-3.650504,1.955573
27786,-1.713557,-0.535628
27787,-3.528889,1.579063
27788,-2.873202,0.400969
27789,-3.051264,1.365341
27790,-1.719513,1.246980
27791,-3.102206,1.246980
27792,-2.837543,1.579063
27793,-3.051264,1.365341
27794,-3.911146,1.955573
27795,-3.152379,1.955573
27796,-1.558067,-1.233052
27797,-3.658223,1.449729
27798,-1.917063,0.093187
27799,-3.123202,0.900969
27800,-2.228125,1.365341
27801,-3.333174,1.320914
27802,-1.648630,-0.277479
27803,-2.302521,1.030303
27804,-3.167133,0.988831
27805,-1.072099,0.777479
27806,-3.427775,0.988831
27807,-3.826239,1.652478
27808,-3.822291,1.911146
27809,-3.215828,0.698220
27810,-3.397582,1.449729
27811,-3.153395,0.440071
27812,-3.324167,1.911146
27813,-3.824265,1.781812
27814,-3.335148,1.191580
27815,-2.060606,1.030303
27816,-3.563623,1.781812
27817,-1.760035,1.320914
27818,-2.060606,1.030303
27819,-2.383160,1.191580
27820,-3.656250,1.579063
27821,-3.304955,1.652478
27822,-3.304955,1.652478
27823,-3.102206,1.246980
27824,-2.228125,1.365341
27825,-3.623490,1.246980
27826,-1.847313,0.603718
27827,-1.551584,-1.634021
27828,-1.695108,1.579063
27829,-2.367905,-0.134659
27830,-3.824265,1.781812
27831,-0.860591,0.400969
27832,-0.873502,-0.445042
27833,-3.824265,1.781812
27834,-1.574293,-1.721883
27835,-1.703282,0.440071
27836,-1.284124,-0.134659
27837,-1.489885,-1.977662
27838,-1.280886,-1.400969
27839,-0.764573,0.326239
27840,-1.003761,1.579063
27841,-3.484462,1.623490
27842,0.238239,-0.147791
27843,-2.873202,0.400969
27844,-3.281713,1.826239
27845,-1.171501,-0.623490
27846,-2.343556,-0.658322
27847,-2.899457,1.449729
27848,-3.304955,1.652478
27849,-2.518736,1.074730
27850,-3.167133,0.988831
27851,-2.176109,0.777479
27852,0.432848,-0.033258
27853,-0.969501,-1.801938
27854,-3.335148,1.191580
27855,-3.563623,1.781812
27856,-2.780575,0.603718
27857,-2.793116,1.623490
27858,-3.326140,1.781812
27859,-3.650504,1.955573
27860,-2.730682,1.365341
27861,-3.822291,1.911146
27862,-1.306849,1.246980
27863,-3.161387,1.365341
27864,-3.822291,1.911146
27865,-2.572099,-0.722521
27866,-3.158125,1.579063
27867,-2.385621,1.030303
27868,-2.336959,1.449729
27869,-2.654083,-0.425270
27870,-3.427775,0.988831
27871,-3.326140,1.781812
27872,-2.700489,1.826239
27873,-1.574293,-1.721883
27874,0.837569,1.191580
27875,-1.409351,-0.147791
27876,-2.430339,0.123490
27877,-3.335148,1.191580
27878,-3.563623,1.781812
27879,-2.717704,0.698220
27880,-2.941449,0.149460
27881,-3.158125,1.579063
27882,-0.121146,-0.425270
27883,0.097527,0.900969
27884,-3.694931,1.911146
27885,-1.944528,-1.977662
27886,-1.171501,-0.623490
27887,-2.540461,0.123490
27888,-3.051264,1.365341
27889,-3.051264,1.365341
27890,-2.563163,1.030303
27891,-2.136480,0.698220
27892,-3.088468,0.698220
27893,-1.695108,1.579063
27894,-2.374152,1.781812
27895,-2.394628,0.440071
27896,-2.572099,-0.722521
27897,1.355162,0.988831
27898,-0.472729,-0.033258
27899,-3.232059,0.730682
27900,-2.553446,0.149460
27901,-3.779838,1.826239
27902,-3.824265,1.781812
27903,-3.397582,1.449729
27904,-2.706235,1.449729
27905,-3.051264,1.365341
27906,-2.670453,0.603718
27907,-3.123202,0.900969
27908,-3.563623,1.781812
27909,-3.246980,1.623490
27910,-0.534266,0.400969
27911,-1.713557,-0.535628
27912,-2.553446,0.149460
27913,-1.977662,0.988831
27914,-0.729953,0.093187
27915,-3.955573,1.911146
27916,-3.563623,1.781812
27917,-3.911146,1.955573
27918,-1.811776,-1.721883
27919,-2.133667,-1.466104
27920,1.316644,-0.658322
27921,-2.100697,-0.147791
27922,-2.038874,-1.400969
27923,-1.229693,-1.889800
27924,-1.926590,-0.109562
27925,-1.681370,1.030303
27926,-3.051264,1.365341
27927,-2.184738,-0.367711
27928,-2.892753,0.440071
27929,-2.337712,0.326239
27930,-3.658223,1.449729
27931,-2.576901,1.579063
27932,-3.268248,1.579063
27933,-1.683887,-1.977662
27934,-0.873667,-0.955573
27935,-1.661706,-1.634021
27936,-1.361599,-0.367711
27937,-3.650504,1.955573
27938,-3.152379,1.955573
27939,-3.692957,1.652478
27940,-3.484462,1.623490
27941,-3.095692,1.320914
27942,-3.167133,0.988831
27943,-3.434289,1.911146
27944,-3.563623,1.781812
27945,-2.873202,0.400969
27946,-2.885719,0.900969
27947,-3.333174,1.320914
27948,-1.420728,1.030303
27949,-1.279149,1.191580
27950,-2.696708,1.652478
27951,-3.692957,1.652478
27952,-3.528889,1.579063
27953,-0.985218,0.603718
27954,-2.873202,0.400969
27955,-3.866718,2.000000
27956,-3.694931,1.911146
27957,-1.849772,0.733052
27958,-1.445881,-0.074730
27959,-0.487094,0.603718
27960,-3.484462,1.623490
27961,-2.466259,1.191580
27962,-3.281713,1.826239
27963,0.440819,0.988831
27964,-0.168606,-0.033258
27965,-3.152379,1.955573
27966,-4.000000,2.000000
27967,-1.261910,1.320914
27968,-2.060606,1.030303
27969,-3.652478,1.826239
27970,-3.324167,1.911146
27971,-2.176109,0.777479
27972,-0.195042,-0.277479
27973,-3.652478,1.826239
27974,-2.272552,1.320914
27975,-3.427775,0.988831
27976,-2.605388,-0.134659
27977,-3.246980,1.623490
27978,-3.123202,0.900969
27979,-3.650504,1.955573
27980,-2.493959,1.246980
27981,-3.490208,1.246980
27982,-1.914041,-0.134659
27983,-2.518736,1.074730
27984,-0.309692,0.455573
27985,1.361949,0.142820
27986,-2.493959,1.246980
27987,-3.397582,1.449729
27988,-3.304955,1.652478
27989,-2.899457,1.449729
27990,-3.167133,0.988831
27991,-3.158125,1.579063
27992,-2.654083,-0.425270
27993,-2.133667,-1.466104
27994,-2.302521,1.030303
27995,-1.044797,-0.109562
27996,0.003294,0.093187
27997,-2.235810,0.730682
27998,-2.208111,1.449729
27999,-3.563623,1.781812
28000,-3.563623,1.781812
28001,0.194384,0.054604
28002,-0.828209,-0.535628
28003,-2.700489,1.826239
28004,-3.065499,1.781812
28005,-1.594507,0.222521
28006,-0.528520,0.777479
28007,-0.766862,-0.658322
28008,-2.337712,0.326239
28009,-2.394628,0.440071
28010,-3.650504,1.955573
28011,-2.837543,1.579063
28012,-1.118740,0.142820
28013,-3.658223,1.449729
28014,-3.462508,1.191580
28015,-2.572099,-0.722521
28016,-2.311457,-0.722521
28017,-2.892753,0.440071
28018,-2.184738,-0.367711
28019,-3.658223,1.449729
28020,-1.934194,0.777479
28021,-3.866718,2.000000
28022,-3.152379,1.955573
28023,-2.669008,0.988831
28024,-2.316833,-1.233052
28025,-2.011169,-1.977662
28026,-3.095692,1.320914
28027,-3.065499,1.781812
28028,-1.926590,-0.109562
28029,-2.563163,1.030303
28030,-1.955475,-0.826239
28031,-2.883745,1.030303
28032,-3.658223,1.449729
28033,-2.518736,1.074730
28034,-2.883745,1.030303
28035,-2.835050,1.320914
28036,-3.335148,1.191580
28037,-1.637893,1.955573
28038,-3.065499,1.781812
28039,-2.383160,1.191580
28040,-3.335148,1.191580
28041,-0.650969,0.099031
28042,-1.864156,-0.367711
28043,-0.913353,-0.365341
28044,-3.281713,1.826239
28045,-1.420728,1.030303
28046,-0.368582,0.440071
28047,-1.524320,-0.914101
28048,-3.158125,1.579063
28049,-3.652478,1.826239
28050,-0.756100,1.955573
28051,-1.253943,-1.233052
28052,-2.837543,1.579063
28053,-0.288960,0.149460
28054,-3.232059,0.730682
28055,-2.388932,-0.955573
28056,-3.528889,1.579063
28057,-2.272552,1.320914
28058,-1.550062,0.900969
28059,-2.641828,1.320914
28060,-3.194833,1.652478
28061,-1.492359,1.781812
28062,-1.314088,-0.074730
28063,-0.784266,0.900969
28064,-2.038874,-1.400969
28065,-1.323809,0.455573
28066,-1.412671,0.730682
28067,-2.302521,1.030303
28068,-2.136480,0.698220
28069,-3.397582,1.449729
28070,-3.281713,1.826239
28071,-3.123202,0.900969
28072,-2.711958,1.074730
28073,-3.911146,1.955573
28074,-2.163198,1.623490
28075,-3.484462,1.623490
28076,-2.394628,0.440071
28077,-2.859464,-0.147791
28078,0.508862,-1.466104
28079,-0.195042,-0.277479
28080,-3.490208,1.246980
28081,-2.349870,0.603718
28082,-2.385621,1.030303
28083,-3.335148,1.191580
28084,-3.911146,1.955573
28085,-3.658223,1.449729
28086,-3.824265,1.781812
28087,-3.652478,1.826239
28088,-3.658223,1.449729
28089,-1.397882,0.603718
28090,-3.123202,0.900969
28091,-2.144490,0.326239
28092,-3.326140,1.781812
28093,-3.656250,1.579063
28094,-4.000000,2.000000
28095,-2.096023,2.000000
28096,-3.153395,0.440071
28097,-1.588247,1.365341
28098,-1.921819,-1.889800
28099,-3.365341,0.730682
28100,-3.158125,1.579063
28101,-1.507653,-1.721883
28102,-0.932879,0.054604
28103,-3.955573,1.911146
28104,-2.742943,1.911146
28105,-3.268248,1.579063
28106,-1.574735,-0.425270
28107,-2.563163,1.030303
28108,-1.279149,1.191580
28109,-0.860591,0.400969
28110,-1.801938,0.900969
28111,-2.641828,1.320914
28112,-1.557314,-0.109562
28113,-2.993868,1.030303
28114,-2.711958,1.074730
28115,-1.419626,-1.123490
28116,-0.916907,-0.365341
28117,-2.859464,-0.147791
28118,-2.605388,-0.134659
28119,-2.366718,-1.000000
28120,-2.810768,0.142820
28121,-3.478716,2.000000
28122,-2.493959,1.246980
28123,-1.864156,-0.367711
28124,-1.636943,1.074730
28125,-2.654083,-0.425270
28126,-3.065499,1.781812
28127,-3.563623,1.781812
28128,-3.158125,1.579063
28129,-2.493959,1.246980
28130,-3.167133,0.988831
28131,-1.928302,-1.488831
28132,-0.521367,-0.277479
28133,-2.374152,1.781812
28134,-3.397582,1.449729
28135,-2.883745,1.030303
28136,-3.652478,1.826239
28137,-2.892753,0.440071
28138,-3.911146,1.955573
28139,-3.065499,1.781812
28140,-1.864156,-0.367711
28141,-3.304955,1.652478
28142,-3.335148,1.191580
28143,-3.304955,1.652478
28144,-2.835050,1.320914
28145,0.466409,-0.445042
28146,-1.262697,0.326239
28147,-1.877888,-1.977662
28148,-2.343556,-0.658322
28149,-1.801938,0.900969
28150,-2.242359,1.781812
28151,1.342340,1.781812
28152,-0.880142,0.440071
28153,-2.892753,0.440071
28154,-2.119812,-0.109562
28155,-2.717704,0.698220
28156,-3.822291,1.911146
28157,-2.941449,0.149460
28158,-3.153395,0.440071
28159,-3.215828,0.698220
28160,-2.343556,-0.658322
28161,0.096577,1.781812
28162,-1.279149,1.191580
28163,-1.361599,-0.367711
28164,-2.859464,-0.147791
28165,-2.336959,1.449729
28166,-3.153395,0.440071
28167,-3.656250,1.579063
28168,-2.461033,1.955573
28169,-1.833963,0.093187
28170,-3.397582,1.449729
28171,-3.650504,1.955573
28172,-3.397582,1.449729
28173,-1.636943,1.074730
28174,-1.044797,-0.109562
28175,-3.656250,1.579063
28176,-1.607199,0.123490
28177,-2.493959,1.246980
28178,-3.158125,1.579063
28179,-3.822291,1.911146
28180,-3.326140,1.781812
28181,-1.849772,0.733052
28182,-2.430339,0.123490
28183,-2.654083,-0.425270
28184,-3.326140,1.781812
28185,-3.658223,1.449729
28186,-2.706235,1.449729
28187,-2.872277,1.781812
28188,-2.385621,1.030303
28189,-3.152379,1.955573
28190,-1.731816,1.652478
28191,-3.822291,1.911146
28192,-3.324167,1.911146
28193,-2.892753,0.440071
28194,-3.427775,0.988831
28195,-3.650504,1.955573
28196,-2.337712,0.326239
28197,-3.065499,1.781812
28198,-3.158125,1.579063
28199,-1.423694,-1.889800
28200,-0.520157,-0.162592
28201,-1.762918,-1.211352
28202,-1.717979,0.733052
28203,-1.050429,1.652478
28204,-1.349578,0.500000
28205,-1.789708,1.246980
28206,-1.775215,0.326239
28207,-2.873202,0.400969
28208,-2.410859,1.246980
28209,-1.466104,0.733052
28210,-3.065499,1.781812
28211,-3.194833,1.652478
28212,-2.466259,1.191580
28213,-3.692957,1.652478
28214,-2.892753,0.440071
28215,-2.099031,-1.801938
28216,-2.938128,0.142820
28217,-3.779838,1.826239
28218,-1.133363,0.455573
28219,-2.136480,0.698220
28220,-2.576901,1.579063
28221,-3.194833,1.652478
28222,-3.911146,1.955573
28223,-3.397582,1.449729
28224,-2.466259,1.191580
28225,-1.652210,-0.658322
28226,-2.605388,-0.134659
28227,-3.281713,1.826239
28228,-3.095692,1.320914
28229,-2.670453,0.603718
28230,0.531149,-0.658322
28231,-1.270918,0.730682
28232,-2.541119,0.733052
28233,-2.166234,-1.400969
28234,-2.100697,-0.147791
28235,-2.336959,1.449729
28236,-3.528889,1.579063
28237,-2.576901,1.579063
28238,-1.180804,0.266948
28239,-1.794458,-1.889800
28240,-3.065499,1.781812
28241,-2.835050,1.320914
28242,-3.484462,1.623490
28243,-2.885719,0.900969
28244,-3.658223,1.449729
28245,-3.656250,1.579063
28246,-0.500689,-0.365341
28247,-0.503178,1.449729
28248,-3.095692,1.320914
28249,-2.155959,-0.425270
28250,-3.563623,1.781812
28251,-2.096023,2.000000
28252,-3.824265,1.781812
28253,-3.158125,1.579063
28254,0.137041,0.054604
28255,-0.500689,-0.365341
28256,-1.926590,-0.109562
28257,-2.431855,0.900969
28258,-1.397882,0.603718
28259,-3.152379,1.955573
28260,-1.000000,0.500000
28261,-1.262697,0.326239
28262,-3.167133,0.988831
28263,-2.706235,1.449729
28264,-1.406715,-0.277479
28265,-3.232059,0.730682
28266,-3.692957,1.652478
28267,-3.281713,1.826239
28268,-2.144490,0.326239
28269,-1.005460,-0.955573
28270,-3.153395,0.440071
28271,-2.576901,1.579063
28272,-3.088468,0.698220
28273,-1.574293,-1.721883
28274,-2.605388,-0.134659
28275,-0.503178,1.449729
28276,-1.965750,-1.801938
28277,-2.002903,1.911146
28278,-1.652210,-0.658322
28279,-3.563623,1.781812
28280,-1.922262,1.652478
28281,-3.824265,1.781812
28282,-3.650504,1.955573
28283,-2.730682,1.365341
28284,-1.309583,-0.955573
28285,-3.215828,0.698220
28286,-2.844057,0.730682
28287,-2.717704,0.698220
28288,-1.445881,-0.074730
28289,-3.822291,1.911146
28290,-2.700489,1.826239
28291,-3.246980,1.623490
28292,-1.475625,-0.623490
28293,-2.060606,1.030303
28294,-2.598822,-0.147791
28295,-3.822291,1.911146
28296,-3.158125,1.579063
28297,-3.335148,1.191580
28298,-3.563623,1.781812
28299,0.087252,-0.074730
28300,-2.572099,-0.722521
28301,-3.656250,1.579063
28302,-2.060606,1.030303
28303,-3.826239,1.652478
28304,-3.095692,1.320914
28305,-2.119812,-0.109562
28306,-1.873490,-1.123490
28307,-2.100697,-0.147791
28308,-2.144490,0.326239
28309,-3.656250,1.579063
28310,-2.711958,1.074730
28311,-1.262697,0.326239
28312,-1.423694,-1.889800
28313,-2.149460,1.074730
28314,-3.158125,1.579063
28315,-1.207436,0.603718
28316,-1.864156,-0.367711
28317,-2.730682,1.365341
28318,-0.710661,0.054604
28319,-0.816833,0.266948
28320,-3.650504,1.955573
28321,-3.153395,0.440071
28322,-3.528889,1.579063
28323,-3.623490,1.246980
28324,-2.228125,1.365341
28325,-3.232059,0.730682
28326,-2.938128,0.142820
28327,-0.916907,-0.365341
28328,-2.011910,1.320914
28329,-3.427775,0.988831
28330,-2.670453,0.603718
28331,-1.170844,-1.233052
28332,-3.281713,1.826239
28333,-3.434289,1.911146
28334,-1.890808,-0.955573
28335,-0.549693,-1.233052
28336,-0.686458,-0.826239
28337,-0.009807,-0.277479
28338,-2.635719,0.400969
28339,-3.694931,1.911146
28340,-0.879043,-1.466104
28341,-3.333174,1.320914
28342,-2.430339,0.123490
28343,-2.883745,1.030303
28344,-1.409351,-0.147791
28345,-1.745664,-1.466104
28346,-1.652210,-0.658322
28347,-3.563623,1.781812
28348,-1.775215,0.326239
28349,-2.155959,-0.425270
28350,-2.635719,0.400969
28351,-2.119812,-0.109562
28352,-1.396440,0.698220
28353,-3.335148,1.191580
28354,-3.911146,1.955573
28355,-3.824265,1.781812
28356,-3.824265,1.781812
28357,-3.152379,1.955573
28358,-3.822291,1.911146
28359,-2.700489,1.826239
28360,-3.826239,1.652478
28361,-1.557314,-0.109562
28362,-1.813332,-0.722521
28363,-1.557314,-0.109562
28364,-3.911146,1.955573
28365,-2.964384,1.191580
28366,-3.427775,0.988831
28367,-3.824265,1.781812
28368,-3.434289,1.911146
28369,-3.866718,2.000000
28370,-3.051264,1.365341
28371,-3.051264,1.365341
28372,-1.733246,0.500000
28373,-2.706235,1.449729
28374,-3.779838,1.826239
28375,-3.051264,1.365341
28376,-2.149460,1.074730
28377,-1.643120,1.191580
28378,-3.427775,0.988831
28379,-3.692957,1.652478
28380,-2.859464,-0.147791
28381,-3.650504,1.955573
28382,-2.964384,1.191580
28383,-1.933731,0.900969
28384,-1.330319,-0.914101
28385,-0.926428,-1.721883
28386,-0.735570,1.191580
28387,-1.014727,-0.162592
28388,-2.700489,1.826239
28389,-3.484462,1.623490
28390,-1.032469,0.698220
28391,-3.335148,1.191580
28392,-3.304955,1.652478
28393,-3.563623,1.781812
28394,-3.824265,1.781812
28395,-3.911146,1.955573
28396,-3.397582,1.449729
28397,-2.711958,1.074730
28398,-2.810768,0.142820
28399,-3.326140,1.781812
28400,-3.478716,2.000000
28401,-0.810020,1.191580
28402,-3.658223,1.449729
28403,-3.335148,1.191580
28404,-3.478716,2.000000
28405,-2.641828,1.320914
28406,-2.883745,1.030303
28407,-0.583781,0.500000
28408,-3.246980,1.623490
28409,-3.652478,1.826239
28410,-3.304955,1.652478
28411,-3.333174,1.320914
28412,-3.822291,1.911146
28413,-2.899457,1.449729
28414,-3.065499,1.781812
28415,-1.554958,0.777479
28416,-1.977662,0.988831
28417,-3.563623,1.781812
28418,-2.259209,0.777479
28419,-3.281713,1.826239
28420,-3.194833,1.652478
28421,-3.281713,1.826239
28422,-3.623490,1.246980
28423,-3.694931,1.911146
28424,-2.859464,-0.147791
28425,-3.658223,1.449729
28426,-1.636943,1.074730
28427,-2.100697,-0.147791
28428,-3.779838,1.826239
28429,-2.742943,1.911146
28430,-3.692957,1.652478
28431,-1.492359,1.781812
28432,-3.623490,1.246980
28433,-2.541119,0.733052
28434,-2.670453,0.603718
28435,-2.835050,1.320914
28436,-2.670453,0.603718
28437,-1.262697,0.326239
28438,-2.109756,0.123490
28439,0.559181,-1.488831
28440,1.731898,-1.488831
28441,0.294766,-0.365341
28442,-3.088468,0.698220
28443,-1.420728,1.030303
28444,-2.553446,0.149460
28445,-3.484462,1.623490
28446,-3.281713,1.826239
28447,-3.563623,1.781812
28448,-3.088468,0.698220
28449,-3.623490,1.246980
28450,-3.246980,1.623490
28451,-3.955573,1.911146
28452,-3.152379,1.955573
28453,-3.779838,1.826239
28454,-3.911146,1.955573
28455,-3.911146,1.955573
28456,-1.719513,1.246980
28457,-1.719513,1.246980
28458,-2.670453,0.603718
28459,-1.978716,-1.000000
28460,-3.694931,1.911146
28461,-2.431855,0.900969
28462,-3.779838,1.826239
28463,-2.541119,0.733052
28464,-3.102206,1.246980
28465,-3.051264,1.365341
28466,-2.635719,0.400969
28467,-3.153395,0.440071
28468,-3.232059,0.730682
28469,-2.572099,-0.722521
28470,-2.100697,-0.147791
28471,-2.711958,1.074730
28472,-2.810768,0.142820
28473,-2.166234,-1.400969
28474,-2.793116,1.623490
28475,-1.733246,0.500000
28476,-1.624178,-1.488831
28477,-3.158125,1.579063
28478,-3.656250,1.579063
28479,-3.161387,1.365341
28480,-3.822291,1.911146
28481,-1.357582,-1.634021
28482,-2.899457,1.449729
28483,-3.824265,1.781812
28484,-3.095692,1.320914
28485,-2.383160,1.191580
28486,-3.065499,1.781812
28487,-3.563623,1.781812
28488,-3.324167,1.911146
28489,-2.717704,0.698220
28490,-3.397582,1.449729
28491,-2.810768,0.142820
28492,-2.899457,1.449729
28493,-1.926590,-0.109562
28494,-0.861260,0.222521
28495,-1.396440,0.698220
28496,-3.822291,1.911146
28497,-3.656250,1.579063
28498,-3.397582,1.449729
28499,-3.065499,1.781812
28500,-3.161387,1.365341
28501,-3.563623,1.781812
28502,-3.333174,1.320914
28503,-2.349870,0.603718
28504,-2.098256,0.455573
28505,-2.874250,1.652478
28506,-2.810768,0.142820
28507,-0.130454,-0.109562
28508,-0.544620,-0.277479
28509,-2.336959,1.449729
28510,-2.181855,0.400969
28511,-2.144490,0.326239
28512,-1.661706,-1.634021
28513,-0.296416,-0.074730
28514,-1.733246,0.500000
28515,-1.005460,-0.955573
28516,-2.563163,1.030303
28517,-1.960449,1.826239
28518,-2.563163,1.030303
28519,-3.528889,1.579063
28520,0.821760,-0.367711
28521,-2.109756,0.123490
28522,-2.859464,-0.147791
28523,-1.601453,0.500000
28524,-1.733246,0.500000
28525,-2.116349,-1.634021
28526,-0.032308,-0.914101
28527,-3.656250,1.579063
28528,-3.335148,1.191580
28529,-0.709394,0.440071
28530,-3.462508,1.191580
28531,-3.955573,1.911146
28532,-2.440004,0.142820
28533,-2.302521,1.030303
28534,-3.824265,1.781812
28535,-3.397582,1.449729
28536,-0.295600,0.142820
28537,-2.696708,1.652478
28538,-2.635719,0.400969
28539,-3.074730,0.149460
28540,-2.899457,1.449729
28541,-3.102206,1.246980
28542,-3.694931,1.911146
28543,-2.272552,1.320914
28544,-2.228125,1.365341
28545,-3.074730,0.149460
28546,-3.152379,1.955573
28547,-3.824265,1.781812
28548,-2.316833,-1.233052
28549,-2.011169,-1.977662
28550,-1.423694,-1.889800
28551,-2.106074,-0.658322
28552,-0.212537,0.054604
28553,-3.158125,1.579063
28554,-3.824265,1.781812
28555,-3.822291,1.911146
28556,-3.123202,0.900969
28557,0.302222,0.730682
28558,-1.225625,-1.123490
28559,-3.268248,1.579063
28560,-2.553446,0.149460
28561,-0.686069,-0.722521
28562,-0.322099,-0.722521
28563,-2.228125,1.365341
28564,-2.892753,0.440071
28565,-2.065597,-0.826239
28566,-1.845869,0.988831
28567,-3.528889,1.579063
28568,-3.232059,0.730682
28569,-2.696708,1.652478
28570,-3.911146,1.955573
28571,-1.914041,-0.134659
28572,-1.314088,-0.074730
28573,-2.261572,-0.955573
28574,-3.158125,1.579063
28575,-3.824265,1.781812
28576,-3.335148,1.191580
28577,-3.658223,1.449729
28578,-3.484462,1.623490
28579,-3.911146,1.955573
28580,-2.208111,1.449729
28581,-0.969501,-1.801938
28582,-2.885719,0.900969
28583,-2.430339,0.123490
28584,-3.095692,1.320914
28585,-3.866718,2.000000
28586,-0.458468,1.320914
28587,-2.563163,1.030303
28588,-1.914041,-0.134659
28589,-2.367905,-0.134659
28590,-3.065499,1.781812
28591,-3.095692,1.320914
28592,-3.102206,1.246980
28593,-2.347897,0.733052
28594,-3.246980,1.623490
28595,-1.717979,0.733052
28596,-2.336959,1.449729
28597,-2.144490,0.326239
28598,-3.650504,1.955573
28599,-3.232059,0.730682
28600,-3.065499,1.781812
28601,-1.636943,1.074730
28602,-3.065499,1.781812
28603,-0.801938,0.400969
28604,-3.658223,1.449729
28605,-2.526723,-0.425270
28606,-3.153395,0.440071
28607,-3.326140,1.781812
28608,-3.866718,2.000000
28609,-3.528889,1.579063
28610,-2.993868,1.030303
28611,-1.643120,1.191580
28612,-3.824265,1.781812
28613,-3.650504,1.955573
28614,-3.528889,1.579063
28615,-2.109756,0.123490
28616,-2.835050,1.320914
28617,-3.779838,1.826239
28618,-2.696708,1.652478
28619,-2.711958,1.074730
28620,-3.232059,0.730682
28621,-2.835050,1.320914
28622,-0.322099,-0.722521
28623,-1.137418,-1.466104
28624,-1.248319,-1.466104
28625,-0.490512,-1.721883
28626,-3.051264,1.365341
28627,-2.563163,1.030303
28628,-3.694931,1.911146
28629,-1.574735,-0.425270
28630,-2.316833,-1.233052
28631,-2.374152,1.781812
28632,-0.534266,0.400969
28633,-2.964384,1.191580
28634,-3.434289,1.911146
28635,-1.928302,-1.488831
28636,-2.184738,-0.367711
28637,-1.574735,-0.425270
28638,-2.873202,0.400969
28639,-3.088468,0.698220
28640,-0.756100,1.955573
28641,-2.461033,1.955573
28642,-1.074632,0.054604
28643,-3.656250,1.579063
28644,-3.824265,1.781812
28645,-1.933731,0.900969
28646,-2.149460,1.074730
28647,-2.541119,0.733052
28648,-2.706235,1.449729
28649,-1.168783,-0.365341
28650,-2.166234,-1.400969
28651,-3.490208,1.246980
28652,-1.225625,-1.123490
28653,-2.011169,-1.977662
28654,-1.824442,1.449729
28655,-1.801938,0.900969
28656,-1.420728,1.030303
28657,-3.650504,1.955573
28658,-2.899457,1.449729
28659,-3.281713,1.826239
28660,-2.563163,1.030303
28661,-3.824265,1.781812
28662,-2.706235,1.449729
28663,-3.866718,2.000000
28664,-2.964384,1.191580
28665,-2.892753,0.440071
28666,-1.180804,0.266948
28667,-2.410859,1.246980
28668,-3.955573,1.911146
28669,-3.866718,2.000000
28670,-3.153395,0.440071
28671,-2.347897,0.733052
28672,-1.462714,0.222521
28673,-2.518736,1.074730
28674,-3.427775,0.988831
28675,-1.690819,-1.488831
28676,-3.088468,0.698220
28677,-2.696708,1.652478
28678,-3.462508,1.191580
28679,-1.550062,0.900969
28680,-3.051264,1.365341
28681,-3.658223,1.449729
28682,-2.242359,1.781812
28683,-2.109756,0.123490
28684,-3.088468,0.698220
28685,-2.576901,1.579063
28686,-2.837543,1.579063
28687,-2.518736,1.074730
28688,-3.694931,1.911146
28689,-2.540461,0.123490
28690,-2.466259,1.191580
28691,-3.528889,1.579063
28692,-3.955573,1.911146
28693,-3.563623,1.781812
28694,-3.427775,0.988831
28695,-1.279149,1.191580
28696,-3.692957,1.652478
28697,-3.911146,1.955573
28698,-3.427775,0.988831
28699,-3.051264,1.365341
28700,-0.276723,-0.425270
28701,-1.236955,-1.488831
28702,-3.051264,1.365341
28703,-3.692957,1.652478
28704,-3.955573,1.911146
28705,-3.397582,1.449729
28706,-2.837543,1.579063
28707,-2.742943,1.911146
28708,-3.911146,1.955573
28709,-2.410859,1.246980
28710,-3.333174,1.320914
28711,-3.658223,1.449729
28712,-3.866718,2.000000
28713,-2.371693,1.652478
28714,-2.964384,1.191580
28715,-1.917063,0.093187
28716,-2.835050,1.320914
28717,-3.152379,1.955573
28718,-3.152379,1.955573
28719,-2.706235,1.449729
28720,-1.558725,-0.623490
28721,-3.462508,1.191580
28722,-2.336959,1.449729
28723,-2.410859,1.246980
28724,-2.892753,0.440071
28725,-3.123202,0.900969
28726,-3.692957,1.652478
28727,-3.268248,1.579063
28728,-2.149460,1.074730
28729,-2.109756,0.123490
28730,-2.576901,1.579063
28731,-2.576901,1.579063
28732,-3.692957,1.652478
28733,-3.065499,1.781812
28734,-3.911146,1.955573
28735,-2.466259,1.191580
28736,-1.762918,-1.211352
28737,-1.847313,0.603718
28738,-1.550062,0.900969
28739,-2.208111,1.449729
28740,-1.648630,-0.277479
28741,-1.474108,-1.400969
28742,-1.771749,-1.801938
28743,-0.828197,0.988831
28744,-3.246980,1.623490
28745,-3.088468,0.698220
28746,-0.102430,-1.889800
28747,-2.605388,-0.134659
28748,-2.208111,1.449729
28749,-3.051264,1.365341
28750,-3.824265,1.781812
28751,-2.835050,1.320914
28752,-2.347897,0.733052
28753,-0.939778,-1.211352
28754,-3.065499,1.781812
28755,-2.163198,1.623490
28756,-1.420728,1.030303
28757,-0.140335,-0.147791
28758,-2.810768,0.142820
28759,-1.762008,1.191580
28760,-3.167133,0.988831
28761,-1.275116,0.455573
28762,-3.152379,1.955573
28763,-3.563623,1.781812
28764,-3.563623,1.781812
28765,-4.000000,2.000000
28766,-2.366718,-1.000000
28767,-1.733246,0.500000
28768,-2.261572,-0.955573
28769,-1.988459,-1.889800
28770,-0.445042,0.222521
28771,-0.373022,1.074730
28772,-1.551012,1.781812
28773,-1.026723,1.074730
28774,-3.158125,1.579063
28775,-4.000000,2.000000
28776,-1.554958,0.777479
28777,-2.493959,1.246980
28778,-1.212812,0.093187
28779,-1.568917,-1.211352
28780,-1.155045,-0.914101
28781,-0.650969,0.099031
28782,-2.383160,1.191580
28783,-3.824265,1.781812
28784,-2.793116,1.623490
28785,-3.563623,1.781812
28786,-3.167133,0.988831
28787,-2.700489,1.826239
28788,-2.518736,1.074730
28789,-2.383160,1.191580
28790,-2.334986,1.579063
28791,-3.826239,1.652478
28792,-2.810768,0.142820
28793,-3.824265,1.781812
28794,-3.656250,1.579063
28795,-2.883745,1.030303
28796,-2.826042,1.911146
28797,-2.826042,1.911146
28798,-3.563623,1.781812
28799,-2.431855,0.900969
28800,-1.955475,-0.826239
28801,0.100765,-0.365341
28802,-1.594507,0.222521
28803,-3.152379,1.955573
28804,-0.256645,0.142820
28805,-3.528889,1.579063
28806,-3.088468,0.698220
28807,-2.837543,1.579063
28808,-3.065499,1.781812
28809,-3.333174,1.320914
28810,-3.650504,1.955573
28811,-2.885719,0.900969
28812,-1.557314,-0.109562
28813,-1.308725,-1.123490
28814,-1.441541,-1.466104
28815,-2.526723,-0.425270
28816,-3.528889,1.579063
28817,-3.866718,2.000000
28818,-3.333174,1.320914
28819,-2.892753,0.440071
28820,-3.462508,1.191580
28821,-3.911146,1.955573
28822,-1.934194,0.777479
28823,-3.153395,0.440071
28824,-3.779838,1.826239
28825,-3.911146,1.955573
28826,-0.985218,0.603718
28827,-3.281713,1.826239
28828,-2.526723,-0.425270
28829,-2.109756,0.123490
28830,-2.635719,0.400969
28831,-2.015156,0.455573
28832,-2.553446,0.149460
28833,-1.349189,0.603718
28834,-1.462714,0.222521
28835,-3.911146,1.955573
28836,-3.866718,2.000000
28837,-3.563623,1.781812
28838,-1.801938,0.900969
28839,-2.742943,1.911146
28840,-1.137418,-1.466104
28841,-3.153395,0.440071
28842,-2.670453,0.603718
28843,-3.397582,1.449729
28844,-3.563623,1.781812
28845,-2.696708,1.652478
28846,-2.553446,0.149460
28847,-3.065499,1.781812
28848,-2.641828,1.320914
28849,-2.835050,1.320914
28850,-1.960449,1.826239
28851,-2.051596,1.911146
28852,-3.326140,1.781812
28853,-3.779838,1.826239
28854,-2.669008,0.988831
28855,-3.281713,1.826239
28856,-3.824265,1.781812
28857,-1.462714,0.222521
28858,-3.563623,1.781812
28859,-2.563163,1.030303
28860,-1.873490,-1.123490
28861,-1.118740,0.142820
28862,-3.528889,1.579063
28863,-3.650504,1.955573
28864,-2.964384,1.191580
28865,-2.873202,0.400969
28866,-2.993868,1.030303
28867,-2.711958,1.074730
28868,-3.484462,1.623490
28869,-3.152379,1.955573
28870,-3.102206,1.246980
28871,-3.692957,1.652478
28872,-3.102206,1.246980
28873,-3.650504,1.955573
28874,-2.641828,1.320914
28875,-3.528889,1.579063
28876,-3.779838,1.826239
28877,-3.281713,1.826239
28878,-3.528889,1.579063
28879,-2.302521,1.030303
28880,-2.563163,1.030303
28881,-2.235810,0.730682
28882,-0.494415,-1.977662
28883,-0.088566,-1.634021
28884,-0.496901,0.326239
28885,-2.730682,1.365341
28886,-2.730682,1.365341
28887,-1.833963,0.093187
28888,-2.383160,1.191580
28889,-3.324167,1.911146
28890,-3.335148,1.191580
28891,-2.700489,1.826239
28892,-2.518736,1.074730
28893,-2.835050,1.320914
28894,0.175093,0.093187
28895,-1.934194,0.777479
28896,-3.650504,1.955573
28897,-3.397582,1.449729
28898,-2.837543,1.579063
28899,-2.461033,1.955573
28900,-2.181855,0.400969
28901,-2.541119,0.733052
28902,-1.934194,0.777479
28903,-1.445881,-0.074730
28904,-2.706235,1.449729
28905,-2.826042,1.911146
28906,-3.123202,0.900969
28907,-3.397582,1.449729
28908,-3.158125,1.579063
28909,-3.822291,1.911146
28910,-2.700489,1.826239
28911,-3.826239,1.652478
28912,-1.926590,-0.109562
28913,-3.484462,1.623490
28914,-2.873202,0.400969
28915,-3.822291,1.911146
28916,-3.304955,1.652478
28917,-2.374152,1.781812
28918,-3.824265,1.781812
28919,-2.367905,-0.134659
28920,-2.266948,-1.466104
28921,-1.384971,1.449729
28922,-3.656250,1.579063
28923,-1.926590,-0.109562
28924,-3.152379,1.955573
28925,-1.179763,1.911146
28926,-2.780575,0.603718
28927,-2.242359,1.781812
28928,-3.826239,1.652478
28929,-1.801938,0.900969
28930,-3.427775,0.988831
28931,-3.822291,1.911146
28932,-3.246980,1.623490
28933,-3.095692,1.320914
28934,-3.324167,1.911146
28935,-3.652478,1.826239
28936,-3.658223,1.449729
28937,-3.652478,1.826239
28938,-3.656250,1.579063
28939,-3.822291,1.911146
28940,-3.304955,1.652478
28941,-3.822291,1.911146
28942,-3.652478,1.826239
28943,-3.152379,1.955573
28944,-3.161387,1.365341
28945,-2.493959,1.246980
28946,-3.563623,1.781812
28947,-3.656250,1.579063
28948,-3.324167,1.911146
28949,-2.730682,1.365341
28950,-2.892753,0.440071
28951,-4.000000,2.000000
28952,-3.365341,0.730682
28953,-0.821489,0.440071
28954,-1.906779,-0.535628
28955,-3.158125,1.579063
28956,-3.484462,1.623490
28957,-2.885719,0.900969
28958,-3.123202,0.900969
28959,-3.158125,1.579063
28960,-3.335148,1.191580
28961,-1.858780,0.142820
28962,-0.628209,0.455573
28963,-1.760035,1.320914
28964,-2.155959,-0.425270
28965,-2.060606,1.030303
28966,-3.826239,1.652478
28967,-3.911146,1.955573
28968,-3.158125,1.579063
28969,-3.123202,0.900969
28970,-2.337712,0.326239
28971,-3.658223,1.449729
28972,-2.394628,0.440071
28973,-1.877888,-1.977662
28974,-3.232059,0.730682
28975,-1.928302,-1.488831
28976,-2.711958,1.074730
28977,-3.656250,1.579063
28978,-2.899457,1.449729
28979,-1.461364,0.730682
28980,-1.762008,1.191580
28981,-0.383297,0.099031
28982,-1.409351,-0.147791
28983,-2.874250,1.652478
28984,-0.151626,1.579063
28985,-1.396440,0.698220
28986,-3.822291,1.911146
28987,-3.650504,1.955573
28988,-3.152379,1.955573
28989,-3.427775,0.988831
28990,-2.700489,1.826239
28991,-2.060606,1.030303
28992,-2.208111,1.449729
28993,-3.563623,1.781812
28994,-3.911146,1.955573
28995,-3.333174,1.320914
28996,0.640322,0.326239
28997,-0.176865,-0.074730
28998,-1.824442,1.449729
28999,-3.484462,1.623490
29000,-3.152379,1.955573
29001,-3.462508,1.191580
29002,-3.152379,1.955573
29003,-3.434289,1.911146
29004,-3.333174,1.320914
29005,-1.116526,0.733052
29006,-3.246980,1.623490
29007,-2.964384,1.191580
29008,-3.152379,1.955573
29009,-2.144490,0.326239
29010,-3.281713,1.826239
29011,-3.824265,1.781812
29012,-3.065499,1.781812
29013,-3.397582,1.449729
29014,-3.694931,1.911146
29015,-3.563623,1.781812
29016,-2.892753,0.440071
29017,-2.051596,1.911146
29018,2.429650,-1.488831
29019,-3.955573,1.911146
29020,-2.793116,1.623490
29021,-0.712635,-0.074730
29022,-3.658223,1.449729
29023,-2.394628,0.440071
29024,-2.242359,1.781812
29025,-2.493959,1.246980
29026,-1.731730,-0.277479
29027,-2.431855,0.900969
29028,-3.911146,1.955573
29029,-2.885719,0.900969
29030,-3.656250,1.579063
29031,-2.349870,0.603718
29032,-2.874250,1.652478
29033,-3.427775,0.988831
29034,-0.285935,0.123490
29035,-3.153395,0.440071
29036,-3.490208,1.246980
29037,-1.864156,-0.367711
29038,-1.588247,1.365341
29039,-1.462714,0.222521
29040,-3.152379,1.955573
29041,-1.212812,0.093187
29042,-2.181855,0.400969
29043,-1.811776,-1.721883
29044,-2.706235,1.449729
29045,-2.837543,1.579063
29046,-3.051264,1.365341
29047,-2.576901,1.579063
29048,-3.427775,0.988831
29049,-3.911146,1.955573
29050,-3.650504,1.955573
29051,-2.302521,1.030303
29052,-0.932879,0.054604
29053,-3.563623,1.781812
29054,-3.694931,1.911146
29055,-2.371693,1.652478
29056,-1.349189,0.603718
29057,0.044073,1.246980
29058,-3.650504,1.955573
29059,-0.932879,0.054604
29060,-0.569543,-0.955573
29061,-3.911146,1.955573
29062,-2.576901,1.579063
29063,-2.993868,1.030303
29064,-3.658223,1.449729
29065,-3.246980,1.623490
29066,-3.484462,1.623490
29067,-3.194833,1.652478
29068,-1.231001,-1.634021
29069,-1.636943,1.074730
29070,-2.964384,1.191580
29071,-3.326140,1.781812
29072,-1.977662,0.988831
29073,-3.779838,1.826239
29074,-3.911146,1.955573
29075,-2.793116,1.623490
29076,-2.964384,1.191580
29077,-3.779838,1.826239
29078,-2.892753,0.440071
29079,-3.563623,1.781812
29080,-3.268248,1.579063
29081,-2.394628,0.440071
29082,-3.095692,1.320914
29083,-1.397882,0.603718
29084,-3.153395,0.440071
29085,-2.060606,1.030303
29086,-3.824265,1.781812
29087,-3.652478,1.826239
29088,-2.717704,0.698220
29089,-3.822291,1.911146
29090,-2.872277,1.781812
29091,-2.383160,1.191580
29092,-2.883745,1.030303
29093,-2.892753,0.440071
29094,-3.824265,1.781812
29095,-3.397582,1.449729
29096,-3.397582,1.449729
29097,-2.598822,-0.147791
29098,-2.899457,1.449729
29099,-2.168944,1.246980
29100,-2.835050,1.320914
29101,-1.717542,-0.914101
29102,-2.670453,0.603718
29103,-2.374152,1.781812
29104,-3.434289,1.911146
29105,-1.801938,0.900969
29106,-2.051596,1.911146
29107,-3.051264,1.365341
29108,-3.153395,0.440071
29109,-3.694931,1.911146
29110,-3.065499,1.781812
29111,-3.911146,1.955573
29112,-3.694931,1.911146
29113,-2.141244,1.191580
29114,-0.014576,-0.134659
29115,-1.088404,-0.914101
29116,-2.166234,-1.400969
29117,-2.184738,-0.367711
29118,-1.703282,0.440071
29119,-3.484462,1.623490
29120,-3.051264,1.365341
29121,-3.281713,1.826239
29122,-2.388932,-0.955573
29123,-2.038874,-1.400969
29124,-1.960449,1.826239
29125,-3.694931,1.911146
29126,-3.528889,1.579063
29127,-2.228125,1.365341
29128,-3.563623,1.781812
29129,-3.102206,1.246980
29130,0.259051,-0.074730
29131,-3.563623,1.781812
29132,-3.824265,1.781812
29133,-1.349189,0.603718
29134,-1.170844,-1.233052
29135,-2.347897,0.733052
29136,-3.158125,1.579063
29137,-2.810768,0.142820
29138,-3.490208,1.246980
29139,-3.563623,1.781812
29140,-3.826239,1.652478
29141,-3.123202,0.900969
29142,-2.383160,1.191580
29143,-2.461033,1.955573
29144,-3.335148,1.191580
29145,-2.261572,-0.955573
29146,-2.349870,0.603718
29147,-2.394628,0.440071
29148,-1.551012,1.781812
29149,-3.232059,0.730682
29150,-2.964384,1.191580
29151,-2.184738,-0.367711
29152,-2.371693,1.652478
29153,-2.993868,1.030303
29154,-2.572099,-0.722521
29155,-2.572099,-0.722521
29156,-1.811776,-1.721883
29157,-2.670453,0.603718
29158,-3.955573,1.911146
29159,-3.824265,1.781812
29160,-2.056191,-1.233052
29161,-2.184738,-0.367711
29162,-3.427775,0.988831
29163,-1.733246,0.500000
29164,-1.445133,0.698220
29165,-3.528889,1.579063
29166,-3.650504,1.955573
29167,-3.246980,1.623490
29168,-0.602063,-0.162592
29169,-0.600619,0.222521
29170,-3.779838,1.826239
29171,-2.015156,0.455573
29172,-1.978716,-1.000000
29173,-2.311457,-0.722521
29174,-3.051264,1.365341
29175,-3.658223,1.449729
29176,-2.742943,1.911146
29177,-1.824442,1.449729
29178,-3.563623,1.781812
29179,-2.872277,1.781812
29180,-2.235810,0.730682
29181,-3.194833,1.652478
29182,-3.692957,1.652478
29183,-2.899457,1.449729
29184,-3.427775,0.988831
29185,-0.001379,-0.367711
29186,-0.368582,0.440071
29187,-3.652478,1.826239
29188,-2.149460,1.074730
29189,-1.760035,1.320914
29190,-2.334986,1.579063
29191,-2.098256,0.455573
29192,-2.872277,1.781812
29193,-3.658223,1.449729
29194,-3.158125,1.579063
29195,-0.652478,0.326239
29196,-1.836861,1.579063
29197,-2.347897,0.733052
29198,-3.304955,1.652478
29199,-3.397582,1.449729
29200,-3.652478,1.826239
29201,-2.598822,-0.147791
29202,-3.490208,1.246980
29203,-2.717704,0.698220
29204,-1.717542,-0.914101
29205,-2.261572,-0.955573
29206,-3.563623,1.781812
29207,-2.873202,0.400969
29208,-1.396440,0.698220
29209,-2.717704,0.698220
29210,-3.826239,1.652478
29211,-3.911146,1.955573
29212,-2.334986,1.579063
29213,-3.065499,1.781812
29214,-1.607199,0.123490
29215,-2.106074,-0.658322
29216,-3.484462,1.623490
29217,-2.343556,-0.658322
29218,-2.388932,-0.955573
29219,-3.281713,1.826239
29220,-0.771367,0.222521
29221,-1.637893,1.955573
29222,-2.541119,0.733052
29223,-1.594507,0.222521
29224,-2.302521,1.030303
29225,-0.756100,1.955573
29226,-1.072099,0.777479
29227,-2.431855,0.900969
29228,-3.866718,2.000000
29229,-3.528889,1.579063
29230,-1.323809,0.455573
29231,-3.528889,1.579063
29232,-2.540461,0.123490
29233,-3.123202,0.900969
29234,-1.977662,0.988831
29235,-2.334986,1.579063
29236,-2.168944,1.246980
29237,-3.824265,1.781812
29238,-3.427775,0.988831
29239,-3.658223,1.449729
29240,-3.167133,0.988831
29241,-2.717704,0.698220
29242,-3.822291,1.911146
29243,-2.430339,0.123490
29244,-2.780575,0.603718
29245,-1.762008,1.191580
29246,-3.333174,1.320914
29247,-3.326140,1.781812
29248,-3.824265,1.781812
29249,-1.955475,-0.826239
29250,-3.822291,1.911146
29251,-3.824265,1.781812
29252,-2.711958,1.074730
29253,-2.385621,1.030303
29254,-2.598822,-0.147791
29255,-3.824265,1.781812
29256,-2.011910,1.320914
29257,-3.152379,1.955573
29258,-3.335148,1.191580
29259,-2.873202,0.400969
29260,-3.826239,1.652478
29261,-1.214222,1.449729
29262,-3.326140,1.781812
29263,-2.892753,0.440071
29264,-2.700489,1.826239
29265,-3.158125,1.579063
29266,-2.336959,1.449729
29267,-2.873202,0.400969
29268,-3.427775,0.988831
29269,-3.824265,1.781812
29270,-3.658223,1.449729
29271,-1.661706,-1.634021
29272,-1.811776,-1.721883
29273,-0.821489,0.440071
29274,-1.833963,0.093187
29275,-3.822291,1.911146
29276,-3.246980,1.623490
29277,-3.365341,0.730682
29278,-2.431855,0.900969
29279,-3.490208,1.246980
29280,-2.700489,1.826239
29281,-3.911146,1.955573
29282,-2.002903,1.911146
29283,-2.242359,1.781812
29284,-2.777479,-0.445042
29285,-3.658223,1.449729
29286,-1.849772,0.733052
29287,-3.333174,1.320914
29288,-1.171501,-0.623490
29289,-0.650969,0.099031
29290,-3.268248,1.579063
29291,-2.109756,0.123490
29292,-1.789708,1.246980
29293,-3.462508,1.191580
29294,-2.872277,1.781812
29295,-2.964384,1.191580
29296,-3.051264,1.365341
29297,-3.692957,1.652478
29298,-3.650504,1.955573
29299,-1.577747,-1.801938
29300,-1.647948,-0.445042
29301,-2.635719,0.400969
29302,-1.475625,-0.623490
29303,-1.801938,0.900969
29304,-3.824265,1.781812
29305,-3.478716,2.000000
29306,-2.793116,1.623490
29307,-2.793116,1.623490
29308,-2.941449,0.149460
29309,-1.492359,1.781812
29310,-2.717704,0.698220
29311,-0.309692,0.455573
29312,-1.207436,0.603718
29313,-0.373022,1.074730
29314,-2.873202,0.400969
29315,-3.333174,1.320914
29316,-2.859464,-0.147791
29317,-2.883745,1.030303
29318,-1.801938,0.900969
29319,-3.826239,1.652478
29320,-3.158125,1.579063
29321,-1.978621,0.733052
29322,-3.324167,1.911146
29323,-1.551584,-1.634021
29324,-3.167133,0.988831
29325,-3.528889,1.579063
29326,-3.246980,1.623490
29327,-2.938128,0.142820
29328,-3.065499,1.781812
29329,-2.235810,0.730682
29330,-3.694931,1.911146
29331,-3.563623,1.781812
29332,-1.845869,0.988831
29333,-3.563623,1.781812
29334,-1.593993,0.988831
29335,-3.268248,1.579063
29336,-1.462714,0.222521
29337,-2.394628,0.440071
29338,-1.713557,-0.535628
29339,-2.526723,-0.425270
29340,-3.955573,1.911146
29341,-1.878417,-1.721883
29342,-1.466104,0.733052
29343,-3.652478,1.826239
29344,-3.158125,1.579063
29345,-1.922262,1.652478
29346,-1.088404,-0.914101
29347,-1.988459,-1.889800
29348,-1.762008,1.191580
29349,-3.650504,1.955573
29350,0.546495,0.777479
29351,-2.349870,0.603718
29352,-3.652478,1.826239
29353,-2.706235,1.449729
29354,-1.978621,0.733052
29355,-2.730682,1.365341
29356,-2.730682,1.365341
29357,-1.254687,0.698220
29358,-2.837543,1.579063
29359,-3.268248,1.579063
29360,-0.867905,1.365341
29361,-1.005460,-0.955573
29362,-2.394628,0.440071
29363,-2.993868,1.030303
29364,-3.246980,1.623490
29365,-3.088468,0.698220
29366,-1.592048,0.093187
29367,-3.563623,1.781812
29368,-3.658223,1.449729
29369,-2.872277,1.781812
29370,-1.466104,0.733052
29371,-3.158125,1.579063
29372,-3.490208,1.246980
29373,-2.641828,1.320914
29374,-3.153395,0.440071
29375,-0.285640,0.142820
29376,-4.000000,2.000000
29377,-3.656250,1.579063
29378,-3.652478,1.826239
29379,-3.650504,1.955573
29380,-3.824265,1.781812
29381,-2.343556,-0.658322
29382,-3.658223,1.449729
29383,-0.735570,1.191580
29384,-3.658223,1.449729
29385,-3.656250,1.579063
29386,-1.858780,0.142820
29387,-1.773241,0.455573
29388,-1.773241,0.455573
29389,-2.635719,0.400969
29390,-1.557314,-0.109562
29391,-1.357582,-1.634021
29392,-1.309583,-0.955573
29393,0.022585,0.054604
29394,-3.158125,1.579063
29395,-2.261572,-0.955573
29396,-3.167133,0.988831
29397,-1.944528,-1.977662
29398,-2.038874,-1.400969
29399,-1.855707,-1.634021
29400,-2.272552,1.320914
29401,-2.144490,0.326239
29402,-3.822291,1.911146
29403,-3.161387,1.365341
29404,-3.563623,1.781812
29405,-2.872277,1.781812
29406,-3.365341,0.730682
29407,-3.650504,1.955573
29408,-2.899457,1.449729
29409,-3.822291,1.911146
29410,-3.158125,1.579063
29411,-3.652478,1.826239
29412,-3.824265,1.781812
29413,-3.563623,1.781812
29414,-0.801938,0.400969
29415,-2.706235,1.449729
29416,-1.127350,1.826239
29417,-2.654083,-0.425270
29418,-3.650504,1.955573
29419,-2.256195,-0.445042
29420,-1.988459,-1.889800
29421,-3.658223,1.449729
29422,-3.650504,1.955573
29423,-0.256645,0.142820
29424,-2.892753,0.440071
29425,-3.462508,1.191580
29426,-2.347897,0.733052
29427,-2.526723,-0.425270
29428,-0.388818,-0.425270
29429,-2.873202,0.400969
29430,-2.015156,0.455573
29431,-1.420728,1.030303
29432,-0.066833,-1.233052
29433,2.378259,-1.889800
29434,-2.060606,1.030303
29435,-3.656250,1.579063
29436,-3.656250,1.579063
29437,-3.158125,1.579063
29438,-3.324167,1.911146
29439,-2.899457,1.449729
29440,-3.304955,1.652478
29441,-1.926590,-0.109562
29442,-3.158125,1.579063
29443,-3.563623,1.781812
29444,-3.335148,1.191580
29445,-3.650504,1.955573
29446,-2.872277,1.781812
29447,-1.607199,0.123490
29448,-0.521367,-0.277479
29449,-3.123202,0.900969
29450,-2.730682,1.365341
29451,-3.822291,1.911146
29452,-3.911146,1.955573
29453,-4.000000,2.000000
29454,-0.521367,-0.277479
29455,-1.878417,-1.721883
29456,-1.507653,-1.721883
29457,-3.074730,0.149460
29458,-3.051264,1.365341
29459,-2.261572,-0.955573
29460,-2.654083,-0.425270
29461,-2.144490,0.326239
29462,-2.431855,0.900969
29463,-0.431016,0.698220
29464,-1.977662,0.988831
29465,-3.065499,1.781812
29466,-3.563623,1.781812
29467,-3.167133,0.988831
29468,-1.878417,-1.721883
29469,-1.413198,1.623490
29470,-3.335148,1.191580
29471,-3.650504,1.955573
29472,-3.324167,1.911146
29473,-2.780575,0.603718
29474,-1.225625,-1.123490
29475,-3.335148,1.191580
29476,-3.824265,1.781812
29477,-1.933731,0.900969
29478,-1.397882,0.603718
29479,-2.938128,0.142820
29480,-2.793116,1.623490
29481,-1.574293,-1.721883
29482,-2.859464,-0.147791
29483,-2.993868,1.030303
29484,-3.528889,1.579063
29485,-3.051264,1.365341
29486,-3.824265,1.781812
29487,-0.578811,-0.162592
29488,-3.528889,1.579063
29489,-0.855884,0.733052
29490,-2.394628,0.440071
29491,-1.845869,0.988831
29492,-2.337712,0.326239
29493,-2.964384,1.191580
29494,-3.866718,2.000000
29495,-3.051264,1.365341
29496,-3.065499,1.781812
29497,-1.988459,-1.889800
29498,-3.694931,1.911146
29499,-3.246980,1.623490
29500,-1.960449,1.826239
29501,-3.427775,0.988831
29502,-3.528889,1.579063
29503,-3.623490,1.246980
29504,-3.102206,1.246980
29505,-2.116349,-1.634021
29506,-3.658223,1.449729
29507,-2.810768,0.142820
29508,-3.490208,1.246980
29509,-2.493959,1.246980
29510,-3.650504,1.955573
29511,-3.658223,1.449729
29512,-2.181855,0.400969
29513,-1.474108,-1.400969
29514,-1.955475,-0.826239
29515,-1.717542,-0.914101
29516,-1.039051,0.266948
29517,-3.152379,1.955573
29518,-2.883745,1.030303
29519,-3.167133,0.988831
29520,-3.911146,1.955573
29521,-3.333174,1.320914
29522,-3.911146,1.955573
29523,-3.152379,1.955573
29524,-2.349870,0.603718
29525,-3.650504,1.955573
29526,-3.335148,1.191580
29527,-2.518736,1.074730
29528,-2.706235,1.449729
29529,-3.335148,1.191580
29530,-3.824265,1.781812
29531,-3.478716,2.000000
29532,-3.658223,1.449729
29533,-2.347897,0.733052
29534,-2.874250,1.652478
29535,-3.484462,1.623490
29536,-3.123202,0.900969
29537,-3.826239,1.652478
29538,-3.397582,1.449729
29539,-3.161387,1.365341
29540,-2.874250,1.652478
29541,-3.563623,1.781812
29542,-3.563623,1.781812
29543,-3.822291,1.911146
29544,-3.095692,1.320914
29545,-2.385621,1.030303
29546,-3.658223,1.449729
29547,-2.343556,-0.658322
29548,-2.810768,0.142820
29549,-2.730682,1.365341
29550,-2.826042,1.911146
29551,-3.563623,1.781812
29552,-2.810768,0.142820
29553,-3.652478,1.826239
29554,-3.304955,1.652478
29555,-0.967322,0.123490
29556,-0.764573,0.326239
29557,-3.095692,1.320914
29558,-1.717979,0.733052
29559,-2.208111,1.449729
29560,-3.427775,0.988831
29561,-1.977662,0.988831
29562,-3.658223,1.449729
29563,-3.658223,1.449729
29564,-2.109756,0.123490
29565,-3.194833,1.652478
29566,-3.462508,1.191580
29567,-1.824442,1.449729
29568,-3.779838,1.826239
29569,-3.246980,1.623490
29570,-2.899457,1.449729
29571,-1.254687,0.698220
29572,-2.635719,0.400969
29573,-2.964384,1.191580
29574,-3.232059,0.730682
29575,-1.978716,-1.000000
29576,-2.526723,-0.425270
29577,-3.123202,0.900969
29578,-2.873202,0.400969
29579,-0.241532,0.054604
29580,-1.574735,-0.425270
29581,-3.650504,1.955573
29582,-2.892753,0.440071
29583,-1.634892,-0.826239
29584,-1.308725,-1.123490
29585,0.142962,-1.488831
29586,0.064088,-0.425270
29587,-0.866720,-1.233052
29588,-1.845869,0.988831
29589,-2.109756,0.123490
29590,-3.051264,1.365341
29591,-1.695108,1.579063
29592,-0.487094,0.603718
29593,-2.540461,0.123490
29594,-3.528889,1.579063
29595,-3.694931,1.911146
29596,-1.977662,0.988831
29597,-2.563163,1.030303
29598,-2.181855,0.400969
29599,-2.431855,0.900969
29600,-3.462508,1.191580
29601,-1.558067,-1.233052
29602,-2.261572,-0.955573
29603,-3.397582,1.449729
29604,-2.060606,1.030303
29605,-3.911146,1.955573
29606,-2.060606,1.030303
29607,-3.822291,1.911146
29608,-1.397882,0.603718
29609,-3.484462,1.623490
29610,-2.337712,0.326239
29611,-2.670453,0.603718
29612,-1.801938,0.900969
29613,-3.692957,1.652478
29614,-3.866718,2.000000
29615,-3.434289,1.911146
29616,-3.065499,1.781812
29617,-3.326140,1.781812
29618,-1.760035,1.320914
29619,-3.824265,1.781812
29620,-2.181855,0.400969
29621,-0.709168,-0.914101
29622,-1.574293,-1.721883
29623,-2.098256,0.455573
29624,-3.304955,1.652478
29625,0.146956,0.149460
29626,-0.246980,0.123490
29627,-1.652210,-0.658322
29628,-3.167133,0.988831
29629,-1.713557,-0.535628
29630,-2.155959,-0.425270
29631,-1.231001,-1.634021
29632,-0.305503,-0.367711
29633,-1.394005,0.455573
29634,-1.132335,-0.826239
29635,-3.824265,1.781812
29636,-1.965750,-1.801938
29637,-3.484462,1.623490
29638,-3.822291,1.911146
29639,-3.335148,1.191580
29640,-2.394628,0.440071
29641,-2.349870,0.603718
29642,-1.588247,1.365341
29643,-1.762008,1.191580
29644,-3.658223,1.449729
29645,-1.550062,0.900969
29646,-1.557314,-0.109562
29647,-2.635719,0.400969
29648,-3.528889,1.579063
29649,-3.434289,1.911146
29650,-1.011473,1.652478
29651,-3.824265,1.781812
29652,-3.955573,1.911146
29653,-3.123202,0.900969
29654,-2.347897,0.733052
29655,-2.541119,0.733052
29656,-3.232059,0.730682
29657,-2.793116,1.623490
29658,-2.576901,1.579063
29659,-3.281713,1.826239
29660,-2.461033,1.955573
29661,-3.563623,1.781812
29662,-3.779838,1.826239
29663,-2.461033,1.955573
29664,-2.670453,0.603718
29665,-3.232059,0.730682
29666,-2.670453,0.603718
29667,-2.184738,-0.367711
29668,-3.335148,1.191580
29669,-1.833963,0.093187
29670,-1.824442,1.449729
29671,-3.123202,0.900969
29672,-3.335148,1.191580
29673,-2.572099,-0.722521
29674,-1.855707,-1.634021
29675,-2.700489,1.826239
29676,-3.153395,0.440071
29677,-3.822291,1.911146
29678,-2.780575,0.603718
29679,-0.801938,0.400969
29680,-2.337712,0.326239
29681,-2.440004,0.142820
29682,-2.993868,1.030303
29683,-2.641828,1.320914
29684,-3.563623,1.781812
29685,-2.742943,1.911146
29686,-3.427775,0.988831
29687,-3.152379,1.955573
29688,-1.775215,0.326239
29689,-2.038874,-1.400969
29690,-2.106074,-0.658322
29691,-2.302521,1.030303
29692,-2.228125,1.365341
29693,-3.333174,1.320914
29694,-1.914041,-0.134659
29695,-1.890808,-0.955573
29696,-0.383297,0.099031
29697,-3.102206,1.246980
29698,-3.268248,1.579063
29699,0.117750,0.093187
29700,-1.762008,1.191580
29701,-1.864156,-0.367711
29702,-1.423694,-1.889800
29703,1.167563,-1.000000
29704,-1.308725,-1.123490
29705,-3.658223,1.449729
29706,-3.434289,1.911146
29707,-2.641828,1.320914
29708,-3.955573,1.911146
29709,-3.434289,1.911146
29710,-3.650504,1.955573
29711,-2.576901,1.579063
29712,-0.569543,-0.955573
29713,-3.955573,1.911146
29714,-3.528889,1.579063
29715,-3.528889,1.579063
29716,-2.235810,0.730682
29717,-2.641828,1.320914
29718,-2.964384,1.191580
29719,-2.184738,-0.367711
29720,-2.644197,-0.445042
29721,-2.892753,0.440071
29722,-1.261910,1.320914
29723,-3.088468,0.698220
29724,-3.658223,1.449729
29725,-3.528889,1.579063
29726,-3.911146,1.955573
29727,-3.232059,0.730682
29728,-3.102206,1.246980
29729,-3.658223,1.449729
29730,-3.824265,1.781812
29731,-3.779838,1.826239
29732,-3.779838,1.826239
29733,-3.779838,1.826239
29734,-3.779838,1.826239
29735,-3.333174,1.320914
29736,-1.794458,-1.889800
29737,-3.779838,1.826239
29738,-3.281713,1.826239
29739,-2.669008,0.988831
29740,-3.563623,1.781812
29741,-3.955573,1.911146
29742,-1.928302,-1.488831
29743,-1.934194,0.777479
29744,0.253099,0.326239
29745,-3.268248,1.579063
29746,-3.462508,1.191580
29747,-2.015156,0.455573
29748,-0.319126,-0.162592
29749,-2.383160,1.191580
29750,-0.779516,-0.535628
29751,-2.011910,1.320914
29752,-3.232059,0.730682
29753,-3.528889,1.579063
29754,-2.670453,0.603718
29755,-1.006419,-1.211352
29756,-0.939778,-1.211352
29757,-0.728444,-1.634021
29758,-1.423694,-1.889800
29759,-2.367905,-0.134659
29760,-1.914041,-0.134659
29761,-1.423694,-1.889800
29762,-3.397582,1.449729
29763,-3.650504,1.955573
29764,-3.652478,1.826239
29765,-0.689843,0.400969
29766,-2.374152,1.781812
29767,-1.413419,-0.914101
29768,-1.634892,-0.826239
29769,-3.123202,0.900969
29770,-2.563163,1.030303
29771,-1.558067,-1.233052
29772,-3.824265,1.781812
29773,-2.938128,0.142820
29774,-3.462508,1.191580
29775,-1.960449,1.826239
29776,-2.938128,0.142820
29777,-3.563623,1.781812
29778,-2.005777,-1.721883
29779,-2.670453,0.603718
29780,-3.694931,1.911146
29781,-1.118740,0.142820
29782,-2.461033,1.955573
29783,-2.837543,1.579063
29784,0.027479,0.777479
29785,-0.643478,-0.033258
29786,-3.911146,1.955573
29787,-3.333174,1.320914
29788,-2.383160,1.191580
29789,-3.158125,1.579063
29790,-3.824265,1.781812
29791,-2.635719,0.400969
29792,-1.922262,1.652478
29793,-3.123202,0.900969
29794,-0.520157,-0.162592
29795,-2.859464,-0.147791
29796,-3.281713,1.826239
29797,-3.167133,0.988831
29798,-1.928302,-1.488831
29799,-0.366526,-1.466104
29800,-2.938128,0.142820
29801,-1.050429,1.652478
29802,-3.246980,1.623490
29803,-3.462508,1.191580
29804,-2.635719,0.400969
29805,-1.168783,-0.365341
29806,-2.780575,0.603718
29807,-3.304955,1.652478
29808,-3.161387,1.365341
29809,-2.873202,0.400969
29810,-1.406715,-0.277479
29811,-1.207436,0.603718
29812,-3.911146,1.955573
29813,-1.824442,1.449729
29814,-2.899457,1.449729
29815,-3.658223,1.449729
29816,-2.605388,-0.134659
29817,-2.336959,1.449729
29818,-2.144490,0.326239
29819,-1.574293,-1.721883
29820,-1.300576,-0.365341
29821,-2.837543,1.579063
29822,-2.837543,1.579063
29823,-3.427775,0.988831
29824,-2.669008,0.988831
29825,-3.866718,2.000000
29826,-3.692957,1.652478
29827,-3.911146,1.955573
29828,-3.051264,1.365341
29829,-2.598822,-0.147791
29830,-1.647948,-0.445042
29831,-2.116349,-1.634021
29832,-1.210838,0.222521
29833,-3.658223,1.449729
29834,-3.158125,1.579063
29835,-2.598822,-0.147791
29836,-3.650504,1.955573
29837,-3.490208,1.246980
29838,-1.771749,-1.801938
29839,-3.158125,1.579063
29840,-3.304955,1.652478
29841,-3.158125,1.579063
29842,-2.541119,0.733052
29843,-2.635719,0.400969
29844,-3.123202,0.900969
29845,-3.333174,1.320914
29846,-2.383160,1.191580
29847,-3.822291,1.911146
29848,-3.065499,1.781812
29849,-1.022292,-0.658322
29850,0.073974,-0.445042
29851,-1.683887,-1.977662
29852,-3.563623,1.781812
29853,-3.652478,1.826239
29854,-2.635719,0.400969
29855,-1.396440,0.698220
29856,-0.810020,1.191580
29857,-0.911146,0.455573
29858,-3.563623,1.781812
29859,-2.641828,1.320914
29860,-2.730682,1.365341
29861,-0.168606,-0.033258
29862,-2.261572,-0.955573
29863,-3.824265,1.781812
29864,-4.000000,2.000000
29865,-3.158125,1.579063
29866,-2.493959,1.246980
29867,-2.872277,1.781812
29868,-1.978621,0.733052
29869,-1.634892,-0.826239
29870,-3.153395,0.440071
29871,-1.445133,0.698220
29872,-3.051264,1.365341
29873,-1.003761,1.579063
29874,-3.824265,1.781812
29875,-2.892753,0.440071
29876,-2.872277,1.781812
29877,-1.977662,0.988831
29878,-3.650504,1.955573
29879,-2.837543,1.579063
29880,-3.563623,1.781812
29881,-3.658223,1.449729
29882,-3.065499,1.781812
29883,-3.268248,1.579063
29884,-2.873202,0.400969
29885,-1.121986,-0.722521
29886,-3.088468,0.698220
29887,-3.528889,1.579063
29888,-3.462508,1.191580
29889,-3.650504,1.955573
29890,-3.484462,1.623490
29891,-3.462508,1.191580
29892,-1.960449,1.826239
29893,-3.824265,1.781812
29894,-3.326140,1.781812
29895,-1.847313,0.603718
29896,-0.179571,1.191580
29897,-3.866718,2.000000
29898,-3.528889,1.579063
29899,-3.694931,1.911146
29900,-3.194833,1.652478
29901,-2.872277,1.781812
29902,-3.694931,1.911146
29903,-1.394005,0.455573
29904,-2.141244,1.191580
29905,-0.553817,0.440071
29906,-2.461033,1.955573
29907,-2.993868,1.030303
29908,-3.102206,1.246980
29909,-2.742943,1.911146
29910,-1.279149,1.191580
29911,-3.326140,1.781812
29912,-2.109756,0.123490
29913,-2.099031,-1.801938
29914,-3.694931,1.911146
29915,-3.563623,1.781812
29916,-3.462508,1.191580
29917,-2.711958,1.074730
29918,-3.427775,0.988831
29919,-3.563623,1.781812
29920,-3.484462,1.623490
29921,-3.528889,1.579063
29922,-1.027479,-0.277479
29923,-2.964384,1.191580
29924,-2.711958,1.074730
29925,-2.641828,1.320914
29926,-3.397582,1.449729
29927,-3.866718,2.000000
29928,-2.899457,1.449729
29929,-3.434289,1.911146
29930,-2.870469,2.000000
29931,-3.824265,1.781812
29932,-1.636943,1.074730
29933,-2.576901,1.579063
29934,-3.528889,1.579063
29935,-1.492359,1.781812
29936,-0.458468,1.320914
29937,0.182671,0.730682
29938,-0.408062,-0.162592
29939,-3.167133,0.988831
29940,-0.039708,-1.123490
29941,-2.371693,1.652478
29942,-3.911146,1.955573
29943,-3.232059,0.730682
29944,-3.434289,1.911146
29945,-2.540461,0.123490
29946,-2.598822,-0.147791
29947,-2.337712,0.326239
29948,-3.563623,1.781812
29949,-3.152379,1.955573
29950,-2.635719,0.400969
29951,-3.194833,1.652478
29952,-3.658223,1.449729
29953,-3.824265,1.781812
29954,-3.333174,1.320914
29955,-2.899457,1.449729
29956,-3.779838,1.826239
29957,-2.706235,1.449729
29958,-3.326140,1.781812
29959,-3.051264,1.365341
29960,-3.866718,2.000000
29961,-3.650504,1.955573
29962,-3.427775,0.988831
29963,-2.440004,0.142820
29964,-3.102206,1.246980
29965,-1.960449,1.826239
29966,-3.194833,1.652478
29967,-2.885719,0.900969
29968,-3.650504,1.955573
29969,-1.960449,1.826239
29970,-3.563623,1.781812
29971,-3.167133,0.988831
29972,-3.153395,0.440071
29973,-2.526723,-0.425270
29974,-2.742943,1.911146
29975,-2.837543,1.579063
29976,-3.281713,1.826239
29977,-1.934194,0.777479
29978,-3.692957,1.652478
29979,-3.779838,1.826239
29980,-3.911146,1.955573
29981,-2.141244,1.191580
29982,-2.518736,1.074730
29983,-2.793116,1.623490
29984,-1.466104,0.733052
29985,-2.208111,1.449729
29986,-1.574293,-1.721883
29987,-2.641828,1.320914
29988,-2.051596,1.911146
29989,-2.208111,1.449729
29990,-3.462508,1.191580
29991,-3.397582,1.449729
29992,-1.262697,0.326239
29993,-3.152379,1.955573
29994,-1.254687,0.698220
29995,-0.734763,-0.722521
29996,-3.563623,1.781812
29997,-3.326140,1.781812
29998,-2.711958,1.074730
29999,-2.461033,1.955573
30000,-2.141244,1.191580
30001,-2.641828,1.320914
30002,-3.911146,1.955573
30003,-2.235810,0.730682
30004,-1.733246,0.500000
30005,-3.427775,0.988831
30006,-3.911146,1.955573
30007,-2.711958,1.074730
30008,-3.333174,1.320914
30009,-2.336959,1.449729
30010,-2.964384,1.191580
30011,-2.669008,0.988831
30012,-1.824442,1.449729
30013,-3.650504,1.955573
30014,-3.232059,0.730682
30015,-3.427775,0.988831
30016,-2.311457,-0.722521
30017,-1.593993,0.988831
30018,-3.694931,1.911146
30019,-3.694931,1.911146
30020,-2.793116,1.623490
30021,-0.642527,-0.914101
30022,-1.170844,-1.233052
30023,-1.668109,-1.400969
30024,-1.762008,1.191580
30025,-2.383160,1.191580
30026,0.872832,0.733052
30027,-0.022037,-0.623490
30028,-2.873202,0.400969
30029,-0.121614,-1.123490
30030,-0.864659,-0.365341
30031,0.174686,0.054604
30032,-3.246980,1.623490
30033,-3.478716,2.000000
30034,-3.652478,1.826239
30035,-3.490208,1.246980
30036,-3.650504,1.955573
30037,-3.326140,1.781812
30038,-3.652478,1.826239
30039,-3.822291,1.911146
30040,-0.260824,0.093187
30041,-1.330319,-0.914101
30042,-2.837543,1.579063
30043,-0.560521,1.449729
30044,-1.801938,0.900969
30045,-2.374152,1.781812
30046,-3.563623,1.781812
30047,-3.326140,1.781812
30048,-3.911146,1.955573
30049,0.016102,0.455573
30050,-1.270918,0.730682
30051,-2.430339,0.123490
30052,-1.771749,-1.801938
30053,-3.478716,2.000000
30054,-0.098933,1.030303
30055,-1.652210,-0.658322
30056,-1.965750,-1.801938
30057,-1.409351,-0.147791
30058,-3.658223,1.449729
30059,-3.051264,1.365341
30060,-0.434577,-0.109562
30061,-0.299901,-1.211352
30062,-2.598822,-0.147791
30063,-3.824265,1.781812
30064,0.128724,-0.033258
30065,-3.650504,1.955573
30066,-2.635719,0.400969
30067,-1.775215,0.326239
30068,-2.347897,0.733052
30069,-3.528889,1.579063
30070,-3.427775,0.988831
30071,-3.563623,1.781812
30072,-3.434289,1.911146
30073,-3.528889,1.579063
30074,-3.563623,1.781812
30075,-3.333174,1.320914
30076,-3.528889,1.579063
30077,-3.911146,1.955573
30078,-2.670453,0.603718
30079,-3.955573,1.911146
30080,-3.051264,1.365341
30081,-3.528889,1.579063
30082,-2.272552,1.320914
30083,-3.650504,1.955573
30084,-3.528889,1.579063
30085,-3.528889,1.579063
30086,-3.281713,1.826239
30087,-3.051264,1.365341
30088,-3.333174,1.320914
30089,-3.911146,1.955573
30090,-3.462508,1.191580
30091,-2.859464,-0.147791
30092,-3.650504,1.955573
30093,-2.859464,-0.147791
30094,-1.413198,1.623490
30095,-3.563623,1.781812
30096,-3.397582,1.449729
30097,-2.964384,1.191580
30098,-2.598822,-0.147791
30099,-2.526723,-0.425270
30100,-3.123202,0.900969
30101,-3.281713,1.826239
30102,-3.281713,1.826239
30103,-2.885719,0.900969
30104,-1.855707,-1.634021
30105,-1.574293,-1.721883
30106,-3.304955,1.652478
30107,-2.493959,1.246980
30108,-2.011910,1.320914
30109,-3.333174,1.320914
30110,-3.824265,1.781812
30111,-3.158125,1.579063
30112,-3.484462,1.623490
30113,-2.060606,1.030303
30114,-3.152379,1.955573
30115,-3.427775,0.988831
30116,-2.669008,0.988831
30117,-2.119812,-0.109562
30118,-3.335148,1.191580
30119,-2.892753,0.440071
30120,-3.333174,1.320914
30121,-3.304955,1.652478
30122,-2.892753,0.440071
30123,-3.335148,1.191580
30124,-3.324167,1.911146
30125,-3.490208,1.246980
30126,-3.911146,1.955573
30127,-1.762008,1.191580
30128,-2.711958,1.074730
30129,-1.921819,-1.889800
30130,-1.027479,-0.277479
30131,-1.280886,-1.400969
30132,-2.872277,1.781812
30133,-1.551012,1.781812
30134,-3.652478,1.826239
30135,-3.563623,1.781812
30136,-2.700489,1.826239
30137,-1.225625,-1.123490
30138,-1.231001,-1.634021
30139,-3.194833,1.652478
30140,-3.528889,1.579063
30141,-3.650504,1.955573
30142,-2.892753,0.440071
30143,-2.835050,1.320914
30144,-2.696708,1.652478
30145,-3.824265,1.781812
30146,-3.911146,1.955573
30147,-3.434289,1.911146
30148,-2.136480,0.698220
30149,-2.706235,1.449729
30150,-2.336959,1.449729
30151,-1.254687,0.698220
30152,-2.669008,0.988831
30153,-2.540461,0.123490
30154,-1.713557,-0.535628
30155,-3.215828,0.698220
30156,-3.427775,0.988831
30157,-3.246980,1.623490
30158,-3.365341,0.730682
30159,-2.598822,-0.147791
30160,-0.650969,0.099031
30161,-3.650504,1.955573
30162,0.295582,-0.147791
30163,-1.652210,-0.658322
30164,-2.110972,-1.123490
30165,-3.694931,1.911146
30166,-3.434289,1.911146
30167,-2.635719,0.400969
30168,-3.434289,1.911146
30169,-3.692957,1.652478
30170,-1.977662,0.988831
30171,-2.440004,0.142820
30172,-1.762918,-1.211352
30173,-2.563163,1.030303
30174,-1.847313,0.603718
30175,-2.242359,1.781812
30176,-3.692957,1.652478
30177,-2.641828,1.320914
30178,-2.873202,0.400969
30179,-2.440004,0.142820
30180,-2.899457,1.449729
30181,-3.528889,1.579063
30182,-3.694931,1.911146
30183,-1.072099,0.777479
30184,-2.641828,1.320914
30185,-3.326140,1.781812
30186,-2.669008,0.988831
30187,-3.528889,1.579063
30188,-3.246980,1.623490
30189,-3.397582,1.449729
30190,-2.873202,0.400969
30191,-3.397582,1.449729
30192,-2.141244,1.191580
30193,-2.742943,1.911146
30194,-3.779838,1.826239
30195,-3.065499,1.781812
30196,-3.563623,1.781812
30197,-2.873202,0.400969
30198,-3.326140,1.781812
30199,-2.461033,1.955573
30200,-1.072099,0.777479
30201,-3.528889,1.579063
30202,-0.602063,-0.162592
30203,-3.692957,1.652478
30204,-3.528889,1.579063
30205,-3.268248,1.579063
30206,-1.775215,0.326239
30207,-2.872277,1.781812
30208,-3.650504,1.955573
30209,-1.022292,-0.658322
30210,-3.333174,1.320914
30211,-1.534266,-1.801938
30212,-2.440004,0.142820
30213,-3.824265,1.781812
30214,-3.088468,0.698220
30215,-2.141244,1.191580
30216,-3.528889,1.579063
30217,-2.899457,1.449729
30218,-3.692957,1.652478
30219,-3.658223,1.449729
30220,0.727963,-0.623490
30221,-0.001595,-0.425270
30222,-1.977662,0.988831
30223,-3.955573,1.911146
30224,-3.333174,1.320914
30225,-3.955573,1.911146
30226,-2.302521,1.030303
30227,-3.563623,1.781812
30228,-2.669008,0.988831
30229,-2.576901,1.579063
30230,-2.011910,1.320914
30231,-1.978621,0.733052
30232,-2.440004,0.142820
30233,-3.824265,1.781812
30234,-3.824265,1.781812
30235,-3.694931,1.911146
30236,-3.065499,1.781812
30237,-2.696708,1.652478
30238,-2.837543,1.579063
30239,-2.302521,1.030303
30240,-1.934194,0.777479
30241,-2.670453,0.603718
30242,-3.658223,1.449729
30243,-1.303596,-1.488831
30244,0.554958,-0.277479
30245,-0.756100,1.955573
30246,-1.801938,0.900969
30247,-3.563623,1.781812
30248,-2.826042,1.911146
30249,-3.153395,0.440071
30250,-3.478716,2.000000
30251,-3.826239,1.652478
30252,-3.304955,1.652478
30253,-3.397582,1.449729
30254,-3.652478,1.826239
30255,-3.911146,1.955573
30256,-3.658223,1.449729
30257,-1.978621,0.733052
30258,-3.246980,1.623490
30259,-3.095692,1.320914
30260,-3.158125,1.579063
30261,-3.326140,1.781812
30262,-2.155959,-0.425270
30263,-2.717704,0.698220
30264,-3.824265,1.781812
30265,-3.324167,1.911146
30266,-1.300576,-0.365341
30267,-0.195054,-1.801938
30268,-3.623490,1.246980
30269,-3.281713,1.826239
30270,-3.065499,1.781812
30271,-3.911146,1.955573
30272,-3.232059,0.730682
30273,-3.333174,1.320914
30274,-3.911146,1.955573
30275,-0.650969,0.099031
30276,-3.911146,1.955573
30277,-3.268248,1.579063
30278,-3.694931,1.911146
30279,-1.413198,1.623490
30280,-3.824265,1.781812
30281,-3.153395,0.440071
30282,-3.911146,1.955573
30283,-3.528889,1.579063
30284,-2.540461,0.123490
30285,-1.760035,1.320914
30286,-2.641828,1.320914
30287,-3.824265,1.781812
30288,-2.777479,-0.445042
30289,-3.335148,1.191580
30290,-3.822291,1.911146
30291,-3.246980,1.623490
30292,-3.158125,1.579063
30293,-2.883745,1.030303
30294,-3.065499,1.781812
30295,-2.347897,0.733052
30296,-3.824265,1.781812
30297,-4.000000,2.000000
30298,-2.394628,0.440071
30299,-1.928302,-1.488831
30300,-2.563163,1.030303
30301,-3.528889,1.579063
30302,-2.669008,0.988831
30303,-2.964384,1.191580
30304,-2.149460,1.074730
30305,-2.388932,-0.955573
30306,-0.447472,-0.425270
30307,-3.658223,1.449729
30308,-2.572099,-0.722521
30309,-3.397582,1.449729
30310,-3.281713,1.826239
30311,-0.584824,-0.033258
30312,-0.911146,0.455573
30313,-2.635719,0.400969
30314,-3.158125,1.579063
30315,-2.334986,1.579063
30316,-2.541119,0.733052
30317,-2.011910,1.320914
30318,-1.474108,-1.400969
30319,-1.248319,-1.466104
30320,-0.305503,-0.367711
30321,0.437420,0.400969
30322,-2.431855,0.900969
30323,-2.654083,-0.425270
30324,-2.430339,0.123490
30325,-1.811776,-1.721883
30326,-2.430339,0.123490
30327,-1.396440,0.698220
30328,-3.911146,1.955573
30329,-2.163198,1.623490
30330,-3.161387,1.365341
30331,-3.167133,0.988831
30332,-2.826042,1.911146
30333,-2.641828,1.320914
30334,-2.872277,1.781812
30335,-2.717704,0.698220
30336,-3.652478,1.826239
30337,-2.110972,-1.123490
30338,-0.298920,0.149460
30339,-2.110972,-1.123490
30340,-2.100697,-0.147791
30341,-1.170753,0.149460
30342,-2.149460,1.074730
30343,-3.051264,1.365341
30344,-3.694931,1.911146
30345,-3.528889,1.579063
30346,-2.872277,1.781812
30347,-3.694931,1.911146
30348,-3.397582,1.449729
30349,-3.281713,1.826239
30350,-0.563340,0.698220
30351,-2.431855,0.900969
30352,-0.969501,-1.801938
30353,-2.060606,1.030303
30354,-2.899457,1.449729
30355,-3.333174,1.320914
30356,-2.541119,0.733052
30357,-1.855707,-1.634021
30358,-3.656250,1.579063
30359,-2.208111,1.449729
30360,-3.563623,1.781812
30361,-2.859464,-0.147791
30362,-3.652478,1.826239
30363,-3.650504,1.955573
30364,-2.383160,1.191580
30365,-3.652478,1.826239
30366,-3.650504,1.955573
30367,-2.005777,-1.721883
30368,-1.634892,-0.826239
30369,-2.106074,-0.658322
30370,-1.731730,-0.277479
30371,-1.717979,0.733052
30372,-3.824265,1.781812
30373,-2.810768,0.142820
30374,-3.215828,0.698220
30375,-1.864156,-0.367711
30376,-1.225625,-1.123490
30377,-3.161387,1.365341
30378,-3.656250,1.579063
30379,-3.365341,0.730682
30380,-3.158125,1.579063
30381,-3.822291,1.911146
30382,-1.044797,-0.109562
30383,-0.285935,0.123490
30384,-1.978621,0.733052
30385,-0.861260,0.222521
30386,-1.794458,-1.889800
30387,-2.859464,-0.147791
30388,-1.601453,0.500000
30389,-2.696708,1.652478
30390,0.132628,0.222521
30391,-2.106074,-0.658322
30392,-1.847313,0.603718
30393,-2.872277,1.781812
30394,-3.779838,1.826239
30395,-3.194833,1.652478
30396,-2.892753,0.440071
30397,-3.153395,0.440071
30398,-2.181855,0.400969
30399,-2.837543,1.579063
30400,0.369625,0.093187
30401,-3.246980,1.623490
30402,-3.333174,1.320914
30403,-3.650504,1.955573
30404,-2.711958,1.074730
30405,-2.005777,-1.721883
30406,-3.563623,1.781812
30407,-2.163198,1.623490
30408,-2.964384,1.191580
30409,-2.563163,1.030303
30410,-3.955573,1.911146
30411,-2.109756,0.123490
30412,-0.336881,-0.826239
30413,-0.145365,0.011169
30414,-2.256195,-0.445042
30415,-2.892753,0.440071
30416,-2.730682,1.365341
30417,-2.635719,0.400969
30418,-2.780575,0.603718
30419,-2.899457,1.449729
30420,-0.911146,0.455573
30421,-0.219815,0.011169
30422,1.157242,-1.211352
30423,-0.938334,-0.826239
30424,-0.709168,-0.914101
30425,-1.977662,0.988831
30426,-3.095692,1.320914
30427,-3.462508,1.191580
30428,-3.397582,1.449729
30429,-3.528889,1.579063
30430,-3.246980,1.623490
30431,-3.824265,1.781812
30432,-1.934194,0.777479
30433,-3.088468,0.698220
30434,-2.563163,1.030303
30435,-1.636943,1.074730
30436,-3.692957,1.652478
30437,-3.194833,1.652478
30438,-3.484462,1.623490
30439,-2.576901,1.579063
30440,-2.141244,1.191580
30441,-3.232059,0.730682
30442,-3.051264,1.365341
30443,-3.955573,1.911146
30444,-3.462508,1.191580
30445,-2.837543,1.579063
30446,-3.694931,1.911146
30447,-1.789708,1.246980
30448,-3.281713,1.826239
30449,-3.824265,1.781812
30450,-1.592048,0.093187
30451,-2.228125,1.365341
30452,-3.650504,1.955573
30453,-2.670453,0.603718
30454,-3.434289,1.911146
30455,-2.374152,1.781812
30456,-2.793116,1.623490
30457,-3.658223,1.449729
30458,-2.696708,1.652478
30459,-2.837543,1.579063
30460,-3.152379,1.955573
30461,-3.563623,1.781812
30462,-3.484462,1.623490
30463,-3.911146,1.955573
30464,-3.692957,1.652478
30465,-2.964384,1.191580
30466,-2.605388,-0.134659
30467,-3.484462,1.623490
30468,-2.644197,-0.445042
30469,-2.711958,1.074730
30470,-3.563623,1.781812
30471,-3.692957,1.652478
30472,-3.650504,1.955573
30473,-1.934194,0.777479
30474,-3.167133,0.988831
30475,-3.281713,1.826239
30476,-2.670453,0.603718
30477,0.142962,-1.488831
30478,-1.634892,-0.826239
30479,-3.484462,1.623490
30480,-3.194833,1.652478
30481,-2.431855,0.900969
30482,0.001651,0.440071
30483,-1.409351,-0.147791
30484,-1.668109,-1.400969
30485,-2.383160,1.191580
30486,-3.152379,1.955573
30487,-1.945199,0.149460
30488,-2.383160,1.191580
30489,-1.773241,0.455573
30490,-1.945199,0.149460
30491,-1.717979,0.733052
30492,-3.650504,1.955573
30493,-3.652478,1.826239
30494,-1.284124,-0.134659
30495,-1.607199,0.123490
30496,-3.215828,0.698220
30497,-3.822291,1.911146
30498,-0.873502,-0.445042
30499,-2.493959,1.246980
30500,-3.215828,0.698220
30501,-2.431855,0.900969
30502,-2.038874,-1.400969
30503,-0.689843,0.400969
30504,-3.824265,1.781812
30505,-0.534124,-0.134659
30506,-2.056191,-1.233052
30507,-1.917063,0.093187
30508,-3.326140,1.781812
30509,-1.466104,0.733052
30510,-2.859464,-0.147791
30511,-1.011473,1.652478
30512,-3.563623,1.781812
30513,-2.337712,0.326239
30514,-3.167133,0.988831
30515,-3.528889,1.579063
30516,-3.824265,1.781812
30517,-2.337712,0.326239
30518,-3.779838,1.826239
30519,-2.141244,1.191580
30520,-2.635719,0.400969
30521,-2.742943,1.911146
30522,-3.911146,1.955573
30523,-2.144490,0.326239
30524,0.105995,1.955573
30525,-1.934194,0.777479
30526,-2.461033,1.955573
30527,-3.232059,0.730682
30528,-2.706235,1.449729
30529,-3.824265,1.781812
30530,-3.427775,0.988831
30531,-2.938128,0.142820
30532,-3.281713,1.826239
30533,-1.652210,-0.658322
30534,-1.557314,-0.109562
30535,-3.563623,1.781812
30536,-3.281713,1.826239
30537,-3.563623,1.781812
30538,-3.563623,1.781812
30539,-2.711958,1.074730
30540,-0.496114,1.320914
30541,-0.831764,-0.535628
30542,-2.993868,1.030303
30543,-2.553446,0.149460
30544,-3.167133,0.988831
30545,-0.415545,-0.535628
30546,1.234750,0.900969
30547,-2.730682,1.365341
30548,-3.652478,1.826239
30549,-2.641828,1.320914
30550,-3.824265,1.781812
30551,-0.538346,-1.889800
30552,-2.056191,-1.233052
30553,-2.242359,1.781812
30554,-2.780575,0.603718
30555,-3.911146,1.955573
30556,-2.060606,1.030303
30557,-3.152379,1.955573
30558,-2.892753,0.440071
30559,-3.158125,1.579063
30560,-2.168944,1.246980
30561,-1.652210,-0.658322
30562,-3.563623,1.781812
30563,-3.826239,1.652478
30564,-2.835050,1.320914
30565,-3.158125,1.579063
30566,-2.899457,1.449729
30567,-1.928302,-1.488831
30568,-2.964384,1.191580
30569,-2.641828,1.320914
30570,-2.742943,1.911146
30571,-3.528889,1.579063
30572,-1.824442,1.449729
30573,-2.635719,0.400969
30574,-1.236955,-1.488831
30575,-1.873040,-1.211352
30576,-1.551584,-1.634021
30577,-3.528889,1.579063
30578,-2.526723,-0.425270
30579,-2.706235,1.449729
30580,-3.692957,1.652478
30581,-3.123202,0.900969
30582,-3.911146,1.955573
30583,-3.281713,1.826239
30584,-3.484462,1.623490
30585,-3.051264,1.365341
30586,-3.563623,1.781812
30587,-0.445042,0.222521
30588,-3.194833,1.652478
30589,-2.051596,1.911146
30590,-0.880142,0.440071
30591,-1.280886,-1.400969
30592,-3.158125,1.579063
30593,-2.394628,0.440071
30594,-3.335148,1.191580
30595,-3.563623,1.781812
30596,-3.326140,1.781812
30597,-2.885719,0.900969
30598,-2.711958,1.074730
30599,-3.822291,1.911146
30600,-1.977662,0.988831
30601,-1.554958,0.777479
30602,0.888641,0.093187
30603,-3.692957,1.652478
30604,-2.576901,1.579063
30605,-2.873202,0.400969
30606,-3.434289,1.911146
30607,-3.152379,1.955573
30608,-2.696708,1.652478
30609,-1.977662,0.988831
30610,-3.779838,1.826239
30611,-2.144490,0.326239
30612,-2.500000,-1.000000
30613,-1.550062,0.900969
30614,-2.670453,0.603718
30615,-3.153395,0.440071
30616,-2.541119,0.733052
30617,-1.719513,1.246980
30618,-1.978716,-1.000000
30619,-3.281713,1.826239
30620,-1.789708,1.246980
30621,-0.709622,0.099031
30622,-2.540461,0.123490
30623,-2.540461,0.123490
30624,-3.102206,1.246980
30625,-3.153395,0.440071
30626,-3.167133,0.988831
30627,-3.563623,1.781812
30628,-2.388932,-0.955573
30629,-1.855707,-1.634021
30630,-3.281713,1.826239
30631,-1.977662,0.988831
30632,-2.644197,-0.445042
30633,-2.526723,-0.425270
30634,-3.779838,1.826239
30635,-1.811776,-1.721883
30636,-3.692957,1.652478
30637,-2.065597,-0.826239
30638,-2.261572,-0.955573
30639,-1.361599,-0.367711
30640,-3.692957,1.652478
30641,-3.397582,1.449729
30642,-2.696708,1.652478
30643,-2.518736,1.074730
30644,-0.966034,-0.162592
30645,-1.690819,-1.488831
30646,-0.367567,0.455573
30647,-2.038874,-1.400969
30648,-3.911146,1.955573
30649,-3.563623,1.781812
30650,-3.152379,1.955573
30651,-1.960449,1.826239
30652,-2.410859,1.246980
30653,-1.978716,-1.000000
30654,-0.336881,-0.826239
30655,-3.528889,1.579063
30656,-2.742943,1.911146
30657,-3.051264,1.365341
30658,-3.326140,1.781812
30659,-1.847313,0.603718
30660,-3.911146,1.955573
30661,-3.563623,1.781812
30662,-3.866718,2.000000
30663,-2.259209,0.777479
30664,-3.866718,2.000000
30665,-3.434289,1.911146
30666,-2.410859,1.246980
30667,-2.964384,1.191580
30668,-3.123202,0.900969
30669,-3.658223,1.449729
30670,-1.462714,0.222521
30671,-2.964384,1.191580
30672,-3.866718,2.000000
30673,-3.153395,0.440071
30674,-3.152379,1.955573
30675,-1.349189,0.603718
30676,-3.397582,1.449729
30677,-2.526723,-0.425270
30678,-3.194833,1.652478
30679,-0.087490,0.011169
30680,-2.883745,1.030303
30681,-3.658223,1.449729
30682,-3.826239,1.652478
30683,-2.431855,0.900969
30684,-2.700489,1.826239
30685,-2.336959,1.449729
30686,-3.397582,1.449729
30687,-3.563623,1.781812
30688,-2.899457,1.449729
30689,-2.826042,1.911146
30690,0.589882,-0.955573
30691,-3.462508,1.191580
30692,-3.955573,1.911146
30693,-3.462508,1.191580
30694,-2.870469,2.000000
30695,-3.911146,1.955573
30696,-2.706235,1.449729
30697,-2.461033,1.955573
30698,-3.397582,1.449729
30699,-3.623490,1.246980
30700,-2.181855,0.400969
30701,-1.005460,-0.955573
30702,-2.964384,1.191580
30703,-2.572099,-0.722521
30704,-2.837543,1.579063
30705,-2.410859,1.246980
30706,-3.528889,1.579063
30707,-2.964384,1.191580
30708,-2.892753,0.440071
30709,-2.938128,0.142820
30710,-3.051264,1.365341
30711,-3.694931,1.911146
30712,-3.658223,1.449729
30713,-3.246980,1.623490
30714,-0.985218,0.603718
30715,-3.694931,1.911146
30716,-3.194833,1.652478
30717,-2.371693,1.652478
30718,-0.276723,-0.425270
30719,-1.000000,0.500000
30720,-2.873202,0.400969
30721,-3.826239,1.652478
30722,-3.246980,1.623490
30723,-3.652478,1.826239
30724,-2.163198,1.623490
30725,-3.652478,1.826239
30726,-2.383160,1.191580
30727,-3.563623,1.781812
30728,-2.859464,-0.147791
30729,-3.822291,1.911146
30730,-3.911146,1.955573
30731,-3.652478,1.826239
30732,-3.484462,1.623490
30733,-1.492359,1.781812
30734,-2.835050,1.320914
30735,-2.493959,1.246980
30736,-3.335148,1.191580
30737,-3.324167,1.911146
30738,-3.650504,1.955573
30739,-3.158125,1.579063
30740,-1.836861,1.579063
30741,-3.397582,1.449729
30742,-2.835050,1.320914
30743,-2.383160,1.191580
30744,-2.056191,-1.233052
30745,-2.110972,-1.123490
30746,-1.978621,0.733052
30747,-1.652210,-0.658322
30748,0.131183,-0.162592
30749,-2.872277,1.781812
30750,-0.880142,0.440071
30751,-4.000000,2.000000
30752,-2.941449,0.149460
30753,-2.941449,0.149460
30754,-1.466104,0.733052
30755,-3.650504,1.955573
30756,-2.874250,1.652478
30757,-2.810768,0.142820
30758,-2.334986,1.579063
30759,-2.826042,1.911146
30760,-2.826042,1.911146
30761,-2.883745,1.030303
30762,-0.974766,1.579063
30763,-2.605388,-0.134659
30764,-1.801938,0.900969
30765,-2.383160,1.191580
30766,-1.668109,-1.400969
30767,-2.266948,-1.466104
30768,-3.652478,1.826239
30769,-3.490208,1.246980
30770,-2.793116,1.623490
30771,-1.858780,0.142820
30772,-1.179763,1.911146
30773,-0.143651,0.123490
30774,-3.065499,1.781812
30775,-3.652478,1.826239
30776,-3.158125,1.579063
30777,-2.780575,0.603718
30778,-3.324167,1.911146
30779,-1.210838,0.222521
30780,-1.926590,-0.109562
30781,-3.528889,1.579063
30782,-3.824265,1.781812
30783,-3.333174,1.320914
30784,-3.866718,2.000000
30785,-3.779838,1.826239
30786,-1.254687,0.698220
30787,-2.374152,1.781812
30788,-2.228125,1.365341
30789,-1.648630,-0.277479
30790,-2.181855,0.400969
30791,-2.572099,-0.722521
30792,-3.304955,1.652478
30793,-2.669008,0.988831
30794,-3.824265,1.781812
30795,-2.826042,1.911146
30796,-2.874250,1.652478
30797,-3.152379,1.955573
30798,-3.335148,1.191580
30799,-3.335148,1.191580
30800,-2.700489,1.826239
30801,-1.775215,0.326239
30802,-1.551584,-1.634021
30803,-1.648630,-0.277479
30804,-3.955573,1.911146
30805,-3.088468,0.698220
30806,-3.650504,1.955573
30807,-2.892753,0.440071
30808,-3.088468,0.698220
30809,-2.742943,1.911146
30810,-2.892753,0.440071
30811,-3.658223,1.449729
30812,-2.670453,0.603718
30813,-2.181855,0.400969
30814,-1.717542,-0.914101
30815,-3.824265,1.781812
30816,-2.184738,-0.367711
30817,-2.938128,0.142820
30818,-2.228125,1.365341
30819,-1.713557,-0.535628
30820,0.042115,1.191580
30821,-2.563163,1.030303
30822,-3.692957,1.652478
30823,-3.563623,1.781812
30824,-3.095692,1.320914
30825,-1.303596,-1.488831
30826,-0.021523,0.142820
30827,-3.658223,1.449729
30828,-3.088468,0.698220
30829,-3.333174,1.320914
30830,-2.711958,1.074730
30831,-1.695108,1.579063
30832,-3.484462,1.623490
30833,-0.718169,-0.658322
30834,-2.149460,1.074730
30835,-2.149460,1.074730
30836,-1.873040,-1.211352
30837,-1.445881,-0.074730
30838,-1.349189,0.603718
30839,-3.484462,1.623490
30840,-2.938128,0.142820
30841,-2.605388,-0.134659
30842,-1.441541,-1.466104
30843,0.087252,-0.074730
30844,-0.039708,-1.123490
30845,-0.911146,0.455573
30846,-1.933731,0.900969
30847,-2.166234,-1.400969
30848,-2.106074,-0.658322
30849,-1.977662,0.988831
30850,-1.554958,0.777479
30851,-1.926590,-0.109562
30852,-1.922262,1.652478
30853,-2.810768,0.142820
30854,-3.822291,1.911146
30855,-3.652478,1.826239
30856,-3.478716,2.000000
30857,-3.652478,1.826239
30858,-1.731816,1.652478
30859,-2.367905,-0.134659
30860,-1.727818,-1.889800
30861,-2.873202,0.400969
30862,-2.641828,1.320914
30863,-3.427775,0.988831
30864,-2.964384,1.191580
30865,-2.993868,1.030303
30866,-3.779838,1.826239
30867,-3.434289,1.911146
30868,-3.484462,1.623490
30869,-3.779838,1.826239
30870,-3.246980,1.623490
30871,-3.955573,1.911146
30872,-3.326140,1.781812
30873,-2.696708,1.652478
30874,-2.526723,-0.425270
30875,-3.281713,1.826239
30876,-2.644197,-0.445042
30877,-3.088468,0.698220
30878,-1.170844,-1.233052
30879,-1.198511,1.030303
30880,-2.844057,0.730682
30881,-1.955475,-0.826239
30882,-2.892753,0.440071
30883,-2.717704,0.698220
30884,-3.822291,1.911146
30885,-2.208111,1.449729
30886,-3.335148,1.191580
30887,-3.563623,1.781812
30888,-2.060606,1.030303
30889,-2.892753,0.440071
30890,-3.167133,0.988831
30891,-3.335148,1.191580
30892,-3.652478,1.826239
30893,-3.484462,1.623490
30894,-2.700489,1.826239
30895,-1.845869,0.988831
30896,-3.824265,1.781812
30897,-2.872277,1.781812
30898,-2.810768,0.142820
30899,-3.123202,0.900969
30900,-3.365341,0.730682
30901,-1.733246,0.500000
30902,-1.168783,-0.365341
30903,-2.810768,0.142820
30904,-2.883745,1.030303
30905,-1.127350,1.826239
30906,-3.563623,1.781812
30907,-2.883745,1.030303
30908,-3.324167,1.911146
30909,-1.878417,-1.721883
30910,-2.116349,-1.634021
30911,-1.733246,0.500000
30912,-3.268248,1.579063
30913,-3.194833,1.652478
30914,-2.065597,-0.826239
30915,-2.835050,1.320914
30916,-3.095692,1.320914
30917,-3.484462,1.623490
30918,0.053596,0.988831
30919,-1.760035,1.320914
30920,-0.373022,1.074730
30921,-0.569543,-0.955573
30922,-3.065499,1.781812
30923,-1.551012,1.781812
30924,-3.246980,1.623490
30925,-2.109756,0.123490
30926,-3.694931,1.911146
30927,-2.563163,1.030303
30928,-1.794458,-1.889800
30929,-3.326140,1.781812
30930,-1.462714,0.222521
30931,-2.873202,0.400969
30932,-2.711958,1.074730
30933,-2.993868,1.030303
30934,-2.670453,0.603718
30935,-3.911146,1.955573
30936,-3.866718,2.000000
30937,-2.576901,1.579063
30938,-3.268248,1.579063
30939,-3.333174,1.320914
30940,-3.650504,1.955573
30941,-3.866718,2.000000
30942,-2.518736,1.074730
30943,-2.336959,1.449729
30944,-2.056191,-1.233052
30945,-3.427775,0.988831
30946,-2.208111,1.449729
30947,-2.706235,1.449729
30948,-2.873202,0.400969
30949,-2.208111,1.449729
30950,-1.845869,0.988831
30951,-2.367905,-0.134659
30952,-1.977662,0.988831
30953,-3.152379,1.955573
30954,-2.563163,1.030303
30955,-3.484462,1.623490
30956,-3.563623,1.781812
30957,-2.141244,1.191580
30958,-1.180804,0.266948
30959,1.234750,0.900969
30960,-1.120429,-1.721883
30961,-3.153395,0.440071
30962,-2.837543,1.579063
30963,-1.978621,0.733052
30964,-1.833963,0.093187
30965,-3.304955,1.652478
30966,-3.652478,1.826239
30967,-2.119812,-0.109562
30968,-2.367905,-0.134659
30969,-1.717979,0.733052
30970,-3.911146,1.955573
30971,-3.065499,1.781812
30972,-3.427775,0.988831
30973,-1.731816,1.652478
30974,-2.883745,1.030303
30975,-3.563623,1.781812
30976,-2.873202,0.400969
30977,-2.100697,-0.147791
30978,-2.730682,1.365341
30979,-2.810768,0.142820
30980,-2.941449,0.149460
30981,-3.563623,1.781812
30982,-3.911146,1.955573
30983,-3.656250,1.579063
30984,-3.158125,1.579063
30985,-1.032469,0.698220
30986,-3.822291,1.911146
30987,-1.231001,-1.634021
30988,-1.171501,-0.623490
30989,-3.304955,1.652478
30990,-3.656250,1.579063
30991,-3.563623,1.781812
30992,-3.563623,1.781812
30993,-3.152379,1.955573
30994,-3.335148,1.191580
30995,-3.478716,2.000000
30996,-1.014727,-0.162592
30997,-1.461364,0.730682
30998,-0.789708,-1.123490
30999,-1.466104,0.733052
31000,-2.874250,1.652478
31001,-3.824265,1.781812
31002,-3.335148,1.191580
31003,-3.652478,1.826239
31004,-2.060606,1.030303
31005,-1.607199,0.123490
31006,-2.641828,1.320914
31007,-3.484462,1.623490
31008,-1.593993,0.988831
31009,-1.306849,1.246980
31010,-1.922262,1.652478
31011,-2.176109,0.777479
31012,-3.215828,0.698220
31013,-2.316833,-1.233052
31014,-2.641828,1.320914
31015,-2.461033,1.955573
31016,-2.892753,0.440071
31017,-1.794458,-1.889800
31018,-3.158125,1.579063
31019,-2.810768,0.142820
31020,-3.152379,1.955573
31021,-1.275116,0.455573
31022,-2.256195,-0.445042
31023,-1.858780,0.142820
31024,-3.215828,0.698220
31025,-4.000000,2.000000
31026,-2.383160,1.191580
31027,-3.652478,1.826239
31028,-3.826239,1.652478
31029,-3.304955,1.652478
31030,-3.652478,1.826239
31031,-1.933731,0.900969
31032,-2.272552,1.320914
31033,-2.874250,1.652478
31034,-2.518736,1.074730
31035,-1.703282,0.440071
31036,-1.906779,-0.535628
31037,-2.899457,1.449729
31038,-1.120429,-1.721883
31039,1.470724,-0.074730
31040,-3.167133,0.988831
31041,-2.430339,0.123490
31042,-1.801938,0.900969
31043,-1.155045,-0.914101
31044,-3.484462,1.623490
31045,-2.184738,-0.367711
31046,-2.576901,1.579063
31047,0.064088,-0.425270
31048,0.622142,0.730682
31049,-0.860591,0.400969
31050,0.128724,-0.033258
31051,0.035309,-0.367711
31052,-3.161387,1.365341
31053,-3.427775,0.988831
31054,-2.385621,1.030303
31055,-1.406715,-0.277479
31056,-3.490208,1.246980
31057,-2.430339,0.123490
31058,-2.383160,1.191580
31059,-1.690819,-1.488831
31060,-0.121614,-1.123490
31061,-0.438255,-0.623490
31062,-3.335148,1.191580
31063,-1.773241,0.455573
31064,-1.116526,0.733052
31065,-2.835050,1.320914
31066,-1.762008,1.191580
31067,-3.304955,1.652478
31068,-3.656250,1.579063
31069,-3.490208,1.246980
31070,-3.335148,1.191580
31071,-3.324167,1.911146
31072,-3.650504,1.955573
31073,-3.158125,1.579063
31074,-1.445881,-0.074730
31075,-0.864659,-0.365341
31076,-1.977662,0.988831
31077,-3.304955,1.652478
31078,-3.427775,0.988831
31079,-0.161161,-1.488831
31080,0.216102,0.011169
31081,-3.563623,1.781812
31082,-3.692957,1.652478
31083,-3.658223,1.449729
31084,-2.899457,1.449729
31085,-3.650504,1.955573
31086,-3.152379,1.955573
31087,-2.493959,1.246980
31088,-2.793116,1.623490
31089,-2.859464,-0.147791
31090,-3.658223,1.449729
31091,-3.158125,1.579063
31092,-2.383160,1.191580
31093,-2.899457,1.449729
31094,-3.335148,1.191580
31095,-3.304955,1.652478
31096,-3.095692,1.320914
31097,-3.652478,1.826239
31098,-0.544316,-0.722521
31099,0.023853,0.440071
31100,-3.484462,1.623490
31101,-2.883745,1.030303
31102,-2.168944,1.246980
31103,-3.158125,1.579063
31104,-2.826042,1.911146
31105,-2.844057,0.730682
31106,-3.911146,1.955573
31107,-2.337712,0.326239
31108,-3.397582,1.449729
31109,-3.656250,1.579063
31110,-2.181855,0.400969
31111,-3.911146,1.955573
31112,-2.493959,1.246980
31113,-3.326140,1.781812
31114,-0.131104,1.365341
31115,-3.161387,1.365341
31116,-3.650504,1.955573
31117,-1.760035,1.320914
31118,-3.215828,0.698220
31119,-2.899457,1.449729
31120,-2.844057,0.730682
31121,-2.730682,1.365341
31122,-3.304955,1.652478
31123,-3.335148,1.191580
31124,-3.484462,1.623490
31125,-2.176109,0.777479
31126,-1.878417,-1.721883
31127,-1.855707,-1.634021
31128,-2.015156,0.455573
31129,-2.892753,0.440071
31130,-2.144490,0.326239
31131,-2.208111,1.449729
31132,-3.246980,1.623490
31133,-3.563623,1.781812
31134,-3.194833,1.652478
31135,-3.153395,0.440071
31136,-3.102206,1.246980
31137,-3.779838,1.826239
31138,-3.484462,1.623490
31139,-3.232059,0.730682
31140,-3.779838,1.826239
31141,-3.397582,1.449729
31142,-2.410859,1.246980
31143,-2.015156,0.455573
31144,-0.823226,0.326239
31145,-3.650504,1.955573
31146,-2.141244,1.191580
31147,-3.779838,1.826239
31148,-3.065499,1.781812
31149,-2.311457,-0.722521
31150,-2.374152,1.781812
31151,-3.333174,1.320914
31152,-1.262697,0.326239
31153,-3.824265,1.781812
31154,-2.899457,1.449729
31155,-3.694931,1.911146
31156,-3.866718,2.000000
31157,-3.955573,1.911146
31158,-3.563623,1.781812
31159,-3.397582,1.449729
31160,-3.528889,1.579063
31161,-3.866718,2.000000
31162,-3.911146,1.955573
31163,-2.892753,0.440071
31164,-3.281713,1.826239
31165,-3.779838,1.826239
31166,-3.088468,0.698220
31167,-2.563163,1.030303
31168,-2.670453,0.603718
31169,-3.824265,1.781812
31170,-3.065499,1.781812
31171,-3.911146,1.955573
31172,-3.955573,1.911146
31173,-3.692957,1.652478
31174,-2.374152,1.781812
31175,-3.095692,1.320914
31176,-2.343556,-0.658322
31177,-2.870469,2.000000
31178,-3.694931,1.911146
31179,-1.713557,-0.535628
31180,-2.605388,-0.134659
31181,-3.652478,1.826239
31182,-2.717704,0.698220
31183,-1.127350,1.826239
31184,-2.060606,1.030303
31185,-3.824265,1.781812
31186,-3.822291,1.911146
31187,-3.822291,1.911146
31188,-2.885719,0.900969
31189,-2.793116,1.623490
31190,-1.933731,0.900969
31191,-2.717704,0.698220
31192,-3.490208,1.246980
31193,-3.822291,1.911146
31194,-2.261572,-0.955573
31195,-2.874250,1.652478
31196,-3.652478,1.826239
31197,-2.106074,-0.658322
31198,-3.065499,1.781812
31199,-3.652478,1.826239
31200,-3.158125,1.579063
31201,-1.409351,-0.147791
31202,-3.153395,0.440071
31203,-2.005777,-1.721883
31204,-3.955573,1.911146
31205,-3.281713,1.826239
31206,-2.302521,1.030303
31207,-3.074730,0.149460
31208,-0.288960,0.149460
31209,-2.302521,1.030303
31210,-2.541119,0.733052
31211,-3.650504,1.955573
31212,-3.528889,1.579063
31213,-3.167133,0.988831
31214,-3.694931,1.911146
31215,-2.336959,1.449729
31216,-3.051264,1.365341
31217,-3.397582,1.449729
31218,0.734671,0.698220
31219,-2.670453,0.603718
31220,-2.526723,-0.425270
31221,-3.528889,1.579063
31222,-3.246980,1.623490
31223,0.216586,0.054604
31224,-1.926590,-0.109562
31225,-2.343556,-0.658322
31226,-2.563163,1.030303
31227,-0.966034,-0.162592
31228,-1.568917,-1.211352
31229,-1.168783,-0.365341
31230,-3.490208,1.246980
31231,-3.324167,1.911146
31232,-3.563623,1.781812
31233,-3.652478,1.826239
31234,-2.261572,-0.955573
31235,-3.158125,1.579063
31236,-3.304955,1.652478
31237,-2.598822,-0.147791
31238,0.089613,0.149460
31239,-1.574735,-0.425270
31240,-3.658223,1.449729
31241,-2.964384,1.191580
31242,-2.885719,0.900969
31243,-2.870469,2.000000
31244,-3.333174,1.320914
31245,-2.641828,1.320914
31246,-2.311457,-0.722521
31247,-3.102206,1.246980
31248,-2.964384,1.191580
31249,-3.232059,0.730682
31250,-2.526723,-0.425270
31251,-3.694931,1.911146
31252,-3.333174,1.320914
31253,-2.938128,0.142820
31254,-3.051264,1.365341
31255,-3.397582,1.449729
31256,-2.641828,1.320914
31257,-0.932879,0.054604
31258,-0.828197,0.988831
31259,-3.658223,1.449729
31260,-2.826042,1.911146
31261,-3.161387,1.365341
31262,-3.304955,1.652478
31263,-3.427775,0.988831
31264,-3.652478,1.826239
31265,-3.335148,1.191580
31266,-3.478716,2.000000
31267,-2.256195,-0.445042
31268,-3.822291,1.911146
31269,-3.822291,1.911146
31270,-1.284124,-0.134659
31271,-3.065499,1.781812
31272,-3.652478,1.826239
31273,-0.700386,1.030303
31274,-3.397582,1.449729
31275,-4.000000,2.000000
31276,-2.572099,-0.722521
31277,-2.780575,0.603718
31278,-3.563623,1.781812
31279,-3.826239,1.652478
31280,-1.965750,-1.801938
31281,-1.357582,-1.634021
31282,-2.717704,0.698220
31283,-1.760035,1.320914
31284,-2.669008,0.988831
31285,-3.158125,1.579063
31286,-1.588247,1.365341
31287,-3.563623,1.781812
31288,-3.167133,0.988831
31289,-1.845869,0.988831
31290,-1.475625,-0.623490
31291,-1.413419,-0.914101
31292,-0.734763,-0.722521
31293,-3.167133,0.988831
31294,-2.635719,0.400969
31295,-0.336881,-0.826239
31296,-1.006419,-1.211352
31297,-3.304955,1.652478
31298,-3.123202,0.900969
31299,-3.563623,1.781812
31300,-2.941449,0.149460
31301,-2.700489,1.826239
31302,-3.158125,1.579063
31303,-2.311457,-0.722521
31304,-2.883745,1.030303
31305,-1.409351,-0.147791
31306,-1.475625,-0.623490
31307,-1.668109,-1.400969
31308,-2.136480,0.698220
31309,-1.762918,-1.211352
31310,-3.484462,1.623490
31311,-2.835050,1.320914
31312,-2.038874,-1.400969
31313,-3.563623,1.781812
31314,-2.793116,1.623490
31315,-2.576901,1.579063
31316,-3.866718,2.000000
31317,-3.065499,1.781812
31318,-3.911146,1.955573
31319,-2.337712,0.326239
31320,-2.706235,1.449729
31321,-2.572099,-0.722521
31322,-0.779516,-0.535628
31323,-0.828197,0.988831
31324,-3.528889,1.579063
31325,-3.088468,0.698220
31326,-1.717979,0.733052
31327,-3.281713,1.826239
31328,0.566495,0.142820
31329,-1.977662,0.988831
31330,-3.051264,1.365341
31331,-1.594507,0.222521
31332,-3.281713,1.826239
31333,-3.563623,1.781812
31334,-3.232059,0.730682
31335,-3.484462,1.623490
31336,-3.694931,1.911146
31337,-2.466259,1.191580
31338,-2.696708,1.652478
31339,-3.692957,1.652478
31340,-2.859464,-0.147791
31341,-1.014727,-0.162592
31342,-3.397582,1.449729
31343,-3.911146,1.955573
31344,-3.652478,1.826239
31345,-3.095692,1.320914
31346,-2.826042,1.911146
31347,-2.641828,1.320914
31348,-2.349870,0.603718
31349,-3.826239,1.652478
31350,-3.652478,1.826239
31351,-3.826239,1.652478
31352,-3.324167,1.911146
31353,-1.906779,-0.535628
31354,-1.554958,0.777479
31355,-2.235810,0.730682
31356,-3.563623,1.781812
31357,-3.095692,1.320914
31358,1.322099,0.222521
31359,-1.762008,1.191580
31360,-2.374152,1.781812
31361,-3.656250,1.579063
31362,-1.396440,0.698220
31363,0.089613,0.149460
31364,-3.335148,1.191580
31365,-3.656250,1.579063
31366,-2.100697,-0.147791
31367,0.786998,0.400969
31368,-1.027479,-0.277479
31369,-1.419626,-1.123490
31370,-2.181855,0.400969
31371,-2.696708,1.652478
31372,-3.281713,1.826239
31373,-3.911146,1.955573
31374,-3.694931,1.911146
31375,-3.246980,1.623490
31376,-2.873202,0.400969
31377,-3.397582,1.449729
31378,-3.194833,1.652478
31379,-3.692957,1.652478
31380,-3.692957,1.652478
31381,-3.563623,1.781812
31382,-3.246980,1.623490
31383,-3.658223,1.449729
31384,-3.281713,1.826239
31385,-1.960449,1.826239
31386,-1.413198,1.623490
31387,-2.742943,1.911146
31388,-2.872277,1.781812
31389,-3.153395,0.440071
31390,-2.644197,-0.445042
31391,-2.696708,1.652478
31392,-2.885719,0.900969
31393,-3.268248,1.579063
31394,-3.268248,1.579063
31395,-2.526723,-0.425270
31396,-1.648630,-0.277479
31397,-2.563163,1.030303
31398,-3.434289,1.911146
31399,-2.892753,0.440071
31400,-2.964384,1.191580
31401,-0.700307,0.733052
31402,-2.899457,1.449729
31403,-2.302521,1.030303
31404,-2.116349,-1.634021
31405,-2.294861,-0.367711
31406,-2.155959,-0.425270
31407,-3.826239,1.652478
31408,-3.652478,1.826239
31409,-2.835050,1.320914
31410,-3.427775,0.988831
31411,-3.658223,1.449729
31412,-3.911146,1.955573
31413,-2.706235,1.449729
31414,-3.563623,1.781812
31415,-3.065499,1.781812
31416,-3.652478,1.826239
31417,-3.158125,1.579063
31418,-3.822291,1.911146
31419,-3.246980,1.623490
31420,-3.246980,1.623490
31421,-3.652478,1.826239
31422,-0.609756,1.623490
31423,-3.324167,1.911146
31424,-1.489885,-1.977662
31425,-2.100697,-0.147791
31426,-3.911146,1.955573
31427,-3.167133,0.988831
31428,-1.406715,-0.277479
31429,-0.088566,-1.634021
31430,0.851418,-0.367711
31431,-3.658223,1.449729
31432,-3.652478,1.826239
31433,-1.554958,0.777479
31434,-3.335148,1.191580
31435,-3.167133,0.988831
31436,-2.874250,1.652478
31437,-3.824265,1.781812
31438,-3.167133,0.988831
31439,-3.484462,1.623490
31440,-2.872277,1.781812
31441,-1.466104,0.733052
31442,-2.605388,-0.134659
31443,-2.383160,1.191580
31444,-3.658223,1.449729
31445,-3.397582,1.449729
31446,-1.731730,-0.277479
31447,-3.246980,1.623490
31448,-2.717704,0.698220
31449,-2.208111,1.449729
31450,-3.158125,1.579063
31451,-2.711958,1.074730
31452,-2.874250,1.652478
31453,-2.168944,1.246980
31454,-2.941449,0.149460
31455,-1.977662,0.988831
31456,-1.977662,0.988831
31457,-3.652478,1.826239
31458,-3.656250,1.579063
31459,-3.158125,1.579063
31460,-0.600619,0.222521
31461,-3.911146,1.955573
31462,-2.730682,1.365341
31463,-1.955475,-0.826239
31464,-1.717542,-0.914101
31465,-1.236955,-1.488831
31466,-2.366718,-1.000000
31467,-2.711958,1.074730
31468,-2.899457,1.449729
31469,-3.304955,1.652478
31470,-1.413198,1.623490
31471,-1.396440,0.698220
31472,-0.447472,-0.425270
31473,-2.461033,1.955573
31474,-1.594507,0.222521
31475,-1.717542,-0.914101
31476,-3.324167,1.911146
31477,-2.541119,0.733052
31478,-2.168944,1.246980
31479,-3.333174,1.320914
31480,-3.478716,2.000000
31481,-2.430339,0.123490
31482,-2.383160,1.191580
31483,-3.658223,1.449729
31484,-3.167133,0.988831
31485,-0.169409,-0.109562
31486,-2.892753,0.440071
31487,-2.518736,1.074730
31488,-3.333174,1.320914
31489,2.400969,-1.801938
31490,-1.762918,-1.211352
31491,-3.088468,0.698220
31492,-3.397582,1.449729
31493,-3.955573,1.911146
31494,-2.892753,0.440071
31495,-2.136480,0.698220
31496,-3.246980,1.623490
31497,-3.434289,1.911146
31498,-1.169803,1.911146
31499,-2.669008,0.988831
31500,-2.938128,0.142820
31501,-1.914041,-0.134659
31502,-0.985218,0.603718
31503,-3.658223,1.449729
31504,-3.102206,1.246980
31505,-1.771749,-1.801938
31506,-1.168783,-0.365341
31507,-2.133667,-1.466104
31508,-2.526723,-0.425270
31509,-2.110972,-1.123490
31510,-3.658223,1.449729
31511,-2.899457,1.449729
31512,-3.268248,1.579063
31513,-3.102206,1.246980
31514,-3.051264,1.365341
31515,-3.462508,1.191580
31516,-2.242359,1.781812
31517,-2.899457,1.449729
31518,-3.623490,1.246980
31519,-3.484462,1.623490
31520,-3.779838,1.826239
31521,-2.670453,0.603718
31522,-2.576901,1.579063
31523,-0.373022,1.074730
31524,-3.484462,1.623490
31525,-2.993868,1.030303
31526,-3.152379,1.955573
31527,-3.051264,1.365341
31528,-3.102206,1.246980
31529,-3.232059,0.730682
31530,-0.039708,-1.123490
31531,-1.170844,-1.233052
31532,-1.210838,0.222521
31533,-2.874250,1.652478
31534,-1.858780,0.142820
31535,-1.330319,-0.914101
31536,-3.051264,1.365341
31537,-3.623490,1.246980
31538,-2.870469,2.000000
31539,-1.048700,0.730682
31540,-2.993868,1.030303
31541,-3.051264,1.365341
31542,-1.551012,1.781812
31543,-2.336959,1.449729
31544,-3.152379,1.955573
31545,-0.366526,-1.466104
31546,-0.212537,0.054604
31547,-2.383160,1.191580
31548,-2.810768,0.142820
31549,-3.324167,1.911146
31550,-2.700489,1.826239
31551,-3.484462,1.623490
31552,-1.074632,0.054604
31553,-3.215828,0.698220
31554,-2.859464,-0.147791
31555,-4.000000,2.000000
31556,-3.822291,1.911146
31557,-3.478716,2.000000
31558,-3.656250,1.579063
31559,-2.730682,1.365341
31560,-3.484462,1.623490
31561,-3.490208,1.246980
31562,-2.385621,1.030303
31563,-1.773241,0.455573
31564,-1.275116,0.455573
31565,-2.605388,-0.134659
31566,-3.822291,1.911146
31567,-3.652478,1.826239
31568,-3.158125,1.579063
31569,-2.011910,1.320914
31570,-1.551012,1.781812
31571,-2.383160,1.191580
31572,-2.780575,0.603718
31573,-2.116349,-1.634021
31574,-3.153395,0.440071
31575,-1.934194,0.777479
31576,-3.528889,1.579063
31577,-1.762918,-1.211352
31578,-0.408062,-0.162592
31579,-0.771367,0.222521
31580,-3.563623,1.781812
31581,-2.873202,0.400969
31582,-3.051264,1.365341
31583,-3.065499,1.781812
31584,-1.233709,-0.623490
31585,-0.319126,-0.162592
31586,-3.478716,2.000000
31587,-2.780575,0.603718
31588,-3.397582,1.449729
31589,-3.167133,0.988831
31590,-0.298846,-0.722521
31591,-2.541119,0.733052
31592,-1.441541,-1.466104
31593,-3.095692,1.320914
31594,-3.158125,1.579063
31595,-3.158125,1.579063
31596,-3.563623,1.781812
31597,-3.824265,1.781812
31598,-2.367905,-0.134659
31599,-1.032469,0.698220
31600,-1.262697,0.326239
31601,0.815825,-0.535628
31602,-2.311457,-0.722521
31603,-3.490208,1.246980
31604,-3.652478,1.826239
31605,-3.335148,1.191580
31606,-2.056191,-1.233052
31607,-2.383160,1.191580
31608,-2.641828,1.320914
31609,-2.635719,0.400969
31610,-3.652478,1.826239
31611,1.691918,1.781812
31612,-1.681370,1.030303
31613,-2.706235,1.449729
31614,-0.151111,-0.365341
31615,-2.166234,-1.400969
31616,-1.717979,0.733052
31617,-3.656250,1.579063
31618,-3.652478,1.826239
31619,-3.822291,1.911146
31620,-3.563623,1.781812
31621,-3.822291,1.911146
31622,-2.717704,0.698220
31623,-3.167133,0.988831
31624,-3.478716,2.000000
31625,0.040685,0.142820
31626,-0.873502,-0.445042
31627,-0.186374,0.093187
31628,-3.911146,1.955573
31629,-3.822291,1.911146
31630,-2.541119,0.733052
31631,0.171965,-0.623490
31632,0.044302,0.011169
31633,-1.574735,-0.425270
31634,-2.302521,1.030303
31635,-1.062213,-0.074730
31636,-2.696708,1.652478
31637,-2.711958,1.074730
31638,-2.899457,1.449729
31639,-2.635719,0.400969
31640,-3.268248,1.579063
31641,-3.955573,1.911146
31642,-3.528889,1.579063
31643,-3.694931,1.911146
31644,-2.181855,0.400969
31645,-2.859464,-0.147791
31646,-1.636943,1.074730
31647,-3.484462,1.623490
31648,-2.541119,0.733052
31649,-2.056191,-1.233052
31650,-2.337712,0.326239
31651,-3.304955,1.652478
31652,-3.484462,1.623490
31653,-3.652478,1.826239
31654,-3.652478,1.826239
31655,-3.822291,1.911146
31656,-2.347897,0.733052
31657,0.734671,0.698220
31658,-2.892753,0.440071
31659,-0.669220,1.781812
31660,-2.228125,1.365341
31661,-2.870469,2.000000
31662,-2.541119,0.733052
31663,-1.261910,1.320914
31664,-1.507653,-1.721883
31665,-1.928302,-1.488831
31666,-3.652478,1.826239
31667,-2.810768,0.142820
31668,-2.349870,0.603718
31669,-3.563623,1.781812
31670,-2.541119,0.733052
31671,-3.304955,1.652478
31672,-2.261572,-0.955573
31673,-3.333174,1.320914
31674,-3.335148,1.191580
31675,-3.095692,1.320914
31676,-3.304955,1.652478
31677,-0.098933,1.030303
31678,-0.476251,-0.367711
31679,-0.159449,-0.109562
31680,-3.326140,1.781812
31681,-2.235810,0.730682
31682,-3.528889,1.579063
31683,-3.955573,1.911146
31684,-3.824265,1.781812
31685,-2.099031,-1.801938
31686,-2.440004,0.142820
31687,-1.120429,-1.721883
31688,-2.993868,1.030303
31689,-3.658223,1.449729
31690,-3.650504,1.955573
31691,-3.694931,1.911146
31692,-2.015156,0.455573
31693,-1.592048,0.093187
31694,-3.658223,1.449729
31695,-2.208111,1.449729
31696,-1.933731,0.900969
31697,-3.824265,1.781812
31698,-3.692957,1.652478
31699,-3.623490,1.246980
31700,-2.181855,0.400969
31701,-3.397582,1.449729
31702,-2.541119,0.733052
31703,-3.194833,1.652478
31704,-1.557314,-0.109562
31705,-2.873202,0.400969
31706,-3.194833,1.652478
31707,-2.938128,0.142820
31708,-2.141244,1.191580
31709,-3.779838,1.826239
31710,-2.316833,-1.233052
31711,-2.302521,1.030303
31712,-1.349578,0.500000
31713,0.042115,1.191580
31714,-1.960449,1.826239
31715,-3.123202,0.900969
31716,-2.870469,2.000000
31717,-3.088468,0.698220
31718,-2.993868,1.030303
31719,-3.246980,1.623490
31720,-3.246980,1.623490
31721,-2.343556,-0.658322
31722,-1.170753,0.149460
31723,-3.694931,1.911146
31724,-3.095692,1.320914
31725,-1.233709,-0.623490
31726,0.676779,-1.801938
31727,-1.419626,-1.123490
31728,-1.794458,-1.889800
31729,-1.733246,0.500000
31730,-2.367905,-0.134659
31731,-0.445042,0.222521
31732,-1.845869,0.988831
31733,-2.964384,1.191580
31734,-3.692957,1.652478
31735,-2.696708,1.652478
31736,-3.955573,1.911146
31737,-3.326140,1.781812
31738,-1.442336,-1.211352
31739,0.156904,-1.634021
31740,-1.419626,-1.123490
31741,-2.873202,0.400969
31742,-0.652478,0.326239
31743,-3.658223,1.449729
31744,-3.484462,1.623490
31745,-3.152379,1.955573
31746,-1.396440,0.698220
31747,0.638740,-0.445042
31748,-0.272729,0.988831
31749,-1.423694,-1.889800
31750,-1.170844,-1.233052
31751,-3.824265,1.781812
31752,-3.826239,1.652478
31753,-2.163198,1.623490
31754,-3.167133,0.988831
31755,-2.874250,1.652478
31756,-3.658223,1.449729
31757,-2.883745,1.030303
31758,-3.824265,1.781812
31759,-2.730682,1.365341
31760,-3.911146,1.955573
31761,-3.397582,1.449729
31762,-2.793116,1.623490
31763,-2.430339,0.123490
31764,-2.810768,0.142820
31765,-2.885719,0.900969
31766,-3.824265,1.781812
31767,-2.641828,1.320914
31768,-3.152379,1.955573
31769,-3.911146,1.955573
31770,-3.824265,1.781812
31771,-2.717704,0.698220
31772,-2.892753,0.440071
31773,-3.911146,1.955573
31774,-2.144490,0.326239
31775,-3.167133,0.988831
31776,-2.598822,-0.147791
31777,-3.158125,1.579063
31778,-1.836861,1.579063
31779,-3.324167,1.911146
31780,-3.563623,1.781812
31781,-1.731730,-0.277479
31782,-1.717542,-0.914101
31783,-2.899457,1.449729
31784,-2.892753,0.440071
31785,-4.000000,2.000000
31786,-2.347897,0.733052
31787,-3.095692,1.320914
31788,-2.383160,1.191580
31789,-1.978621,0.733052
31790,-3.246980,1.623490
31791,-3.246980,1.623490
31792,-3.563623,1.781812
31793,-2.892753,0.440071
31794,-3.333174,1.320914
31795,-3.324167,1.911146
31796,-3.563623,1.781812
31797,-1.397882,0.603718
31798,-3.911146,1.955573
31799,-3.650504,1.955573
31800,-2.383160,1.191580
31801,-1.551938,0.400969
31802,0.426559,-0.365341
31803,-2.777479,-0.445042
31804,-3.656250,1.579063
31805,-2.011910,1.320914
31806,-3.167133,0.988831
31807,-0.415545,-0.535628
31808,-0.966034,-0.162592
31809,-1.123325,0.054604
31810,-0.317152,-0.033258
31811,-2.056191,-1.233052
31812,-3.563623,1.781812
31813,-3.824265,1.781812
31814,-3.484462,1.623490
31815,-2.892753,0.440071
31816,-1.229497,0.266948
31817,-3.304955,1.652478
31818,-1.445881,-0.074730
31819,-2.826042,1.911146
31820,-3.484462,1.623490
31821,-3.333174,1.320914
31822,-3.652478,1.826239
31823,-2.011910,1.320914
31824,-3.427775,0.988831
31825,-1.727818,-1.889800
31826,-2.572099,-0.722521
31827,-1.396440,0.698220
31828,-3.652478,1.826239
31829,-2.334986,1.579063
31830,-2.874250,1.652478
31831,-3.167133,0.988831
31832,-2.383160,1.191580
31833,-1.988459,-1.889800
31834,-1.727818,-1.889800
31835,-2.367905,-0.134659
31836,-3.694931,1.911146
31837,-3.694931,1.911146
31838,-3.397582,1.449729
31839,-1.262697,0.326239
31840,-0.130454,-0.109562
31841,-0.702281,0.603718
31842,-2.461033,1.955573
31843,-3.650504,1.955573
31844,-2.826042,1.911146
31845,-1.397882,0.603718
31846,-0.709622,0.099031
31847,-2.837543,1.579063
31848,-3.462508,1.191580
31849,-3.866718,2.000000
31850,-3.866718,2.000000
31851,-1.349189,0.603718
31852,-1.813332,-0.722521
31853,-1.361599,-0.367711
31854,-1.813332,-0.722521
31855,-3.427775,0.988831
31856,-2.144490,0.326239
31857,-1.944528,-1.977662
31858,-0.928928,-1.233052
31859,-1.014727,-0.162592
31860,-3.826239,1.652478
31861,-3.326140,1.781812
31862,-3.822291,1.911146
31863,-3.158125,1.579063
31864,-3.158125,1.579063
31865,-3.335148,1.191580
31866,-3.397582,1.449729
31867,-3.490208,1.246980
31868,-1.442336,-1.211352
31869,-0.431016,0.698220
31870,-2.872277,1.781812
31871,-0.824281,-0.162592
31872,-2.256195,-0.445042
31873,-3.822291,1.911146
31874,-2.706235,1.449729
31875,-2.272552,1.320914
31876,-3.652478,1.826239
31877,-2.294861,-0.367711
31878,-3.158125,1.579063
31879,-3.335148,1.191580
31880,-0.346845,-1.400969
31881,-3.563623,1.781812
31882,-1.550062,0.900969
31883,-3.462508,1.191580
31884,-3.268248,1.579063
31885,-3.462508,1.191580
31886,-3.650504,1.955573
31887,-1.419626,-1.123490
31888,-0.123151,-0.033258
31889,-0.150295,-0.147791
31890,-3.365341,0.730682
31891,-0.319126,-0.162592
31892,-0.749532,0.698220
31893,-1.813332,-0.722521
31894,-1.210838,0.222521
31895,-3.563623,1.781812
31896,-2.993868,1.030303
31897,-2.553446,0.149460
31898,-1.210838,0.222521
31899,-2.235810,0.730682
31900,-3.074730,0.149460
31901,-2.899457,1.449729
31902,-2.563163,1.030303
31903,-0.121614,-1.123490
31904,-3.158125,1.579063
31905,-3.563623,1.781812
31906,0.116318,-1.211352
31907,0.294766,-0.365341
31908,-2.116349,-1.634021
31909,-3.955573,1.911146
31910,-3.692957,1.652478
31911,-3.528889,1.579063
31912,-0.867905,1.365341
31913,-0.628209,0.455573
31914,-3.694931,1.911146
31915,-3.694931,1.911146
31916,-3.911146,1.955573
31917,-3.528889,1.579063
31918,-2.605388,-0.134659
31919,-1.928302,-1.488831
31920,-2.526723,-0.425270
31921,-2.892753,0.440071
31922,-3.694931,1.911146
31923,-2.835050,1.320914
31924,-3.911146,1.955573
31925,-3.397582,1.449729
31926,-3.824265,1.781812
31927,-3.911146,1.955573
31928,-2.892753,0.440071
31929,-3.824265,1.781812
31930,-3.650504,1.955573
31931,-2.837543,1.579063
31932,-3.051264,1.365341
31933,-1.441541,-1.466104
31934,-1.574293,-1.721883
31935,-3.158125,1.579063
31936,-3.324167,1.911146
31937,-3.324167,1.911146
31938,-3.822291,1.911146
31939,-2.835050,1.320914
31940,-3.484462,1.623490
31941,-3.658223,1.449729
31942,-3.658223,1.449729
31943,-3.652478,1.826239
31944,-3.824265,1.781812
31945,-3.427775,0.988831
31946,-2.844057,0.730682
31947,-3.335148,1.191580
31948,-2.892753,0.440071
31949,-3.822291,1.911146
31950,-1.845869,0.988831
31951,-2.941449,0.149460
31952,-2.872277,1.781812
31953,-2.367905,-0.134659
31954,-3.304955,1.652478
31955,-3.824265,1.781812
31956,-1.945199,0.149460
31957,-2.885719,0.900969
31958,-3.095692,1.320914
31959,-2.810768,0.142820
31960,-2.431855,0.900969
31961,-3.326140,1.781812
31962,-2.385621,1.030303
31963,-3.158125,1.579063
31964,-1.977662,0.988831
31965,-2.826042,1.911146
31966,-3.167133,0.988831
31967,-3.656250,1.579063
31968,-2.011910,1.320914
31969,-3.335148,1.191580
31970,-3.333174,1.320914
31971,-3.824265,1.781812
31972,-3.335148,1.191580
31973,-3.095692,1.320914
31974,-3.335148,1.191580
31975,-2.176109,0.777479
31976,-1.588247,1.365341
31977,-3.158125,1.579063
31978,-3.161387,1.365341
31979,-2.859464,-0.147791
31980,-3.161387,1.365341
31981,-3.123202,0.900969
31982,-1.717542,-0.914101
31983,-3.335148,1.191580
31984,-3.427775,0.988831
31985,-3.158125,1.579063
31986,-3.324167,1.911146
31987,-1.309583,-0.955573
31988,-2.635719,0.400969
31989,-3.822291,1.911146
31990,-2.793116,1.623490
31991,-2.096023,2.000000
31992,-3.167133,0.988831
31993,-3.652478,1.826239
31994,-3.911146,1.955573
31995,-2.430339,0.123490
31996,-2.873202,0.400969
31997,-2.899457,1.449729
31998,-2.654083,-0.425270
31999,-3.153395,0.440071
32000,-2.899457,1.449729
32001,-0.305503,-0.367711
32002,-1.308725,-1.123490
32003,-2.336959,1.449729
32004,-1.118740,0.142820
32005,-2.136480,0.698220
32006,-3.658223,1.449729
32007,-2.337712,0.326239
32008,-3.650504,1.955573
32009,-3.528889,1.579063
32010,-2.374152,1.781812
32011,-3.434289,1.911146
32012,-3.866718,2.000000
32013,-3.779838,1.826239
32014,-3.658223,1.449729
32015,-3.866718,2.000000
32016,-3.167133,0.988831
32017,-1.022292,-0.658322
32018,-3.232059,0.730682
32019,-3.911146,1.955573
32020,-3.694931,1.911146
32021,-3.326140,1.781812
32022,-3.281713,1.826239
32023,-2.742943,1.911146
32024,-3.911146,1.955573
32025,-2.367905,-0.134659
32026,-3.194833,1.652478
32027,-3.658223,1.449729
32028,-3.167133,0.988831
32029,-3.333174,1.320914
32030,-2.136480,0.698220
32031,-3.051264,1.365341
32032,-3.434289,1.911146
32033,-2.696708,1.652478
32034,-1.384971,1.449729
32035,-3.246980,1.623490
32036,-3.333174,1.320914
32037,-1.977662,0.988831
32038,-2.136480,0.698220
32039,-1.683887,-1.977662
32040,-0.916907,-0.365341
32041,-1.375695,-1.211352
32042,-3.326140,1.781812
32043,-3.824265,1.781812
32044,-2.885719,0.900969
32045,-3.281713,1.826239
32046,-2.793116,1.623490
32047,-1.280886,-1.400969
32048,-0.438255,-0.623490
32049,-3.652478,1.826239
32050,-3.484462,1.623490
32051,-3.153395,0.440071
32052,-3.158125,1.579063
32053,-3.333174,1.320914
32054,-2.706235,1.449729
32055,-1.044797,-0.109562
32056,-0.864659,-0.365341
32057,0.788874,0.900969
32058,-3.692957,1.652478
32059,-3.281713,1.826239
32060,-3.911146,1.955573
32061,-3.051264,1.365341
32062,-2.964384,1.191580
32063,-2.938128,0.142820
32064,-3.779838,1.826239
32065,-3.397582,1.449729
32066,-3.333174,1.320914
32067,-2.572099,-0.722521
32068,0.275810,-1.000000
32069,1.316644,-0.658322
32070,-2.367905,-0.134659
32071,-4.000000,2.000000
32072,-3.158125,1.579063
32073,-3.658223,1.449729
32074,-3.652478,1.826239
32075,-1.349578,0.500000
32076,0.632862,-0.162592
32077,-1.717542,-0.914101
32078,-1.864156,-0.367711
32079,-3.563623,1.781812
32080,-3.478716,2.000000
32081,-2.430339,0.123490
32082,-0.039162,-0.722521
32083,-1.977662,0.988831
32084,-3.281713,1.826239
32085,-3.326140,1.781812
32086,-2.440004,0.142820
32087,-2.208111,1.449729
32088,-3.824265,1.781812
32089,-2.874250,1.652478
32090,-0.801938,0.400969
32091,-2.383160,1.191580
32092,-1.836861,1.579063
32093,-1.396440,0.698220
32094,-2.383160,1.191580
32095,-2.669008,0.988831
32096,-0.272729,0.988831
32097,-0.932879,0.054604
32098,-2.810768,0.142820
32099,-3.246980,1.623490
32100,-1.636943,1.074730
32101,0.263556,-0.955573
32102,-2.349870,0.603718
32103,-2.100697,-0.147791
32104,-3.652478,1.826239
32105,-2.730682,1.365341
32106,-1.873490,-1.123490
32107,-1.978621,0.733052
32108,-2.730682,1.365341
32109,-3.658223,1.449729
32110,-3.152379,1.955573
32111,-3.335148,1.191580
32112,-2.493959,1.246980
32113,-2.835050,1.320914
32114,-2.176109,0.777479
32115,-3.152379,1.955573
32116,-1.801938,0.900969
32117,-3.822291,1.911146
32118,-3.324167,1.911146
32119,-3.065499,1.781812
32120,-3.652478,1.826239
32121,-3.326140,1.781812
32122,-1.475625,-0.623490
32123,-2.311457,-0.722521
32124,-2.431855,0.900969
32125,-2.060606,1.030303
32126,-2.572099,-0.722521
32127,-3.824265,1.781812
32128,-3.324167,1.911146
32129,-3.652478,1.826239
32130,-2.883745,1.030303
32131,-2.717704,0.698220
32132,-3.123202,0.900969
32133,-2.700489,1.826239
32134,-0.866720,-1.233052
32135,-0.336881,-0.826239
32136,-2.859464,-0.147791
32137,-2.149460,1.074730
32138,-3.563623,1.781812
32139,-3.152379,1.955573
32140,-1.233709,-0.623490
32141,-1.877888,-1.977662
32142,-2.100697,-0.147791
32143,-3.123202,0.900969
32144,-2.572099,-0.722521
32145,-1.445881,-0.074730
32146,-2.810768,0.142820
32147,-3.658223,1.449729
32148,-1.214222,1.449729
32149,-2.383160,1.191580
32150,-3.335148,1.191580
32151,-3.123202,0.900969
32152,-2.899457,1.449729
32153,-3.158125,1.579063
32154,-3.822291,1.911146
32155,-3.822291,1.911146
32156,-3.652478,1.826239
32157,-3.490208,1.246980
32158,-2.374152,1.781812
32159,-1.423694,-1.889800
32160,-0.534124,-0.134659
32161,-2.706235,1.449729
32162,-1.926590,-0.109562
32163,-0.346845,-1.400969
32164,-0.718169,-0.658322
32165,-2.885719,0.900969
32166,-3.427775,0.988831
32167,-0.721721,-0.367711
32168,-1.039051,0.266948
32169,0.724207,1.030303
32170,-2.859464,-0.147791
32171,-0.438255,-0.623490
32172,-3.484462,1.623490
32173,-1.309583,-0.955573
32174,-2.116349,-1.634021
32175,-1.225625,-1.123490
32176,0.259488,-1.721883
32177,-1.643120,1.191580
32178,-3.563623,1.781812
32179,-1.643120,1.191580
32180,-3.658223,1.449729
32181,-3.824265,1.781812
32182,-3.528889,1.579063
32183,-2.109756,0.123490
32184,-1.955475,-0.826239
32185,-3.095692,1.320914
32186,-3.158125,1.579063
32187,-2.700489,1.826239
32188,-3.563623,1.781812
32189,-3.167133,0.988831
32190,-3.365341,0.730682
32191,-3.095692,1.320914
32192,-3.822291,1.911146
32193,-3.246980,1.623490
32194,-3.215828,0.698220
32195,-3.563623,1.781812
32196,-2.461033,1.955573
32197,-3.478716,2.000000
32198,-1.000000,0.500000
32199,-2.394628,0.440071
32200,-1.762008,1.191580
32201,-3.158125,1.579063
32202,-3.484462,1.623490
32203,-3.324167,1.911146
32204,-2.899457,1.449729
32205,-3.911146,1.955573
32206,-2.700489,1.826239
32207,1.165077,-0.162592
32208,-2.717704,0.698220
32209,-1.210838,0.222521
32210,0.097527,0.900969
32211,-3.281713,1.826239
32212,-3.194833,1.652478
32213,-3.088468,0.698220
32214,-2.272552,1.320914
32215,-3.866718,2.000000
32216,-3.427775,0.988831
32217,-2.964384,1.191580
32218,-2.835050,1.320914
32219,-3.484462,1.623490
32220,-3.824265,1.781812
32221,-3.484462,1.623490
32222,-2.526723,-0.425270
32223,-1.647948,-0.445042
32224,-0.186388,-1.721883
32225,-0.146901,-0.134659
32226,-3.911146,1.955573
32227,-3.397582,1.449729
32228,-2.885719,0.900969
32229,-3.484462,1.623490
32230,-3.911146,1.955573
32231,-3.955573,1.911146
32232,-2.899457,1.449729
32233,-3.911146,1.955573
32234,-3.824265,1.781812
32235,-0.855884,0.733052
32236,-2.859464,-0.147791
32237,-3.779838,1.826239
32238,-3.102206,1.246980
32239,-2.669008,0.988831
32240,-1.466104,0.733052
32241,-3.268248,1.579063
32242,-3.051264,1.365341
32243,-3.692957,1.652478
32244,-2.388932,-0.955573
32245,-0.866720,-1.233052
32246,-1.855707,-1.634021
32247,-3.563623,1.781812
32248,-2.098256,0.455573
32249,-0.147870,-0.074730
32250,-2.711958,1.074730
32251,-3.333174,1.320914
32252,-1.634892,-0.826239
32253,-3.866718,2.000000
32254,-3.462508,1.191580
32255,-3.563623,1.781812
32256,-3.281713,1.826239
32257,-3.692957,1.652478
32258,-1.419626,-1.123490
32259,-3.153395,0.440071
32260,-2.163198,1.623490
32261,-2.899457,1.449729
32262,-3.434289,1.911146
32263,-2.541119,0.733052
32264,-1.601453,0.500000
32265,-3.484462,1.623490
32266,-3.152379,1.955573
32267,-3.694931,1.911146
32268,-2.563163,1.030303
32269,-3.955573,1.911146
32270,-3.779838,1.826239
32271,-3.268248,1.579063
32272,-2.837543,1.579063
32273,-3.281713,1.826239
32274,-3.866718,2.000000
32275,-2.641828,1.320914
32276,-3.123202,0.900969
32277,-3.102206,1.246980
32278,-2.859464,-0.147791
32279,-2.136480,0.698220
32280,-3.427775,0.988831
32281,-1.977662,0.988831
32282,-3.462508,1.191580
32283,-3.102206,1.246980
32284,-2.938128,0.142820
32285,-3.268248,1.579063
32286,-2.899457,1.449729
32287,-3.232059,0.730682
32288,-1.801938,0.900969
32289,-2.837543,1.579063
32290,-1.551012,1.781812
32291,-2.899457,1.449729
32292,-1.154522,0.988831
32293,-3.088468,0.698220
32294,-1.643120,1.191580
32295,-3.088468,0.698220
32296,-3.281713,1.826239
32297,-2.576901,1.579063
32298,-3.650504,1.955573
32299,-3.779838,1.826239
32300,-2.540461,0.123490
32301,-2.669008,0.988831
32302,-3.911146,1.955573
32303,-3.658223,1.449729
32304,-2.051596,1.911146
32305,-2.964384,1.191580
32306,-2.641828,1.320914
32307,-3.153395,0.440071
32308,-3.335148,1.191580
32309,-2.873202,0.400969
32310,-2.367905,-0.134659
32311,-3.065499,1.781812
32312,-2.155959,-0.425270
32313,-2.343556,-0.658322
32314,-2.334986,1.579063
32315,-3.563623,1.781812
32316,-1.717979,0.733052
32317,-3.335148,1.191580
32318,-2.899457,1.449729
32319,-2.430339,0.123490
32320,-3.335148,1.191580
32321,-2.349870,0.603718
32322,0.022585,0.054604
32323,-1.557314,-0.109562
32324,-3.563623,1.781812
32325,-1.592048,0.093187
32326,-0.584824,-0.033258
32327,-0.702281,0.603718
32328,-2.541119,0.733052
32329,-2.717704,0.698220
32330,-2.337712,0.326239
32331,-3.333174,1.320914
32332,-2.394628,0.440071
32333,-3.365341,0.730682
32334,-2.780575,0.603718
32335,-2.717704,0.698220
32336,-3.656250,1.579063
32337,-3.158125,1.579063
32338,-3.397582,1.449729
32339,-1.309583,-0.955573
32340,-0.712714,0.222521
32341,-3.652478,1.826239
32342,0.102598,0.123490
32343,-3.158125,1.579063
32344,-2.872277,1.781812
32345,-2.641828,1.320914
32346,-3.153395,0.440071
32347,-1.231001,-1.634021
32348,-2.166234,-1.400969
32349,0.211126,-1.400969
32350,-1.833963,0.093187
32351,-3.652478,1.826239
32352,-3.335148,1.191580
32353,-0.260824,0.093187
32354,-0.427724,0.054604
32355,-0.749532,0.698220
32356,-2.742943,1.911146
32357,-3.427775,0.988831
32358,-2.598822,-0.147791
32359,-3.051264,1.365341
32360,-3.692957,1.652478
32361,-3.102206,1.246980
32362,-3.623490,1.246980
32363,-3.434289,1.911146
32364,-2.938128,0.142820
32365,-3.528889,1.579063
32366,-3.051264,1.365341
32367,-2.993868,1.030303
32368,-1.977662,0.988831
32369,-2.644197,-0.445042
32370,-3.088468,0.698220
32371,-2.706235,1.449729
32372,-3.051264,1.365341
32373,-1.011473,1.652478
32374,-1.934194,0.777479
32375,-3.484462,1.623490
32376,-1.557314,-0.109562
32377,-1.637893,1.955573
32378,-2.259209,0.777479
32379,-3.955573,1.911146
32380,-2.885719,0.900969
32381,-3.911146,1.955573
32382,-1.789708,1.246980
32383,-3.694931,1.911146
32384,-3.281713,1.826239
32385,-0.275975,0.123490
32386,-1.492359,1.781812
32387,-2.793116,1.623490
32388,0.295582,-0.147791
32389,-3.335148,1.191580
32390,-1.864156,-0.367711
32391,-3.167133,0.988831
32392,-2.242359,1.781812
32393,-3.822291,1.911146
32394,-0.787833,-0.623490
32395,-1.306849,1.246980
32396,-2.493959,1.246980
32397,-2.899457,1.449729
32398,-3.563623,1.781812
32399,-3.652478,1.826239
32400,-3.658223,1.449729
32401,-3.652478,1.826239
32402,-2.941449,0.149460
32403,-3.650504,1.955573
32404,-2.899457,1.449729
32405,-3.397582,1.449729
32406,-3.824265,1.781812
32407,-1.836861,1.579063
32408,-1.396440,0.698220
32409,-2.256195,-0.445042
32410,-2.711958,1.074730
32411,-3.822291,1.911146
32412,-2.899457,1.449729
32413,-3.563623,1.781812
32414,-2.155959,-0.425270
32415,-1.845869,0.988831
32416,-3.365341,0.730682
32417,-2.334986,1.579063
32418,-3.478716,2.000000
32419,-2.349870,0.603718
32420,-3.427775,0.988831
32421,-2.096023,2.000000
32422,-2.347897,0.733052
32423,-3.246980,1.623490
32424,-2.385621,1.030303
32425,-3.652478,1.826239
32426,-2.641828,1.320914
32427,-3.656250,1.579063
32428,-2.060606,1.030303
32429,-1.906779,-0.535628
32430,-1.977662,0.988831
32431,-2.873202,0.400969
32432,-4.000000,2.000000
32433,-2.144490,0.326239
32434,-3.911146,1.955573
32435,-3.656250,1.579063
32436,-3.304955,1.652478
32437,-2.316833,-1.233052
32438,-2.316833,-1.233052
32439,-3.324167,1.911146
32440,-3.324167,1.911146
32441,-3.246980,1.623490
32442,-2.311457,-0.722521
32443,-3.462508,1.191580
32444,-1.592048,0.093187
32445,-3.427775,0.988831
32446,-1.072099,0.777479
32447,-2.572099,-0.722521
32448,-3.563623,1.781812
32449,-3.088468,0.698220
32450,-3.692957,1.652478
32451,-2.837543,1.579063
32452,-2.837543,1.579063
32453,-3.779838,1.826239
32454,-2.374152,1.781812
32455,-3.779838,1.826239
32456,-3.563623,1.781812
32457,-3.051264,1.365341
32458,-3.694931,1.911146
32459,-3.434289,1.911146
32460,-3.427775,0.988831
32461,-0.167082,0.054604
32462,-0.710661,0.054604
32463,-2.060606,1.030303
32464,-3.158125,1.579063
32465,-2.294861,-0.367711
32466,-0.494415,-1.977662
32467,-2.742943,1.911146
32468,-2.872277,1.781812
32469,-3.911146,1.955573
32470,-0.709622,0.099031
32471,-0.734763,-0.722521
32472,-1.039051,0.266948
32473,-2.899457,1.449729
32474,-1.849772,0.733052
32475,-2.730682,1.365341
32476,-1.344281,-0.535628
32477,-3.650504,1.955573
32478,-2.711958,1.074730
32479,-1.594507,0.222521
32480,-2.261572,-0.955573
32481,-3.427775,0.988831
32482,-2.844057,0.730682
32483,-1.229693,-1.889800
32484,-2.941449,0.149460
32485,-2.641828,1.320914
32486,-1.636943,1.074730
32487,-1.309583,-0.955573
32488,-3.650504,1.955573
32489,-3.658223,1.449729
32490,-2.349870,0.603718
32491,-1.397882,0.603718
32492,-3.490208,1.246980
32493,-3.650504,1.955573
32494,-3.152379,1.955573
32495,-3.324167,1.911146
32496,-2.810768,0.142820
32497,-2.899457,1.449729
32498,-2.155959,-0.425270
32499,-2.336959,1.449729
32500,-1.801938,0.900969
32501,-2.261572,-0.955573
32502,-0.873667,-0.955573
32503,-0.490512,-1.721883
32504,-2.892753,0.440071
32505,-1.039051,0.266948
32506,-2.383160,1.191580
32507,-3.650504,1.955573
32508,-1.462714,0.222521
32509,-3.065499,1.781812
32510,-2.793116,1.623490
32511,-2.892753,0.440071
32512,-3.824265,1.781812
32513,-0.686458,-0.826239
32514,-0.728444,-1.634021
32515,-0.854474,-0.623490
32516,-2.394628,0.440071
32517,-2.109756,0.123490
32518,-3.694931,1.911146
32519,-2.669008,0.988831
32520,-3.911146,1.955573
32521,-3.528889,1.579063
32522,-2.892753,0.440071
32523,-3.065499,1.781812
32524,-0.916907,-0.365341
32525,-2.635719,0.400969
32526,-3.955573,1.911146
32527,-3.528889,1.579063
32528,-3.955573,1.911146
32529,-3.658223,1.449729
32530,-3.528889,1.579063
32531,-1.824442,1.449729
32532,-2.051596,1.911146
32533,-3.824265,1.781812
32534,-3.153395,0.440071
32535,-3.623490,1.246980
32536,-2.670453,0.603718
32537,-1.794458,-1.889800
32538,-3.427775,0.988831
32539,-3.822291,1.911146
32540,-2.106074,-0.658322
32541,-3.065499,1.781812
32542,-3.658223,1.449729
32543,-2.700489,1.826239
32544,-2.605388,-0.134659
32545,-3.911146,1.955573
32546,-3.324167,1.911146
32547,-3.215828,0.698220
32548,-3.652478,1.826239
32549,-3.652478,1.826239
32550,-2.336959,1.449729
32551,-3.911146,1.955573
32552,-1.978621,0.733052
32553,-3.167133,0.988831
32554,-3.658223,1.449729
32555,-2.730682,1.365341
32556,-3.658223,1.449729
32557,-3.161387,1.365341
32558,-1.558067,-1.233052
32559,-0.789708,-1.123490
32560,-3.167133,0.988831
32561,-2.410859,1.246980
32562,-3.528889,1.579063
32563,1.157677,-0.147791
32564,-2.654083,-0.425270
32565,-0.854474,-0.623490
32566,-1.594507,0.222521
32567,-1.955475,-0.826239
32568,-2.711958,1.074730
32569,-3.365341,0.730682
32570,-2.730682,1.365341
32571,-3.650504,1.955573
32572,-3.335148,1.191580
32573,-3.826239,1.652478
32574,-2.383160,1.191580
32575,-2.119812,-0.109562
32576,-2.844057,0.730682
32577,-3.822291,1.911146
32578,-3.656250,1.579063
32579,-3.650504,1.955573
32580,-0.137905,0.500000
32581,-1.988459,-1.889800
32582,-0.801039,-1.488831
32583,-0.266837,-0.445042
32584,-1.022292,-0.658322
32585,-3.462508,1.191580
32586,-1.978716,-1.000000
32587,-1.375695,-1.211352
32588,-1.233709,-0.623490
32589,-1.330319,-0.914101
32590,-0.298846,-0.722521
32591,-1.121986,-0.722521
32592,-1.594507,0.222521
32593,-3.326140,1.781812
32594,-3.158125,1.579063
32595,-2.669008,0.988831
32596,-1.944528,-1.977662
32597,-1.006419,-1.211352
32598,-2.899457,1.449729
32599,-2.259209,0.777479
32600,-3.088468,0.698220
32601,-1.713557,-0.535628
32602,-3.095692,1.320914
32603,-2.572099,-0.722521
32604,-3.563623,1.781812
32605,-3.658223,1.449729
32606,-3.051264,1.365341
32607,-3.095692,1.320914
32608,-2.696708,1.652478
32609,-3.658223,1.449729
32610,-2.136480,0.698220
32611,0.231673,-0.134659
32612,-2.793116,1.623490
32613,-2.793116,1.623490
32614,-2.184738,-0.367711
32615,-1.534266,-1.801938
32616,-0.911146,0.455573
32617,-3.158125,1.579063
32618,-3.427775,0.988831
32619,-3.656250,1.579063
32620,-3.167133,0.988831
32621,-3.824265,1.781812
32622,-2.964384,1.191580
32623,-0.319126,-0.162592
32624,-1.811776,-1.721883
32625,-3.692957,1.652478
32626,-2.964384,1.191580
32627,-2.670453,0.603718
32628,-3.427775,0.988831
32629,-2.155959,-0.425270
32630,-3.484462,1.623490
32631,-1.475625,-0.623490
32632,0.227885,-0.826239
32633,2.071636,-1.400969
32634,-1.462714,0.222521
32635,-3.652478,1.826239
32636,-2.883745,1.030303
32637,-3.304955,1.652478
32638,-2.383160,1.191580
32639,-3.335148,1.191580
32640,-2.385621,1.030303
32641,-3.161387,1.365341
32642,-2.641828,1.320914
32643,-3.123202,0.900969
32644,-3.692957,1.652478
32645,-3.866718,2.000000
32646,-2.669008,0.988831
32647,-2.540461,0.123490
32648,-2.371693,1.652478
32649,-2.696708,1.652478
32650,-3.232059,0.730682
32651,-2.641828,1.320914
32652,-3.658223,1.449729
32653,-2.518736,1.074730
32654,-3.427775,0.988831
32655,-2.184738,-0.367711
32656,-1.944528,-1.977662
32657,-3.397582,1.449729
32658,-2.334986,1.579063
32659,-3.335148,1.191580
32660,-2.541119,0.733052
32661,-1.955475,-0.826239
32662,-0.256645,0.142820
32663,-2.109756,0.123490
32664,-3.484462,1.623490
32665,-3.911146,1.955573
32666,-3.650504,1.955573
32667,-3.397582,1.449729
32668,0.413119,1.652478
32669,-0.828197,0.988831
32670,-2.235810,0.730682
32671,-0.621791,-0.955573
32672,-1.717542,-0.914101
32673,-3.563623,1.781812
32674,-2.730682,1.365341
32675,-3.215828,0.698220
32676,-1.955475,-0.826239
32677,-3.911146,1.955573
32678,-2.730682,1.365341
32679,-2.872277,1.781812
32680,-3.563623,1.781812
32681,-1.200484,0.900969
32682,-3.911146,1.955573
32683,-3.911146,1.955573
32684,-3.324167,1.911146
32685,-1.551012,1.781812
32686,-2.493959,1.246980
32687,-3.563623,1.781812
32688,-3.822291,1.911146
32689,-3.826239,1.652478
32690,-3.326140,1.781812
32691,-1.813332,-0.722521
32692,-2.294861,-0.367711
32693,-1.801938,0.900969
32694,-3.158125,1.579063
32695,-2.316833,-1.233052
32696,-1.225625,-1.123490
32697,-2.149460,1.074730
32698,-1.300576,-0.365341
32699,-2.168944,1.246980
32700,-1.760035,1.320914
32701,-3.826239,1.652478
32702,-2.181855,0.400969
32703,-2.294861,-0.367711
32704,-1.877888,-1.977662
32705,-3.478716,2.000000
32706,-1.977662,0.988831
32707,-2.242359,1.781812
32708,-2.261572,-0.955573
32709,-2.056191,-1.233052
32710,-3.824265,1.781812
32711,-3.824265,1.781812
32712,-2.844057,0.730682
32713,-2.780575,0.603718
32714,-3.652478,1.826239
32715,-3.335148,1.191580
32716,-1.849772,0.733052
32717,-1.593993,0.988831
32718,-2.430339,0.123490
32719,-3.822291,1.911146
32720,-3.333174,1.320914
32721,-3.161387,1.365341
32722,-0.490512,-1.721883
32723,-0.628209,0.455573
32724,-3.484462,1.623490
32725,-3.051264,1.365341
32726,-2.540461,0.123490
32727,-3.694931,1.911146
32728,-3.484462,1.623490
32729,-3.246980,1.623490
32730,-2.371693,1.652478
32731,-2.993868,1.030303
32732,-2.641828,1.320914
32733,-2.466259,1.191580
32734,-0.417598,-0.367711
32735,-1.524320,-0.914101
32736,-1.154522,0.988831
32737,-3.824265,1.781812
32738,0.263556,-0.955573
32739,-3.650504,1.955573
32740,-2.576901,1.579063
32741,-2.461033,1.955573
32742,-2.181855,0.400969
32743,-1.890808,-0.955573
32744,-2.149460,1.074730
32745,-2.964384,1.191580
32746,-0.215380,0.266948
32747,0.320225,0.455573
32748,-2.872277,1.781812
32749,-3.563623,1.781812
32750,-3.484462,1.623490
32751,-3.911146,1.955573
32752,-2.826042,1.911146
32753,-2.641828,1.320914
32754,-3.333174,1.320914
32755,-3.335148,1.191580
32756,-2.383160,1.191580
32757,-3.911146,1.955573
32758,-3.246980,1.623490
32759,-0.319126,-0.162592
32760,0.073974,-0.445042
32761,-1.794458,-1.889800
32762,-2.430339,0.123490
32763,-2.835050,1.320914
32764,-4.000000,2.000000
32765,-2.669008,0.988831
32766,-3.563623,1.781812
32767,-3.822291,1.911146
32768,-2.711958,1.074730
32769,-3.065499,1.781812
32770,-2.885719,0.900969
32771,-3.158125,1.579063
32772,-3.650504,1.955573
32773,-3.490208,1.246980
32774,-3.652478,1.826239
32775,-3.095692,1.320914
32776,-3.650504,1.955573
32777,-3.427775,0.988831
32778,-3.824265,1.781812
32779,-0.583781,0.500000
32780,-1.574293,-1.721883
32781,-2.892753,0.440071
32782,-2.780575,0.603718
32783,-3.215828,0.698220
32784,-3.304955,1.652478
32785,-3.215828,0.698220
32786,-3.326140,1.781812
32787,-3.822291,1.911146
32788,-3.158125,1.579063
32789,-2.349870,0.603718
32790,-2.885719,0.900969
32791,-2.669008,0.988831
32792,-3.161387,1.365341
32793,-0.650969,0.099031
32794,-3.152379,1.955573
32795,-1.864156,-0.367711
32796,-2.383160,1.191580
32797,-2.885719,0.900969
32798,-1.773241,0.455573
32799,-1.922262,1.652478
32800,-3.065499,1.781812
32801,-3.563623,1.781812
32802,-1.734301,-1.488831
32803,-1.801938,0.900969
32804,-3.911146,1.955573
32805,-2.302521,1.030303
32806,-1.551584,-1.634021
32807,-3.826239,1.652478
32808,-2.461033,1.955573
32809,-2.883745,1.030303
32810,-2.181855,0.400969
32811,-3.427775,0.988831
32812,-1.284124,-0.134659
32813,-3.478716,2.000000
32814,-3.652478,1.826239
32815,-2.844057,0.730682
32816,-3.304955,1.652478
32817,-3.167133,0.988831
32818,-0.801938,0.400969
32819,-1.864156,-0.367711
32820,-2.835050,1.320914
32821,-3.095692,1.320914
32822,-0.709394,0.440071
32823,-3.123202,0.900969
32824,-2.885719,0.900969
32825,-2.119812,-0.109562
32826,-1.551938,0.400969
32827,-3.324167,1.911146
32828,-3.158125,1.579063
32829,-3.167133,0.988831
32830,-3.490208,1.246980
32831,-3.652478,1.826239
32832,-1.945199,0.149460
32833,0.748859,-0.162592
32834,-2.810768,0.142820
32835,0.110414,0.266948
32836,-1.396440,0.698220
32837,-3.158125,1.579063
32838,1.911146,-0.955573
32839,-0.735570,1.191580
32840,-2.383160,1.191580
32841,-3.563623,1.781812
32842,-3.335148,1.191580
32843,-2.654083,-0.425270
32844,-3.333174,1.320914
32845,-3.158125,1.579063
32846,-2.060606,1.030303
32847,-3.652478,1.826239
32848,-3.161387,1.365341
32849,-1.775215,0.326239
32850,-3.484462,1.623490
32851,-3.652478,1.826239
32852,-3.246980,1.623490
32853,-2.873202,0.400969
32854,-3.650504,1.955573
32855,-2.060606,1.030303
32856,-3.656250,1.579063
32857,-3.158125,1.579063
32858,-2.872277,1.781812
32859,-1.624178,-1.488831
32860,-3.304955,1.652478
32861,-2.272552,1.320914
32862,-2.641828,1.320914
32863,-3.333174,1.320914
32864,-3.335148,1.191580
32865,-2.873202,0.400969
32866,-1.225625,-1.123490
32867,1.296495,0.777479
32868,-2.011910,1.320914
32869,-3.153395,0.440071
32870,-1.960449,1.826239
32871,-2.964384,1.191580
32872,-2.466259,1.191580
32873,-3.051264,1.365341
32874,-2.835050,1.320914
32875,-1.210838,0.222521
32876,-2.337712,0.326239
32877,-3.065499,1.781812
32878,-3.484462,1.623490
32879,-1.168783,-0.365341
32880,-2.553446,0.149460
32881,-1.558067,-1.233052
32882,-2.576901,1.579063
32883,-1.014727,-0.162592
32884,-1.731730,-0.277479
32885,-2.810768,0.142820
32886,-3.427775,0.988831
32887,-3.911146,1.955573
32888,-3.652478,1.826239
32889,-3.822291,1.911146
32890,-3.158125,1.579063
32891,-1.858780,0.142820
32892,-3.161387,1.365341
32893,-2.349870,0.603718
32894,-3.158125,1.579063
32895,-3.563623,1.781812
32896,-1.442336,-1.211352
32897,-3.335148,1.191580
32898,-2.730682,1.365341
32899,-3.490208,1.246980
32900,-1.775215,0.326239
32901,-3.652478,1.826239
32902,-2.385621,1.030303
32903,-3.152379,1.955573
32904,-2.430339,0.123490
32905,-3.161387,1.365341
32906,-3.822291,1.911146
32907,-0.024843,0.149460
32908,-1.762008,1.191580
32909,-3.335148,1.191580
32910,-3.652478,1.826239
32911,-3.158125,1.579063
32912,-1.554958,0.777479
32913,-1.690819,-1.488831
32914,-3.123202,0.900969
32915,-3.281713,1.826239
32916,-3.065499,1.781812
32917,-2.993868,1.030303
32918,-2.563163,1.030303
32919,0.142962,-1.488831
32920,0.484750,0.900969
32921,-2.899457,1.449729
32922,-3.167133,0.988831
32923,-2.859464,-0.147791
32924,-2.343556,-0.658322
32925,-2.144490,0.326239
32926,-3.692957,1.652478
32927,-2.526723,-0.425270
32928,-1.462714,0.222521
32929,-0.932879,0.054604
32930,0.130578,0.142820
32931,-1.551584,-1.634021
32932,-3.563623,1.781812
32933,-2.872277,1.781812
32934,-3.123202,0.900969
32935,-3.427775,0.988831
32936,-1.229497,0.266948
32937,-3.158125,1.579063
32938,-2.056191,-1.233052
32939,-3.365341,0.730682
32940,-3.478716,2.000000
32941,-1.836861,1.579063
32942,-3.326140,1.781812
32943,-3.490208,1.246980
32944,-3.397582,1.449729
32945,-3.304955,1.652478
32946,-2.730682,1.365341
32947,-3.822291,1.911146
32948,-3.333174,1.320914
32949,-3.484462,1.623490
32950,-2.385621,1.030303
32951,-1.833963,0.093187
32952,-2.144490,0.326239
32953,-2.899457,1.449729
32954,-2.711958,1.074730
32955,-3.095692,1.320914
32956,-3.824265,1.781812
32957,-3.335148,1.191580
32958,-3.658223,1.449729
32959,-2.461033,1.955573
32960,-2.349870,0.603718
32961,-3.161387,1.365341
32962,-1.306849,1.246980
32963,-3.650504,1.955573
32964,-3.326140,1.781812
32965,-2.883745,1.030303
32966,-1.558725,-0.623490
32967,-2.670453,0.603718
32968,-3.911146,1.955573
32969,-3.563623,1.781812
32970,-2.964384,1.191580
32971,-2.938128,0.142820
32972,-2.885719,0.900969
32973,-1.933731,0.900969
32974,-3.623490,1.246980
32975,-2.116349,-1.634021
32976,-2.371693,1.652478
32977,-2.885719,0.900969
32978,-3.051264,1.365341
32979,-3.824265,1.781812
32980,-2.431855,0.900969
32981,-3.434289,1.911146
32982,-2.015156,0.455573
32983,-1.652210,-0.658322
32984,-3.158125,1.579063
32985,-3.658223,1.449729
32986,-2.793116,1.623490
32987,-2.883745,1.030303
32988,-2.700489,1.826239
32989,-2.493959,1.246980
32990,-3.161387,1.365341
32991,-3.822291,1.911146
32992,-3.335148,1.191580
32993,-3.158125,1.579063
32994,-2.810768,0.142820
32995,-2.873202,0.400969
32996,-3.478716,2.000000
32997,-3.650504,1.955573
32998,-0.285935,0.123490
32999,-2.669008,0.988831
33000,-2.641828,1.320914
33001,-3.158125,1.579063
33002,-3.656250,1.579063
33003,-3.333174,1.320914
33004,-3.563623,1.781812
33005,-2.208111,1.449729
33006,-2.431855,0.900969
33007,-3.826239,1.652478
33008,-3.563623,1.781812
33009,-3.335148,1.191580
33010,-2.641828,1.320914
33011,-2.810768,0.142820
33012,-3.824265,1.781812
33013,-3.563623,1.781812
33014,-2.541119,0.733052
33015,-3.484462,1.623490
33016,-2.181855,0.400969
33017,-3.335148,1.191580
33018,-3.397582,1.449729
33019,-2.461033,1.955573
33020,-3.658223,1.449729
33021,-1.745664,-1.466104
33022,-0.686458,-0.826239
33023,-3.246980,1.623490
33024,-2.859464,-0.147791
33025,-0.926428,-1.721883
33026,-1.474108,-1.400969
33027,-3.427775,0.988831
33028,-3.095692,1.320914
33029,-1.375695,-1.211352
33030,-2.383160,1.191580
33031,-2.100697,-0.147791
33032,-2.526723,-0.425270
33033,-3.692957,1.652478
33034,-3.650504,1.955573
33035,-2.371693,1.652478
33036,-3.088468,0.698220
33037,-2.964384,1.191580
33038,-3.955573,1.911146
33039,-3.434289,1.911146
33040,-3.528889,1.579063
33041,-3.866718,2.000000
33042,-2.141244,1.191580
33043,-3.246980,1.623490
33044,-3.955573,1.911146
33045,-3.563623,1.781812
33046,-3.088468,0.698220
33047,-2.635719,0.400969
33048,-1.775215,0.326239
33049,-2.259209,0.777479
33050,-1.200484,0.900969
33051,-3.123202,0.900969
33052,-2.316833,-1.233052
33053,-3.123202,0.900969
33054,-3.333174,1.320914
33055,-0.143651,0.123490
33056,-1.133363,0.455573
33057,-1.123325,0.054604
33058,-3.563623,1.781812
33059,-3.268248,1.579063
33060,-3.692957,1.652478
33061,-3.911146,1.955573
33062,-2.374152,1.781812
33063,-3.528889,1.579063
33064,-3.779838,1.826239
33065,-3.153395,0.440071
33066,-3.095692,1.320914
33067,-0.985218,0.603718
33068,-1.344281,-0.535628
33069,-3.088468,0.698220
33070,-3.167133,0.988831
33071,-2.347897,0.733052
33072,-3.326140,1.781812
33073,-2.641828,1.320914
33074,-3.281713,1.826239
33075,-2.605388,-0.134659
33076,-2.993868,1.030303
33077,-2.302521,1.030303
33078,-3.153395,0.440071
33079,-1.683887,-1.977662
33080,-2.598822,-0.147791
33081,-3.658223,1.449729
33082,-3.955573,1.911146
33083,-2.015156,0.455573
33084,-1.123325,0.054604
33085,-2.038874,-1.400969
33086,-1.643120,1.191580
33087,-3.427775,0.988831
33088,-3.167133,0.988831
33089,-3.866718,2.000000
33090,-3.824265,1.781812
33091,-2.526723,-0.425270
33092,-2.837543,1.579063
33093,-3.563623,1.781812
33094,-3.427775,0.988831
33095,-2.899457,1.449729
33096,-3.692957,1.652478
33097,-2.572099,-0.722521
33098,-2.598822,-0.147791
33099,-3.152379,1.955573
33100,-3.102206,1.246980
33101,-3.397582,1.449729
33102,-1.661706,-1.634021
33103,-0.974766,1.579063
33104,-2.810768,0.142820
33105,-3.333174,1.320914
33106,-2.261572,-0.955573
33107,-3.158125,1.579063
33108,-2.119812,-0.109562
33109,-3.152379,1.955573
33110,-2.119812,-0.109562
33111,-2.885719,0.900969
33112,-0.823226,0.326239
33113,-3.326140,1.781812
33114,-3.652478,1.826239
33115,-3.824265,1.781812
33116,-2.641828,1.320914
33117,-2.316833,-1.233052
33118,-2.941449,0.149460
33119,-3.826239,1.652478
33120,-3.563623,1.781812
33121,-3.652478,1.826239
33122,-3.158125,1.579063
33123,-3.822291,1.911146
33124,-0.362971,-1.466104
33125,0.175738,1.623490
33126,-2.060606,1.030303
33127,-3.167133,0.988831
33128,-3.158125,1.579063
33129,-2.730682,1.365341
33130,-3.161387,1.365341
33131,-0.854474,-0.623490
33132,-0.728444,-1.634021
33133,-1.314088,-0.074730
33134,-3.088468,0.698220
33135,-2.106074,-0.658322
33136,-2.242359,1.781812
33137,-3.152379,1.955573
33138,-2.711958,1.074730
33139,-3.484462,1.623490
33140,-3.911146,1.955573
33141,-1.445133,0.698220
33142,-2.576901,1.579063
33143,-3.824265,1.781812
33144,-3.694931,1.911146
33145,-2.993868,1.030303
33146,-2.964384,1.191580
33147,-1.558725,-0.623490
33148,-0.140335,-0.147791
33149,-3.324167,1.911146
33150,-3.824265,1.781812
33151,-1.594507,0.222521
33152,-2.431855,0.900969
33153,0.035309,-0.367711
33154,-3.335148,1.191580
33155,-4.000000,2.000000
33156,-2.383160,1.191580
33157,-1.396440,0.698220
33158,-3.652478,1.826239
33159,-3.658223,1.449729
33160,-2.119812,-0.109562
33161,-1.349578,0.500000
33162,-3.652478,1.826239
33163,-3.490208,1.246980
33164,-3.153395,0.440071
33165,-3.167133,0.988831
33166,-2.060606,1.030303
33167,-1.574293,-1.721883
33168,-2.572099,-0.722521
33169,-0.368582,0.440071
33170,-3.484462,1.623490
33171,-2.394628,0.440071
33172,-3.152379,1.955573
33173,-1.396440,0.698220
33174,-2.810768,0.142820
33175,-3.656250,1.579063
33176,-3.397582,1.449729
33177,-3.658223,1.449729
33178,-2.374152,1.781812
33179,-3.911146,1.955573
33180,-2.383160,1.191580
33181,-1.690819,-1.488831
33182,-1.384971,1.449729
33183,-2.872277,1.781812
33184,-3.658223,1.449729
33185,-3.478716,2.000000
33186,-1.801938,0.900969
33187,-3.333174,1.320914
33188,-0.520157,-0.162592
33189,-2.717704,0.698220
33190,-3.427775,0.988831
33191,-3.824265,1.781812
33192,-2.374152,1.781812
33193,-1.922262,1.652478
33194,-3.484462,1.623490
33195,-3.656250,1.579063
33196,-3.563623,1.781812
33197,-3.484462,1.623490
33198,-3.333174,1.320914
33199,-2.572099,-0.722521
33200,-3.563623,1.781812
33201,-3.563623,1.781812
33202,-3.397582,1.449729
33203,-3.656250,1.579063
33204,-2.859464,-0.147791
33205,-1.168783,-0.365341
33206,-3.824265,1.781812
33207,-2.700489,1.826239
33208,-3.563623,1.781812
33209,-3.656250,1.579063
33210,-3.324167,1.911146
33211,-1.824442,1.449729
33212,-2.349870,0.603718
33213,-2.635719,0.400969
33214,-3.333174,1.320914
33215,-2.367905,-0.134659
33216,-2.430339,0.123490
33217,-3.484462,1.623490
33218,-2.163198,1.623490
33219,-1.977662,0.988831
33220,-3.822291,1.911146
33221,-2.835050,1.320914
33222,-3.484462,1.623490
33223,-3.478716,2.000000
33224,-1.977662,0.988831
33225,-3.824265,1.781812
33226,-3.656250,1.579063
33227,-3.563623,1.781812
33228,-3.822291,1.911146
33229,-1.171501,-0.623490
33230,-3.065499,1.781812
33231,-3.427775,0.988831
33232,-1.922262,1.652478
33233,-3.153395,0.440071
33234,-2.730682,1.365341
33235,-3.304955,1.652478
33236,-3.304955,1.652478
33237,-3.324167,1.911146
33238,-3.911146,1.955573
33239,-3.911146,1.955573
33240,-3.911146,1.955573
33241,-3.911146,1.955573
33242,-2.181855,0.400969
33243,-1.771749,-1.801938
33244,-2.540461,0.123490
33245,-3.153395,0.440071
33246,-3.866718,2.000000
33247,-3.088468,0.698220
33248,-3.123202,0.900969
33249,-3.911146,1.955573
33250,-1.574735,-0.425270
33251,-2.394628,0.440071
33252,-2.669008,0.988831
33253,-3.065499,1.781812
33254,-3.692957,1.652478
33255,-3.911146,1.955573
33256,-3.268248,1.579063
33257,-3.232059,0.730682
33258,-3.911146,1.955573
33259,-3.281713,1.826239
33260,-3.232059,0.730682
33261,-2.410859,1.246980
33262,-3.528889,1.579063
33263,-3.563623,1.781812
33264,-3.051264,1.365341
33265,-3.779838,1.826239
33266,-2.837543,1.579063
33267,-2.835050,1.320914
33268,-3.779838,1.826239
33269,-3.955573,1.911146
33270,-2.563163,1.030303
33271,-1.926590,-0.109562
33272,-0.195042,-0.277479
33273,-3.281713,1.826239
33274,-3.694931,1.911146
33275,-3.484462,1.623490
33276,-2.056191,-1.233052
33277,-0.983709,-1.123490
33278,-1.794458,-1.889800
33279,-0.596023,-1.000000
33280,-2.133667,-1.466104
33281,-1.409351,-0.147791
33282,-1.086885,-1.400969
33283,-2.235810,0.730682
33284,-1.254687,0.698220
33285,-3.167133,0.988831
33286,-3.246980,1.623490
33287,-3.326140,1.781812
33288,-2.272552,1.320914
33289,-1.717542,-0.914101
33290,-3.462508,1.191580
33291,-3.650504,1.955573
33292,-1.824442,1.449729
33293,-2.242359,1.781812
33294,-2.635719,0.400969
33295,-2.116349,-1.634021
33296,-2.644197,-0.445042
33297,-1.855707,-1.634021
33298,-3.692957,1.652478
33299,-3.434289,1.911146
33300,-1.977662,0.988831
33301,-2.899457,1.449729
33302,-1.314088,-0.074730
33303,-2.394628,0.440071
33304,-3.427775,0.988831
33305,-3.246980,1.623490
33306,-2.371693,1.652478
33307,-2.938128,0.142820
33308,-3.194833,1.652478
33309,-2.711958,1.074730
33310,-2.431855,0.900969
33311,-1.133363,0.455573
33312,-2.015156,0.455573
33313,-2.576901,1.579063
33314,-3.563623,1.781812
33315,-1.928302,-1.488831
33316,-2.941449,0.149460
33317,0.554958,-0.277479
33318,-2.669008,0.988831
33319,-3.123202,0.900969
33320,-1.032469,0.698220
33321,-0.861260,0.222521
33322,-1.858780,0.142820
33323,-2.717704,0.698220
33324,-3.652478,1.826239
33325,-3.652478,1.826239
33326,-3.822291,1.911146
33327,-4.000000,2.000000
33328,-3.490208,1.246980
33329,0.105995,1.955573
33330,-3.194833,1.652478
33331,-3.658223,1.449729
33332,-2.141244,1.191580
33333,-2.872277,1.781812
33334,-3.152379,1.955573
33335,-2.461033,1.955573
33336,-3.268248,1.579063
33337,-2.837543,1.579063
33338,-2.670453,0.603718
33339,-2.526723,-0.425270
33340,-3.268248,1.579063
33341,-2.311457,-0.722521
33342,-0.276723,-0.425270
33343,-2.060606,1.030303
33344,-3.822291,1.911146
33345,-2.717704,0.698220
33346,-3.158125,1.579063
33347,-2.873202,0.400969
33348,-2.899457,1.449729
33349,-2.334986,1.579063
33350,-0.983246,-1.000000
33351,-2.259209,0.777479
33352,-3.692957,1.652478
33353,-1.960449,1.826239
33354,-3.065499,1.781812
33355,-3.102206,1.246980
33356,-3.281713,1.826239
33357,-2.371693,1.652478
33358,-1.934194,0.777479
33359,-3.623490,1.246980
33360,-2.641828,1.320914
33361,-3.065499,1.781812
33362,-3.194833,1.652478
33363,-3.167133,0.988831
33364,-3.326140,1.781812
33365,-3.434289,1.911146
33366,-2.670453,0.603718
33367,-1.652210,-0.658322
33368,-2.641828,1.320914
33369,-3.051264,1.365341
33370,-2.670453,0.603718
33371,-2.563163,1.030303
33372,-3.658223,1.449729
33373,-0.087490,0.011169
33374,-1.928302,-1.488831
33375,-1.890808,-0.955573
33376,-1.593993,0.988831
33377,-3.434289,1.911146
33378,-3.088468,0.698220
33379,-2.641828,1.320914
33380,-2.696708,1.652478
33381,-3.397582,1.449729
33382,-3.911146,1.955573
33383,-3.268248,1.579063
33384,-3.779838,1.826239
33385,-3.268248,1.579063
33386,-3.528889,1.579063
33387,-3.779838,1.826239
33388,0.123782,-0.147791
33389,-1.006419,-1.211352
33390,-0.637763,-0.535628
33391,-1.713557,-0.535628
33392,-3.161387,1.365341
33393,-1.309583,-0.955573
33394,-0.027125,-0.109562
33395,-1.180804,0.266948
33396,-0.879043,-1.466104
33397,-1.014727,-0.162592
33398,-3.911146,1.955573
33399,0.001504,0.400969
33400,-2.641828,1.320914
33401,-3.911146,1.955573
33402,-2.835050,1.320914
33403,-3.490208,1.246980
33404,-0.643478,-0.033258
33405,-3.304955,1.652478
33406,-3.652478,1.826239
33407,-3.826239,1.652478
33408,-0.186374,0.093187
33409,-2.334986,1.579063
33410,-3.652478,1.826239
33411,-2.493959,1.246980
33412,-3.822291,1.911146
33413,-2.859464,-0.147791
33414,-1.357582,-1.634021
33415,-3.158125,1.579063
33416,-1.396440,0.698220
33417,-3.333174,1.320914
33418,-3.652478,1.826239
33419,-3.326140,1.781812
33420,-3.563623,1.781812
33421,-2.872277,1.781812
33422,-3.304955,1.652478
33423,-3.484462,1.623490
33424,-2.899457,1.449729
33425,-2.859464,-0.147791
33426,-2.572099,-0.722521
33427,0.262522,-0.425270
33428,-1.733246,0.500000
33429,-3.268248,1.579063
33430,-3.268248,1.579063
33431,-3.326140,1.781812
33432,-2.605388,-0.134659
33433,-3.434289,1.911146
33434,-3.194833,1.652478
33435,-1.154522,0.988831
33436,-3.563623,1.781812
33437,-2.993868,1.030303
33438,-2.576901,1.579063
33439,-2.015156,0.455573
33440,-3.484462,1.623490
33441,-3.824265,1.781812
33442,-2.993868,1.030303
33443,-3.194833,1.652478
33444,-2.793116,1.623490
33445,-3.434289,1.911146
33446,-3.692957,1.652478
33447,-2.742943,1.911146
33448,-3.692957,1.652478
33449,-2.964384,1.191580
33450,-3.658223,1.449729
33451,-3.528889,1.579063
33452,-0.749532,0.698220
33453,-1.801938,0.900969
33454,-0.652478,0.326239
33455,-2.641828,1.320914
33456,-1.988459,-1.889800
33457,-1.275116,0.455573
33458,-3.246980,1.623490
33459,-1.864156,-0.367711
33460,-1.253943,-1.233052
33461,-3.824265,1.781812
33462,-3.623490,1.246980
33463,-2.873202,0.400969
33464,-1.420728,1.030303
33465,-3.563623,1.781812
33466,-2.696708,1.652478
33467,-2.706235,1.449729
33468,-3.434289,1.911146
33469,-1.607199,0.123490
33470,-2.885719,0.900969
33471,-1.284124,-0.134659
33472,-2.717704,0.698220
33473,-3.656250,1.579063
33474,-3.484462,1.623490
33475,-0.438255,-0.623490
33476,-1.648630,-0.277479
33477,1.115691,-0.955573
33478,-0.168606,-0.033258
33479,-1.833963,0.093187
33480,-2.654083,-0.425270
33481,-2.541119,0.733052
33482,-3.911146,1.955573
33483,-3.650504,1.955573
33484,-3.824265,1.781812
33485,-2.641828,1.320914
33486,-2.518736,1.074730
33487,-2.099031,-1.801938
33488,-0.131918,-0.033258
33489,-0.246980,0.123490
33490,-3.161387,1.365341
33491,-0.285640,0.142820
33492,-1.717542,-0.914101
33493,-1.592048,0.093187
33494,-1.934194,0.777479
33495,-2.859464,-0.147791
33496,-3.065499,1.781812
33497,-3.051264,1.365341
33498,-2.343556,-0.658322
33499,-3.153395,0.440071
33500,-1.492359,1.781812
33501,-2.844057,0.730682
33502,-3.158125,1.579063
33503,-3.427775,0.988831
33504,-2.844057,0.730682
33505,-2.780575,0.603718
33506,-3.158125,1.579063
33507,-1.474108,-1.400969
33508,-3.194833,1.652478
33509,-3.434289,1.911146
33510,-3.194833,1.652478
33511,-3.074730,0.149460
33512,-3.194833,1.652478
33513,-2.837543,1.579063
33514,-2.873202,0.400969
33515,-3.102206,1.246980
33516,-2.388932,-0.955573
33517,-3.123202,0.900969
33518,-3.911146,1.955573
33519,-3.623490,1.246980
33520,-1.873490,-1.123490
33521,-2.099031,-1.801938
33522,-3.065499,1.781812
33523,-2.302521,1.030303
33524,-3.194833,1.652478
33525,-3.824265,1.781812
33526,-3.694931,1.911146
33527,-2.208111,1.449729
33528,0.873490,1.623490
33529,-1.917063,0.093187
33530,-3.563623,1.781812
33531,-2.109756,0.123490
33532,-3.650504,1.955573
33533,-2.706235,1.449729
33534,-3.779838,1.826239
33535,-3.694931,1.911146
33536,-2.228125,1.365341
33537,-3.563623,1.781812
33538,-2.394628,0.440071
33539,-1.003761,1.579063
33540,-1.847313,0.603718
33541,-2.005777,-1.721883
33542,-1.878417,-1.721883
33543,-1.955475,-0.826239
33544,-2.885719,0.900969
33545,-3.911146,1.955573
33546,-2.883745,1.030303
33547,-3.563623,1.781812
33548,-0.880142,0.440071
33549,-1.864156,-0.367711
33550,-3.490208,1.246980
33551,-3.563623,1.781812
33552,-3.911146,1.955573
33553,-3.656250,1.579063
33554,-2.777479,-0.445042
33555,-3.656250,1.579063
33556,-1.554958,0.777479
33557,-3.161387,1.365341
33558,-2.430339,0.123490
33559,-3.824265,1.781812
33560,-1.314088,-0.074730
33561,-1.717542,-0.914101
33562,-3.152379,1.955573
33563,-1.466104,0.733052
33564,-2.635719,0.400969
33565,-3.281713,1.826239
33566,-3.824265,1.781812
33567,-2.553446,0.149460
33568,-3.955573,1.911146
33569,-3.095692,1.320914
33570,-2.388932,-0.955573
33571,-2.466259,1.191580
33572,-2.136480,0.698220
33573,-3.779838,1.826239
33574,-2.711958,1.074730
33575,-2.711958,1.074730
33576,-2.835050,1.320914
33577,-3.694931,1.911146
33578,-2.706235,1.449729
33579,-3.692957,1.652478
33580,-2.899457,1.449729
33581,-1.648630,-0.277479
33582,-3.462508,1.191580
33583,-3.911146,1.955573
33584,-0.259807,0.222521
33585,-0.140335,-0.147791
33586,-3.911146,1.955573
33587,-1.413198,1.623490
33588,-1.574735,-0.425270
33589,-2.964384,1.191580
33590,-3.281713,1.826239
33591,-2.872277,1.781812
33592,-3.462508,1.191580
33593,-3.427775,0.988831
33594,-1.873490,-1.123490
33595,-3.484462,1.623490
33596,-2.810768,0.142820
33597,-3.563623,1.781812
33598,-2.394628,0.440071
33599,-2.060606,1.030303
33600,-3.158125,1.579063
33601,-3.304955,1.652478
33602,-2.874250,1.652478
33603,-3.427775,0.988831
33604,-3.335148,1.191580
33605,-1.988459,-1.889800
33606,-1.928302,-1.488831
33607,-3.335148,1.191580
33608,-4.000000,2.000000
33609,-1.921819,-1.889800
33610,-1.180804,0.266948
33611,-3.779838,1.826239
33612,-2.110972,-1.123490
33613,-1.849772,0.733052
33614,-3.692957,1.652478
33615,-0.621791,-0.955573
33616,-0.272214,-0.955573
33617,-3.911146,1.955573
33618,-3.490208,1.246980
33619,-3.478716,2.000000
33620,-2.793116,1.623490
33621,-1.275116,0.455573
33622,-0.599578,-1.000000
33623,-3.652478,1.826239
33624,-1.593993,0.988831
33625,-3.484462,1.623490
33626,-2.717704,0.698220
33627,-2.242359,1.781812
33628,-1.214222,1.449729
33629,-3.158125,1.579063
33630,-0.873502,-0.445042
33631,-3.095692,1.320914
33632,-1.955475,-0.826239
33633,-3.955573,1.911146
33634,-2.870469,2.000000
33635,-2.141244,1.191580
33636,-3.462508,1.191580
33637,-2.576901,1.579063
33638,-2.208111,1.449729
33639,-2.899457,1.449729
33640,-1.960449,1.826239
33641,-3.528889,1.579063
33642,-3.658223,1.449729
33643,-3.563623,1.781812
33644,-3.866718,2.000000
33645,-2.563163,1.030303
33646,-1.849772,0.733052
33647,-3.102206,1.246980
33648,-3.692957,1.652478
33649,-3.427775,0.988831
33650,-3.051264,1.365341
33651,-2.964384,1.191580
33652,-1.349189,0.603718
33653,-2.885719,0.900969
33654,-3.658223,1.449729
33655,-2.670453,0.603718
33656,-3.462508,1.191580
33657,-3.095692,1.320914
33658,-3.281713,1.826239
33659,-3.095692,1.320914
33660,-2.938128,0.142820
33661,-3.528889,1.579063
33662,-3.911146,1.955573
33663,-3.650504,1.955573
33664,-3.153395,0.440071
33665,-3.427775,0.988831
33666,0.734671,0.698220
33667,-3.095692,1.320914
33668,-2.598822,-0.147791
33669,-2.810768,0.142820
33670,-3.656250,1.579063
33671,-2.176109,0.777479
33672,-2.060606,1.030303
33673,-2.717704,0.698220
33674,-3.158125,1.579063
33675,-3.822291,1.911146
33676,-3.123202,0.900969
33677,-2.176109,0.777479
33678,-3.246980,1.623490
33679,-3.490208,1.246980
33680,-2.885719,0.900969
33681,-2.780575,0.603718
33682,-2.605388,-0.134659
33683,-1.873490,-1.123490
33684,-2.367905,-0.134659
33685,-3.161387,1.365341
33686,-3.326140,1.781812
33687,-2.242359,1.781812
33688,-4.000000,2.000000
33689,-1.978621,0.733052
33690,-3.490208,1.246980
33691,-2.011910,1.320914
33692,-4.000000,2.000000
33693,-3.652478,1.826239
33694,-1.858780,0.142820
33695,-0.521367,-0.277479
33696,-3.065499,1.781812
33697,-3.779838,1.826239
33698,-3.427775,0.988831
33699,-0.688917,1.781812
33700,-3.051264,1.365341
33701,-0.415545,-0.535628
33702,-2.466259,1.191580
33703,-3.397582,1.449729
33704,-3.462508,1.191580
33705,-3.427775,0.988831
33706,-3.095692,1.320914
33707,-3.065499,1.781812
33708,-2.431855,0.900969
33709,-2.302521,1.030303
33710,-2.859464,-0.147791
33711,-3.824265,1.781812
33712,-0.272292,-0.658322
33713,-3.281713,1.826239
33714,-3.194833,1.652478
33715,-1.210838,0.222521
33716,-3.650504,1.955573
33717,-3.333174,1.320914
33718,-0.824281,-0.162592
33719,-2.383160,1.191580
33720,-3.911146,1.955573
33721,-3.650504,1.955573
33722,-4.000000,2.000000
33723,-2.242359,1.781812
33724,-3.065499,1.781812
33725,-2.700489,1.826239
33726,-2.883745,1.030303
33727,-2.941449,0.149460
33728,-2.873202,0.400969
33729,-2.717704,0.698220
33730,-3.158125,1.579063
33731,-3.397582,1.449729
33732,-1.557314,-0.109562
33733,-3.652478,1.826239
33734,-2.899457,1.449729
33735,-3.161387,1.365341
33736,-3.304955,1.652478
33737,-3.652478,1.826239
33738,-2.730682,1.365341
33739,-2.383160,1.191580
33740,-0.322099,-0.722521
33741,-4.000000,2.000000
33742,-1.396440,0.698220
33743,-3.158125,1.579063
33744,-3.563623,1.781812
33745,-2.654083,-0.425270
33746,-2.859464,-0.147791
33747,-1.878417,-1.721883
33748,-2.938128,0.142820
33749,-2.964384,1.191580
33750,-1.637893,1.955573
33751,-3.397582,1.449729
33752,-3.434289,1.911146
33753,-2.964384,1.191580
33754,-1.813332,-0.722521
33755,-2.011910,1.320914
33756,-2.038874,-1.400969
33757,-2.367905,-0.134659
33758,-1.330319,-0.914101
33759,-1.445881,-0.074730
33760,-2.168944,1.246980
33761,-3.324167,1.911146
33762,-3.656250,1.579063
33763,-3.652478,1.826239
33764,-3.484462,1.623490
33765,-3.304955,1.652478
33766,-3.652478,1.826239
33767,-3.158125,1.579063
33768,-2.347897,0.733052
33769,-2.844057,0.730682
33770,-2.334986,1.579063
33771,-2.518736,1.074730
33772,-3.281713,1.826239
33773,-2.563163,1.030303
33774,-3.281713,1.826239
33775,-2.837543,1.579063
33776,-3.911146,1.955573
33777,-2.696708,1.652478
33778,-3.623490,1.246980
33779,-2.302521,1.030303
33780,-1.695108,1.579063
33781,-3.779838,1.826239
33782,-3.051264,1.365341
33783,-3.051264,1.365341
33784,-3.650504,1.955573
33785,-1.847313,0.603718
33786,-3.281713,1.826239
33787,-3.650504,1.955573
33788,-2.347897,0.733052
33789,-3.955573,1.911146
33790,-2.228125,1.365341
33791,-3.623490,1.246980
33792,-2.837543,1.579063
33793,-3.866718,2.000000
33794,0.556688,1.365341
33795,-1.574735,-0.425270
33796,-1.133363,0.455573
33797,-2.500000,-1.000000
33798,-3.692957,1.652478
33799,-2.540461,0.123490
33800,-3.427775,0.988831
33801,-3.692957,1.652478
33802,-3.434289,1.911146
33803,-1.847313,0.603718
33804,0.128724,-0.033258
33805,-0.067251,-0.162592
33806,-2.430339,0.123490
33807,-2.826042,1.911146
33808,-3.335148,1.191580
33809,-3.652478,1.826239
33810,-3.215828,0.698220
33811,-3.490208,1.246980
33812,-3.658223,1.449729
33813,-2.899457,1.449729
33814,-3.563623,1.781812
33815,-1.212812,0.093187
33816,-2.294861,-0.367711
33817,-3.911146,1.955573
33818,-1.914041,-0.134659
33819,-3.365341,0.730682
33820,-2.430339,0.123490
33821,-2.461033,1.955573
33822,-3.246980,1.623490
33823,-2.431855,0.900969
33824,-3.153395,0.440071
33825,-2.793116,1.623490
33826,-1.637893,1.955573
33827,-1.270918,0.730682
33828,-1.636943,1.074730
33829,-3.051264,1.365341
33830,-3.955573,1.911146
33831,-3.955573,1.911146
33832,-3.528889,1.579063
33833,-3.779838,1.826239
33834,-2.208111,1.449729
33835,-1.601453,0.500000
33836,-2.872277,1.781812
33837,-3.563623,1.781812
33838,-0.932879,0.054604
33839,-3.326140,1.781812
33840,-2.119812,-0.109562
33841,-1.210838,0.222521
33842,-3.563623,1.781812
33843,-1.026723,1.074730
33844,-0.666236,-1.634021
33845,-0.027125,-0.109562
33846,-2.844057,0.730682
33847,-3.335148,1.191580
33848,-2.383160,1.191580
33849,-2.374152,1.781812
33850,-2.780575,0.603718
33851,-0.186374,0.093187
33852,0.438101,0.730682
33853,-2.272552,1.320914
33854,-3.152379,1.955573
33855,-2.337712,0.326239
33856,-1.492359,1.781812
33857,-3.152379,1.955573
33858,-2.669008,0.988831
33859,-3.281713,1.826239
33860,-1.933731,0.900969
33861,-1.413198,1.623490
33862,-3.434289,1.911146
33863,-3.911146,1.955573
33864,-3.866718,2.000000
33865,-1.878417,-1.721883
33866,-2.136480,0.698220
33867,-2.259209,0.777479
33868,-2.208111,1.449729
33869,-2.540461,0.123490
33870,-3.167133,0.988831
33871,-3.152379,1.955573
33872,-2.872277,1.781812
33873,-3.268248,1.579063
33874,-1.652210,-0.658322
33875,-2.899457,1.449729
33876,-3.427775,0.988831
33877,-2.440004,0.142820
33878,-3.779838,1.826239
33879,-0.087490,0.011169
33880,-3.528889,1.579063
33881,-3.194833,1.652478
33882,-2.576901,1.579063
33883,-0.128499,0.093187
33884,-3.911146,1.955573
33885,-3.281713,1.826239
33886,-3.167133,0.988831
33887,-3.824265,1.781812
33888,-1.978716,-1.000000
33889,-3.232059,0.730682
33890,-3.528889,1.579063
33891,-2.184738,-0.367711
33892,-2.242359,1.781812
33893,1.199156,2.000000
33894,-1.244415,0.988831
33895,-3.158125,1.579063
33896,-3.826239,1.652478
33897,-2.518736,1.074730
33898,-3.650504,1.955573
33899,-1.864156,-0.367711
33900,-2.256195,-0.445042
33901,-2.431855,0.900969
33902,-3.652478,1.826239
33903,-2.885719,0.900969
33904,-1.773241,0.455573
33905,-3.397582,1.449729
33906,-2.598822,-0.147791
33907,-2.572099,-0.722521
33908,-1.607199,0.123490
33909,-3.652478,1.826239
33910,-3.826239,1.652478
33911,-3.911146,1.955573
33912,-1.214222,1.449729
33913,-2.605388,-0.134659
33914,-2.941449,0.149460
33915,-1.824442,1.449729
33916,-2.572099,-0.722521
33917,-0.260824,0.093187
33918,-3.563623,1.781812
33919,-1.601453,0.500000
33920,-3.304955,1.652478
33921,-0.669220,1.781812
33922,-3.658223,1.449729
33923,-3.652478,1.826239
33924,-2.176109,0.777479
33925,-2.374152,1.781812
33926,-3.652478,1.826239
33927,-3.656250,1.579063
33928,-2.835050,1.320914
33929,-3.656250,1.579063
33930,-3.427775,0.988831
33931,-2.493959,1.246980
33932,-1.955475,-0.826239
33933,-3.650504,1.955573
33934,-2.941449,0.149460
33935,-2.883745,1.030303
33936,-1.306849,1.246980
33937,-3.824265,1.781812
33938,-3.333174,1.320914
33939,-1.594507,0.222521
33940,-2.872277,1.781812
33941,-3.335148,1.191580
33942,-3.650504,1.955573
33943,-3.822291,1.911146
33944,-0.476251,-0.367711
33945,-1.733246,0.500000
33946,-2.793116,1.623490
33947,-3.427775,0.988831
33948,-3.333174,1.320914
33949,-3.650504,1.955573
33950,-2.641828,1.320914
33951,-3.528889,1.579063
33952,-3.434289,1.911146
33953,-2.711958,1.074730
33954,-1.558067,-1.233052
33955,-3.650504,1.955573
33956,-2.336959,1.449729
33957,-3.281713,1.826239
33958,-2.410859,1.246980
33959,-3.074730,0.149460
33960,-3.911146,1.955573
33961,-2.899457,1.449729
33962,-0.932879,0.054604
33963,-2.106074,-0.658322
33964,-3.779838,1.826239
33965,-3.955573,1.911146
33966,-3.650504,1.955573
33967,-2.837543,1.579063
33968,-3.824265,1.781812
33969,-3.911146,1.955573
33970,-3.152379,1.955573
33971,-0.764573,0.326239
33972,-1.233709,-0.623490
33973,-3.490208,1.246980
33974,-2.461033,1.955573
33975,-2.430339,0.123490
33976,-3.826239,1.652478
33977,-2.641828,1.320914
33978,-2.635719,0.400969
33979,-3.333174,1.320914
33980,-3.484462,1.623490
33981,-2.777479,-0.445042
33982,-3.333174,1.320914
33983,-0.102415,-0.074730
33984,-0.254431,0.733052
33985,-0.088566,-1.634021
33986,-0.938334,-0.826239
33987,-3.779838,1.826239
33988,-1.890808,-0.955573
33989,-3.911146,1.955573
33990,-2.011169,-1.977662
33991,-2.598822,-0.147791
33992,-3.123202,0.900969
33993,-2.730682,1.365341
33994,-2.166234,-1.400969
33995,-3.333174,1.320914
33996,-0.974766,1.579063
33997,-1.466104,0.733052
33998,-3.650504,1.955573
33999,-1.717542,-0.914101
34000,-2.870469,2.000000
34001,-1.072099,0.777479
34002,-1.760035,1.320914
34003,-1.601453,0.500000
34004,-2.440004,0.142820
34005,-3.563623,1.781812
34006,-3.528889,1.579063
34007,-2.184738,-0.367711
34008,-2.116349,-1.634021
34009,-2.371693,1.652478
34010,-1.349189,0.603718
34011,-3.911146,1.955573
34012,-3.194833,1.652478
34013,-3.824265,1.781812
34014,-3.528889,1.579063
34015,-3.427775,0.988831
34016,-2.526723,-0.425270
34017,-2.337712,0.326239
34018,-3.152379,1.955573
34019,-2.706235,1.449729
34020,-3.246980,1.623490
34021,-3.281713,1.826239
34022,-2.563163,1.030303
34023,-1.062213,-0.074730
34024,-1.574293,-1.721883
34025,0.288795,0.698220
34026,-0.350619,-0.277479
34027,-0.272729,0.988831
34028,-3.335148,1.191580
34029,-1.461364,0.730682
34030,-1.413198,1.623490
34031,-1.977662,0.988831
34032,0.000835,0.222521
34033,-3.623490,1.246980
34034,-3.694931,1.911146
34035,-2.144490,0.326239
34036,-3.051264,1.365341
34037,-3.563623,1.781812
34038,-2.605388,-0.134659
34039,-1.384971,1.449729
34040,-2.371693,1.652478
34041,-3.326140,1.781812
34042,-3.563623,1.781812
34043,-3.326140,1.781812
34044,-3.333174,1.320914
34045,-3.911146,1.955573
34046,-2.742943,1.911146
34047,-1.734301,-1.488831
34048,-3.088468,0.698220
34049,-1.890808,-0.955573
34050,-3.434289,1.911146
34051,-1.637893,1.955573
34052,-0.091484,0.149460
34053,-3.911146,1.955573
34054,-0.288010,1.911146
34055,-2.598822,-0.147791
34056,-2.711958,1.074730
34057,-1.960449,1.826239
34058,-1.977662,0.988831
34059,-2.431855,0.900969
34060,-3.623490,1.246980
34061,-3.397582,1.449729
34062,-2.641828,1.320914
34063,-1.906779,-0.535628
34064,-2.874250,1.652478
34065,-1.977662,0.988831
34066,-3.822291,1.911146
34067,-3.563623,1.781812
34068,-2.374152,1.781812
34069,-3.304955,1.652478
34070,-2.518736,1.074730
34071,-3.911146,1.955573
34072,-1.462714,0.222521
34073,-2.885719,0.900969
34074,-3.824265,1.781812
34075,-0.472729,-0.033258
34076,-2.859464,-0.147791
34077,-2.493959,1.246980
34078,-2.859464,-0.147791
34079,-3.246980,1.623490
34080,-3.911146,1.955573
34081,-3.563623,1.781812
34082,-0.137905,0.500000
34083,-0.496901,0.326239
34084,-3.658223,1.449729
34085,-3.051264,1.365341
34086,-2.367905,-0.134659
34087,-3.051264,1.365341
34088,-1.636943,1.074730
34089,-3.095692,1.320914
34090,-3.074730,0.149460
34091,-2.343556,-0.658322
34092,-3.434289,1.911146
34093,-3.281713,1.826239
34094,-2.466259,1.191580
34095,-0.336881,-0.826239
34096,-1.577747,-1.801938
34097,0.646711,-1.721883
34098,-0.168606,-0.033258
34099,-3.324167,1.911146
34100,-2.431855,0.900969
34101,-3.652478,1.826239
34102,-3.333174,1.320914
34103,-2.336959,1.449729
34104,-2.176109,0.777479
34105,-2.669008,0.988831
34106,-1.588247,1.365341
34107,-3.563623,1.781812
34108,-1.207436,0.603718
34109,-1.185762,-1.977662
34110,2.014396,-0.658322
34111,-0.866720,-1.233052
34112,-2.706235,1.449729
34113,-0.967322,0.123490
34114,-1.637893,1.955573
34115,-3.434289,1.911146
34116,-2.302521,1.030303
34117,-3.088468,0.698220
34118,-3.650504,1.955573
34119,-3.268248,1.579063
34120,-3.692957,1.652478
34121,-1.648630,-0.277479
34122,-2.711958,1.074730
34123,-1.574735,-0.425270
34124,-3.088468,0.698220
34125,-2.641828,1.320914
34126,-2.835050,1.320914
34127,-3.563623,1.781812
34128,-2.706235,1.449729
34129,-2.576901,1.579063
34130,-3.281713,1.826239
34131,-2.440004,0.142820
34132,-1.648630,-0.277479
34133,-3.152379,1.955573
34134,-2.563163,1.030303
34135,-3.658223,1.449729
34136,-1.801938,0.900969
34137,-2.242359,1.781812
34138,-2.141244,1.191580
34139,-1.048700,0.730682
34140,-3.065499,1.781812
34141,-2.015156,0.455573
34142,-2.540461,0.123490
34143,-3.563623,1.781812
34144,-3.397582,1.449729
34145,-2.706235,1.449729
34146,-3.095692,1.320914
34147,-3.326140,1.781812
34148,-3.563623,1.781812
34149,-2.394628,0.440071
34150,-2.302521,1.030303
34151,-3.528889,1.579063
34152,-3.051264,1.365341
34153,-2.641828,1.320914
34154,-3.528889,1.579063
34155,-3.911146,1.955573
34156,0.043404,0.400969
34157,-0.880142,0.440071
34158,-1.284124,-0.134659
34159,-0.201525,0.123490
34160,-0.709622,0.099031
34161,-1.681370,1.030303
34162,-3.194833,1.652478
34163,-3.866718,2.000000
34164,-3.462508,1.191580
34165,-3.650504,1.955573
34166,-3.268248,1.579063
34167,-3.123202,0.900969
34168,-3.911146,1.955573
34169,-3.528889,1.579063
34170,-3.692957,1.652478
34171,-2.964384,1.191580
34172,-1.933731,0.900969
34173,-1.375695,-1.211352
34174,-2.598822,-0.147791
34175,-3.563623,1.781812
34176,-3.911146,1.955573
34177,-3.304955,1.652478
34178,-3.911146,1.955573
34179,-3.246980,1.623490
34180,-2.518736,1.074730
34181,-1.275116,0.455573
34182,-1.475625,-0.623490
34183,-3.563623,1.781812
34184,-3.563623,1.781812
34185,-2.892753,0.440071
34186,-2.366718,-1.000000
34187,-1.745664,-1.466104
34188,-2.110972,-1.123490
34189,-3.304955,1.652478
34190,-3.656250,1.579063
34191,-3.161387,1.365341
34192,-3.822291,1.911146
34193,-1.836861,1.579063
34194,-2.826042,1.911146
34195,-3.563623,1.781812
34196,-2.109756,0.123490
34197,-2.837543,1.579063
34198,-3.911146,1.955573
34199,-2.711958,1.074730
34200,-3.563623,1.781812
34201,-1.847313,0.603718
34202,-3.095692,1.320914
34203,-1.550062,0.900969
34204,-2.885719,0.900969
34205,-2.993868,1.030303
34206,-3.911146,1.955573
34207,-0.787833,-0.623490
34208,-0.298846,-0.722521
34209,-0.549693,-1.233052
34210,-2.235810,0.730682
34211,-3.955573,1.911146
34212,-2.440004,0.142820
34213,-2.440004,0.142820
34214,-1.789708,1.246980
34215,-3.528889,1.579063
34216,-2.163198,1.623490
34217,-0.150597,0.400969
34218,-1.643120,1.191580
34219,-2.272552,1.320914
34220,-0.801938,0.400969
34221,-1.858780,0.142820
34222,0.020611,-0.074730
34223,-1.845869,0.988831
34224,-2.700489,1.826239
34225,-2.598822,-0.147791
34226,-1.014727,-0.162592
34227,-2.349870,0.603718
34228,-3.822291,1.911146
34229,-3.158125,1.579063
34230,-1.731730,-0.277479
34231,-2.110972,-1.123490
34232,-2.106074,-0.658322
34233,-3.484462,1.623490
34234,-3.692957,1.652478
34235,-3.911146,1.955573
34236,-3.484462,1.623490
34237,-3.167133,0.988831
34238,-3.434289,1.911146
34239,-3.095692,1.320914
34240,-3.563623,1.781812
34241,-3.911146,1.955573
34242,-2.141244,1.191580
34243,-2.228125,1.365341
34244,-3.281713,1.826239
34245,-3.281713,1.826239
34246,-3.911146,1.955573
34247,-3.955573,1.911146
34248,-0.288960,0.149460
34249,-3.824265,1.781812
34250,-2.711958,1.074730
34251,-3.153395,0.440071
34252,-0.538874,0.099031
34253,-3.152379,1.955573
34254,-3.281713,1.826239
34255,-3.658223,1.449729
34256,-2.228125,1.365341
34257,-3.326140,1.781812
34258,-1.594507,0.222521
34259,-1.466104,0.733052
34260,-0.001595,-0.425270
34261,-1.592048,0.093187
34262,-3.281713,1.826239
34263,-2.272552,1.320914
34264,-3.658223,1.449729
34265,-3.779838,1.826239
34266,-1.314088,-0.074730
34267,-0.652478,0.326239
34268,-3.246980,1.623490
34269,-3.281713,1.826239
34270,0.044302,0.011169
34271,-0.130454,-0.109562
34272,-2.256195,-0.445042
34273,-2.700489,1.826239
34274,-0.553817,0.440071
34275,-1.149815,1.320914
34276,-0.789708,-1.123490
34277,-3.324167,1.911146
34278,-3.152379,1.955573
34279,-3.123202,0.900969
34280,-3.333174,1.320914
34281,-1.849772,0.733052
34282,-3.822291,1.911146
34283,-3.153395,0.440071
34284,-3.158125,1.579063
34285,-2.060606,1.030303
34286,-2.311457,-0.722521
34287,-2.780575,0.603718
34288,-3.563623,1.781812
34289,-1.762008,1.191580
34290,-2.810768,0.142820
34291,-0.801938,0.400969
34292,-1.396440,0.698220
34293,-0.880142,0.440071
34294,-2.717704,0.698220
34295,-2.844057,0.730682
34296,-1.210838,0.222521
34297,-2.641828,1.320914
34298,-2.294861,-0.367711
34299,-1.661706,-1.634021
34300,0.734671,0.698220
34301,-1.361599,-0.367711
34302,-1.775215,0.326239
34303,-3.658223,1.449729
34304,-3.911146,1.955573
34305,-3.268248,1.579063
34306,-3.955573,1.911146
34307,-3.650504,1.955573
34308,-3.427775,0.988831
34309,-3.281713,1.826239
34310,-1.231001,-1.634021
34311,-2.892753,0.440071
34312,-3.563623,1.781812
34313,-3.822291,1.911146
34314,-2.883745,1.030303
34315,-2.100697,-0.147791
34316,-1.200484,0.900969
34317,-3.324167,1.911146
34318,-3.652478,1.826239
34319,-3.563623,1.781812
34320,-3.911146,1.955573
34321,-3.824265,1.781812
34322,-3.650504,1.955573
34323,-1.396440,0.698220
34324,-2.793116,1.623490
34325,-3.563623,1.781812
34326,-3.652478,1.826239
34327,-3.365341,0.730682
34328,-3.397582,1.449729
34329,-0.880142,0.440071
34330,-1.668109,-1.400969
34331,-0.490512,-1.721883
34332,-3.153395,0.440071
34333,-2.347897,0.733052
34334,-0.458468,1.320914
34335,-3.563623,1.781812
34336,-3.333174,1.320914
34337,-3.268248,1.579063
34338,-2.374152,1.781812
34339,-3.658223,1.449729
34340,-3.123202,0.900969
34341,-3.955573,1.911146
34342,-1.574735,-0.425270
34343,-1.118740,0.142820
34344,0.142985,1.320914
34345,-3.335148,1.191580
34346,-1.845869,0.988831
34347,-3.335148,1.191580
34348,-4.000000,2.000000
34349,-2.872277,1.781812
34350,-3.822291,1.911146
34351,-3.822291,1.911146
34352,-0.735570,1.191580
34353,-1.690819,-1.488831
34354,-1.466104,0.733052
34355,0.080769,0.326239
34356,-2.526723,-0.425270
34357,-1.771749,-1.801938
34358,-1.762008,1.191580
34359,-0.493902,-1.211352
34360,-1.703282,0.440071
34361,-3.911146,1.955573
34362,-1.648630,-0.277479
34363,-1.419626,-1.123490
34364,-2.518736,1.074730
34365,-2.635719,0.400969
34366,-3.051264,1.365341
34367,-3.065499,1.781812
34368,-3.866718,2.000000
34369,-2.149460,1.074730
34370,-2.563163,1.030303
34371,-3.692957,1.652478
34372,-3.779838,1.826239
34373,0.080769,0.326239
34374,-1.731816,1.652478
34375,-3.650504,1.955573
34376,-2.793116,1.623490
34377,-3.824265,1.781812
34378,-2.730682,1.365341
34379,-1.039051,0.266948
34380,-3.153395,0.440071
34381,-1.926590,-0.109562
34382,-0.734763,-0.722521
34383,-1.349578,0.500000
34384,-2.993868,1.030303
34385,-3.397582,1.449729
34386,-3.528889,1.579063
34387,-3.074730,0.149460
34388,-3.484462,1.623490
34389,-3.692957,1.652478
34390,-3.281713,1.826239
34391,-0.186388,-1.721883
34392,-2.461033,1.955573
34393,-3.955573,1.911146
34394,-1.636943,1.074730
34395,-3.824265,1.781812
34396,-2.541119,0.733052
34397,-2.526723,-0.425270
34398,-2.641828,1.320914
34399,-3.528889,1.579063
34400,-2.964384,1.191580
34401,-1.917063,0.093187
34402,-1.801938,0.900969
34403,-3.333174,1.320914
34404,-1.118740,0.142820
34405,-3.268248,1.579063
34406,-3.911146,1.955573
34407,-3.528889,1.579063
34408,-1.225625,-1.123490
34409,-3.051264,1.365341
34410,-2.109756,0.123490
34411,-3.658223,1.449729
34412,-3.462508,1.191580
34413,-3.563623,1.781812
34414,-1.229693,-1.889800
34415,-0.928928,-1.233052
34416,-3.824265,1.781812
34417,-0.256645,0.142820
34418,-1.384971,1.449729
34419,-3.397582,1.449729
34420,-2.163198,1.623490
34421,-2.993868,1.030303
34422,-3.490208,1.246980
34423,-3.397582,1.449729
34424,-2.598822,-0.147791
34425,-1.965750,-1.801938
34426,-0.881639,-1.977662
34427,-3.333174,1.320914
34428,-2.343556,-0.658322
34429,-1.070127,-0.826239
34430,-3.484462,1.623490
34431,-1.210838,0.222521
34432,-0.408062,-0.162592
34433,-2.993868,1.030303
34434,-3.152379,1.955573
34435,-2.149460,1.074730
34436,-1.890808,-0.955573
34437,-3.623490,1.246980
34438,-3.563623,1.781812
34439,-3.650504,1.955573
34440,-3.658223,1.449729
34441,-3.623490,1.246980
34442,-3.484462,1.623490
34443,-3.779838,1.826239
34444,-3.911146,1.955573
34445,-3.462508,1.191580
34446,-2.367905,-0.134659
34447,-3.955573,1.911146
34448,-1.914041,-0.134659
34449,-2.598822,-0.147791
34450,-0.241532,0.054604
34451,-3.866718,2.000000
34452,-3.779838,1.826239
34453,-2.872277,1.781812
34454,-1.914041,-0.134659
34455,-2.526723,-0.425270
34456,-1.934194,0.777479
34457,-3.563623,1.781812
34458,-1.921819,-1.889800
34459,-2.844057,0.730682
34460,-3.563623,1.781812
34461,-3.152379,1.955573
34462,-2.110972,-1.123490
34463,-3.324167,1.911146
34464,-2.383160,1.191580
34465,-3.824265,1.781812
34466,-2.717704,0.698220
34467,-1.419626,-1.123490
34468,-3.167133,0.988831
34469,-1.171501,-0.623490
34470,-1.225625,-1.123490
34471,-2.163198,1.623490
34472,-2.892753,0.440071
34473,-2.844057,0.730682
34474,-2.654083,-0.425270
34475,-3.095692,1.320914
34476,-1.824442,1.449729
34477,-2.256195,-0.445042
34478,-4.000000,2.000000
34479,-3.658223,1.449729
34480,-2.383160,1.191580
34481,-2.176109,0.777479
34482,-3.095692,1.320914
34483,-2.899457,1.449729
34484,-2.431855,0.900969
34485,-2.060606,1.030303
34486,-2.899457,1.449729
34487,-1.409351,-0.147791
34488,-3.478716,2.000000
34489,-2.874250,1.652478
34490,-2.060606,1.030303
34491,-3.652478,1.826239
34492,-2.383160,1.191580
34493,-3.326140,1.781812
34494,-3.656250,1.579063
34495,-2.706235,1.449729
34496,-2.899457,1.449729
34497,-3.152379,1.955573
34498,-2.717704,0.698220
34499,-3.822291,1.911146
34500,-2.060606,1.030303
34501,-3.153395,0.440071
34502,-2.872277,1.781812
34503,-3.650504,1.955573
34504,-3.652478,1.826239
34505,0.837569,1.191580
34506,-1.394005,0.455573
34507,-2.347897,0.733052
34508,-2.576901,1.579063
34509,-2.208111,1.449729
34510,-3.333174,1.320914
34511,-3.268248,1.579063
34512,-3.955573,1.911146
34513,-3.268248,1.579063
34514,-1.574735,-0.425270
34515,-1.965750,-1.801938
34516,-2.711958,1.074730
34517,-3.215828,0.698220
34518,-3.158125,1.579063
34519,-3.333174,1.320914
34520,-2.899457,1.449729
34521,-3.158125,1.579063
34522,-3.911146,1.955573
34523,-3.324167,1.911146
34524,-3.822291,1.911146
34525,-3.652478,1.826239
34526,-3.490208,1.246980
34527,-2.155959,-0.425270
34528,-3.490208,1.246980
34529,-3.911146,1.955573
34530,-2.149460,1.074730
34531,-2.826042,1.911146
34532,-3.652478,1.826239
34533,-2.654083,-0.425270
34534,-3.656250,1.579063
34535,-3.652478,1.826239
34536,-3.335148,1.191580
34537,-2.711958,1.074730
34538,-3.333174,1.320914
34539,-0.855884,0.733052
34540,-2.899457,1.449729
34541,-1.588247,1.365341
34542,-1.921819,-1.889800
34543,-2.100697,-0.147791
34544,-1.933731,0.900969
34545,-2.730682,1.365341
34546,-3.824265,1.781812
34547,-3.158125,1.579063
34548,-2.367905,-0.134659
34549,-3.123202,0.900969
34550,-1.926590,-0.109562
34551,-2.899457,1.449729
34552,-3.563623,1.781812
34553,-3.152379,1.955573
34554,-3.652478,1.826239
34555,-3.326140,1.781812
34556,-3.304955,1.652478
34557,-0.974766,1.579063
34558,-3.152379,1.955573
34559,-3.822291,1.911146
34560,-3.335148,1.191580
34561,-2.859464,-0.147791
34562,-3.911146,1.955573
34563,-2.711958,1.074730
34564,-2.493959,1.246980
34565,-2.144490,0.326239
34566,-2.641828,1.320914
34567,-3.335148,1.191580
34568,-3.563623,1.781812
34569,-3.490208,1.246980
34570,-3.326140,1.781812
34571,-3.656250,1.579063
34572,-2.844057,0.730682
34573,-3.427775,0.988831
34574,-3.563623,1.781812
34575,-3.304955,1.652478
34576,-4.000000,2.000000
34577,-3.563623,1.781812
34578,-1.731730,-0.277479
34579,0.146956,0.149460
34580,-0.801938,0.400969
34581,-3.281713,1.826239
34582,-3.563623,1.781812
34583,-3.152379,1.955573
34584,-2.742943,1.911146
34585,-3.563623,1.781812
34586,-3.268248,1.579063
34587,-2.181855,0.400969
34588,-2.576901,1.579063
34589,-2.302521,1.030303
34590,-3.528889,1.579063
34591,-1.445133,0.698220
34592,-3.650504,1.955573
34593,-3.824265,1.781812
34594,-3.462508,1.191580
34595,-2.899457,1.449729
34596,-3.563623,1.781812
34597,-2.110972,-1.123490
34598,-0.366526,-1.466104
34599,-1.594507,0.222521
34600,-2.163198,1.623490
34601,-1.396440,0.698220
34602,-0.700386,1.030303
34603,-4.000000,2.000000
34604,-3.335148,1.191580
34605,-2.872277,1.781812
34606,-3.167133,0.988831
34607,-3.822291,1.911146
34608,-3.563623,1.781812
34609,-1.652210,-0.658322
34610,-2.826042,1.911146
34611,-2.730682,1.365341
34612,-3.324167,1.911146
34613,-2.349870,0.603718
34614,-2.892753,0.440071
34615,-2.885719,0.900969
34616,0.259488,-1.721883
34617,-2.149460,1.074730
34618,-1.760035,1.320914
34619,-2.670453,0.603718
34620,-2.563163,1.030303
34621,-2.347897,0.733052
34622,-3.051264,1.365341
34623,-3.484462,1.623490
34624,-3.434289,1.911146
34625,-2.371693,1.652478
34626,-2.835050,1.320914
34627,-3.281713,1.826239
34628,-2.109756,0.123490
34629,-3.281713,1.826239
34630,-3.563623,1.781812
34631,-2.696708,1.652478
34632,-3.528889,1.579063
34633,-2.742943,1.911146
34634,-2.837543,1.579063
34635,-3.051264,1.365341
34636,-3.692957,1.652478
34637,-3.692957,1.652478
34638,-3.650504,1.955573
34639,-1.154522,0.988831
34640,-2.336959,1.449729
34641,-2.696708,1.652478
34642,-2.793116,1.623490
34643,-2.005777,-1.721883
34644,-0.496114,1.320914
34645,-2.388932,-0.955573
34646,-2.099031,-1.801938
34647,-0.022037,-0.623490
34648,-0.700307,0.733052
34649,-3.694931,1.911146
34650,-3.911146,1.955573
34651,-2.184738,-0.367711
34652,-2.440004,0.142820
34653,-2.696708,1.652478
34654,-2.641828,1.320914
34655,-2.835050,1.320914
34656,-2.793116,1.623490
34657,-3.824265,1.781812
34658,-2.336959,1.449729
34659,-3.955573,1.911146
34660,-1.229693,-1.889800
34661,-1.926590,-0.109562
34662,-1.214222,1.449729
34663,-2.696708,1.652478
34664,-1.303596,-1.488831
34665,-2.347897,0.733052
34666,-2.144490,0.326239
34667,-3.158125,1.579063
34668,-3.656250,1.579063
34669,-2.635719,0.400969
34670,-2.334986,1.579063
34671,0.426559,-0.365341
34672,-0.272729,0.988831
34673,-2.005777,-1.721883
34674,-3.652478,1.826239
34675,-2.272552,1.320914
34676,-3.824265,1.781812
34677,-1.727818,-1.889800
34678,-0.709168,-0.914101
34679,-1.636943,1.074730
34680,1.032745,-1.233052
34681,-3.779838,1.826239
34682,-0.967322,0.123490
34683,-1.231001,-1.634021
34684,-3.167133,0.988831
34685,-2.235810,0.730682
34686,-3.484462,1.623490
34687,-3.051264,1.365341
34688,-3.955573,1.911146
34689,-3.281713,1.826239
34690,-3.462508,1.191580
34691,-3.246980,1.623490
34692,-2.038874,-1.400969
34693,-2.011910,1.320914
34694,-0.938334,-0.826239
34695,-2.553446,0.149460
34696,-3.281713,1.826239
34697,-3.152379,1.955573
34698,-2.964384,1.191580
34699,-1.914041,-0.134659
34700,-2.899457,1.449729
34701,-3.152379,1.955573
34702,-3.051264,1.365341
34703,-3.281713,1.826239
34704,-3.427775,0.988831
34705,-3.528889,1.579063
34706,-3.824265,1.781812
34707,-0.763270,1.246980
34708,-2.540461,0.123490
34709,-3.088468,0.698220
34710,-2.892753,0.440071
34711,-3.779838,1.826239
34712,-2.259209,0.777479
34713,-1.934194,0.777479
34714,-1.423694,-1.889800
34715,-2.316833,-1.233052
34716,-2.337712,0.326239
34717,-0.151111,-0.365341
34718,-3.911146,1.955573
34719,-1.824442,1.449729
34720,0.097527,0.900969
34721,-0.202183,0.733052
34722,-1.762008,1.191580
34723,-3.656250,1.579063
34724,-2.873202,0.400969
34725,-3.484462,1.623490
34726,-2.810768,0.142820
34727,-2.780575,0.603718
34728,-2.383160,1.191580
34729,-3.123202,0.900969
34730,-3.822291,1.911146
34731,-3.333174,1.320914
34732,-3.826239,1.652478
34733,-3.335148,1.191580
34734,-3.822291,1.911146
34735,-2.717704,0.698220
34736,-3.822291,1.911146
34737,-2.826042,1.911146
34738,-2.700489,1.826239
34739,0.065502,0.093187
34740,-0.851453,-1.000000
34741,-2.859464,-0.147791
34742,-1.558067,-1.233052
34743,-2.964384,1.191580
34744,-3.563623,1.781812
34745,-2.461033,1.955573
34746,-3.824265,1.781812
34747,-2.873202,0.400969
34748,-3.051264,1.365341
34749,-2.410859,1.246980
34750,-2.859464,-0.147791
34751,-2.835050,1.320914
34752,-1.574293,-1.721883
34753,-1.231001,-1.634021
34754,0.216102,0.011169
34755,-3.365341,0.730682
34756,-3.563623,1.781812
34757,-2.430339,0.123490
34758,-3.822291,1.911146
34759,-3.484462,1.623490
34760,-2.367905,-0.134659
34761,-2.730682,1.365341
34762,-3.153395,0.440071
34763,-2.385621,1.030303
34764,-3.652478,1.826239
34765,-3.822291,1.911146
34766,-3.563623,1.781812
34767,-1.207436,0.603718
34768,-2.119812,-0.109562
34769,-3.658223,1.449729
34770,0.065502,0.093187
34771,-1.474108,-1.400969
34772,-1.914041,-0.134659
34773,-3.215828,0.698220
34774,-2.572099,-0.722521
34775,-2.518736,1.074730
34776,-4.000000,2.000000
34777,-3.822291,1.911146
34778,-1.200484,0.900969
34779,-3.652478,1.826239
34780,-3.824265,1.781812
34781,-3.397582,1.449729
34782,-2.181855,0.400969
34783,-3.397582,1.449729
34784,-3.656250,1.579063
34785,-3.822291,1.911146
34786,-3.158125,1.579063
34787,-2.669008,0.988831
34788,-3.333174,1.320914
34789,-3.397582,1.449729
34790,-3.152379,1.955573
34791,-2.176109,0.777479
34792,-1.198511,1.030303
34793,-1.824442,1.449729
34794,-3.484462,1.623490
34795,-3.822291,1.911146
34796,-1.731730,-0.277479
34797,-0.842470,-1.889800
34798,-2.256195,-0.445042
34799,-3.652478,1.826239
34800,-2.711958,1.074730
34801,-3.652478,1.826239
34802,-1.652210,-0.658322
34803,-3.095692,1.320914
34804,-3.911146,1.955573
34805,-1.773241,0.455573
34806,-2.641828,1.320914
34807,-3.427775,0.988831
34808,-0.864659,-0.365341
34809,-2.144490,0.326239
34810,-3.694931,1.911146
34811,-3.427775,0.988831
34812,-3.692957,1.652478
34813,-1.647948,-0.445042
34814,-2.859464,-0.147791
34815,-3.779838,1.826239
34816,-2.518736,1.074730
34817,-1.727818,-1.889800
34818,-1.303596,-1.488831
34819,-3.692957,1.652478
34820,-2.371693,1.652478
34821,-3.427775,0.988831
34822,-1.466104,0.733052
34823,-3.563623,1.781812
34824,-3.692957,1.652478
34825,-1.977662,0.988831
34826,-2.993868,1.030303
34827,-3.281713,1.826239
34828,-3.281713,1.826239
34829,-3.397582,1.449729
34830,-3.194833,1.652478
34831,-3.911146,1.955573
34832,-3.153395,0.440071
34833,-2.892753,0.440071
34834,-3.484462,1.623490
34835,-3.528889,1.579063
34836,-3.528889,1.579063
34837,-3.088468,0.698220
34838,-3.281713,1.826239
34839,-3.623490,1.246980
34840,-2.670453,0.603718
34841,-1.643120,1.191580
34842,-2.119812,-0.109562
34843,-3.563623,1.781812
34844,-2.563163,1.030303
34845,-2.670453,0.603718
34846,-2.242359,1.781812
34847,-3.779838,1.826239
34848,-3.167133,0.988831
34849,-3.333174,1.320914
34850,-3.194833,1.652478
34851,-3.563623,1.781812
34852,-2.410859,1.246980
34853,-3.824265,1.781812
34854,-3.095692,1.320914
34855,-3.528889,1.579063
34856,-3.246980,1.623490
34857,-3.528889,1.579063
34858,-1.847313,0.603718
34859,-3.167133,0.988831
34860,-1.695108,1.579063
34861,-1.303596,-1.488831
34862,-2.163198,1.623490
34863,-1.917063,0.093187
34864,-3.167133,0.988831
34865,-1.789708,1.246980
34866,-3.779838,1.826239
34867,-3.065499,1.781812
34868,-3.692957,1.652478
34869,-3.123202,0.900969
34870,-3.866718,2.000000
34871,-2.461033,1.955573
34872,-3.462508,1.191580
34873,-3.051264,1.365341
34874,-3.824265,1.781812
34875,0.020611,-0.074730
34876,-0.621791,-0.955573
34877,-0.911146,0.455573
34878,-3.822291,1.911146
34879,-2.899457,1.449729
34880,-2.730682,1.365341
34881,-2.641828,1.320914
34882,-3.397582,1.449729
34883,-2.383160,1.191580
34884,-3.335148,1.191580
34885,-2.844057,0.730682
34886,-2.461033,1.955573
34887,-1.423694,-1.889800
34888,-1.420728,1.030303
34889,-2.526723,-0.425270
34890,-3.824265,1.781812
34891,-1.133363,0.455573
34892,-1.695108,1.579063
34893,-3.333174,1.320914
34894,-2.793116,1.623490
34895,-3.563623,1.781812
34896,-3.333174,1.320914
34897,-2.696708,1.652478
34898,0.175738,1.623490
34899,-2.635719,0.400969
34900,1.183359,0.500000
34901,-3.563623,1.781812
34902,-3.333174,1.320914
34903,-1.849772,0.733052
34904,-3.397582,1.449729
34905,-3.822291,1.911146
34906,-2.366718,-1.000000
34907,-2.334986,1.579063
34908,-2.461033,1.955573
34909,-1.836861,1.579063
34910,-3.652478,1.826239
34911,-2.883745,1.030303
34912,-3.123202,0.900969
34913,-3.324167,1.911146
34914,-1.873040,-1.211352
34915,-2.343556,-0.658322
34916,-3.826239,1.652478
34917,-3.650504,1.955573
34918,-3.824265,1.781812
34919,-3.158125,1.579063
34920,-3.652478,1.826239
34921,-2.641828,1.320914
34922,-3.658223,1.449729
34923,-2.385621,1.030303
34924,-3.824265,1.781812
34925,-2.374152,1.781812
34926,-0.211190,0.142820
34927,0.850540,-0.425270
34928,-2.526723,-0.425270
34929,-1.072099,0.777479
34930,-3.095692,1.320914
34931,-2.563163,1.030303
34932,-1.507653,-1.721883
34933,-1.890808,-0.955573
34934,-2.793116,1.623490
34935,-2.144490,0.326239
34936,-3.397582,1.449729
34937,-2.110972,-1.123490
34938,-1.794458,-1.889800
34939,-2.116349,-1.634021
34940,-1.855707,-1.634021
34941,-3.215828,0.698220
34942,-1.955475,-0.826239
34943,-3.161387,1.365341
34944,-2.367905,-0.134659
34945,-2.337712,0.326239
34946,-3.650504,1.955573
34947,-1.384971,1.449729
34948,-3.484462,1.623490
34949,-2.541119,0.733052
34950,-0.534266,0.400969
34951,-0.983709,-1.123490
34952,-2.038874,-1.400969
34953,-2.810768,0.142820
34954,-3.153395,0.440071
34955,-2.572099,-0.722521
34956,-2.181855,0.400969
34957,-3.824265,1.781812
34958,-3.824265,1.781812
34959,-2.100697,-0.147791
34960,-3.335148,1.191580
34961,-1.926590,-0.109562
34962,-2.885719,0.900969
34963,-2.780575,0.603718
34964,-4.000000,2.000000
34965,-3.824265,1.781812
34966,0.159941,0.123490
34967,-0.913353,-0.365341
34968,-2.605388,-0.134659
34969,-2.208111,1.449729
34970,-3.152379,1.955573
34971,-3.153395,0.440071
34972,-2.563163,1.030303
34973,-3.232059,0.730682
34974,-2.793116,1.623490
34975,-1.681370,1.030303
34976,-3.528889,1.579063
34977,-3.065499,1.781812
34978,-2.873202,0.400969
34979,-3.397582,1.449729
34980,-3.692957,1.652478
34981,-1.558725,-0.623490
34982,-2.605388,-0.134659
34983,-2.883745,1.030303
34984,-2.700489,1.826239
34985,-3.152379,1.955573
34986,-0.553817,0.440071
34987,-1.248319,-1.466104
34988,-0.493902,-1.211352
34989,-2.383160,1.191580
34990,-1.928302,-1.488831
34991,-1.855707,-1.634021
34992,-3.822291,1.911146
34993,-2.060606,1.030303
34994,-2.383160,1.191580
34995,-2.635719,0.400969
34996,-0.709394,0.440071
34997,-2.835050,1.320914
34998,-1.849772,0.733052
34999,-3.822291,1.911146
35000,-3.658223,1.449729
35001,-3.822291,1.911146
35002,-2.343556,-0.658322
35003,-1.955475,-0.826239
35004,-3.326140,1.781812
35005,0.247255,-0.658322
35006,-1.878417,-1.721883
35007,-2.311457,-0.722521
35008,-3.123202,0.900969
35009,-3.822291,1.911146
35010,-1.955475,-0.826239
35011,-3.427775,0.988831
35012,-2.883745,1.030303
35013,-3.563623,1.781812
35014,-3.911146,1.955573
35015,-3.490208,1.246980
35016,-2.598822,-0.147791
35017,-3.397582,1.449729
35018,-3.652478,1.826239
35019,-2.730682,1.365341
35020,-3.650504,1.955573
35021,-2.706235,1.449729
35022,-1.637893,1.955573
35023,-1.306849,1.246980
35024,-3.152379,1.955573
35025,-3.161387,1.365341
35026,-2.349870,0.603718
35027,-1.836861,1.579063
35028,-3.563623,1.781812
35029,-3.065499,1.781812
35030,-3.822291,1.911146
35031,-3.656250,1.579063
35032,-3.563623,1.781812
35033,-1.051938,0.900969
35034,-1.284124,-0.134659
35035,-2.706235,1.449729
35036,-3.304955,1.652478
35037,-2.810768,0.142820
35038,-2.654083,-0.425270
35039,-3.658223,1.449729
35040,-3.563623,1.781812
35041,-2.874250,1.652478
35042,-2.883745,1.030303
35043,-3.304955,1.652478
35044,-2.730682,1.365341
35045,-2.872277,1.781812
35046,-2.874250,1.652478
35047,-3.152379,1.955573
35048,-3.911146,1.955573
35049,-3.826239,1.652478
35050,-2.717704,0.698220
35051,-2.883745,1.030303
35052,-3.281713,1.826239
35053,-3.246980,1.623490
35054,-2.669008,0.988831
35055,-3.911146,1.955573
35056,-3.911146,1.955573
35057,-0.881639,-1.977662
35058,-1.922262,1.652478
35059,-3.911146,1.955573
35060,-2.700489,1.826239
35061,-2.383160,1.191580
35062,-3.427775,0.988831
35063,-3.158125,1.579063
35064,-2.635719,0.400969
35065,-3.427775,0.988831
35066,-1.445881,-0.074730
35067,-2.493959,1.246980
35068,-3.152379,1.955573
35069,-3.656250,1.579063
35070,-0.521367,-0.277479
35071,-2.777479,-0.445042
35072,-3.528889,1.579063
35073,-1.244415,0.988831
35074,-1.568917,-1.211352
35075,-2.541119,0.733052
35076,-3.824265,1.781812
35077,-3.088468,0.698220
35078,-2.742943,1.911146
35079,-3.281713,1.826239
35080,-2.440004,0.142820
35081,-3.623490,1.246980
35082,-2.598822,-0.147791
35083,-3.434289,1.911146
35084,-2.837543,1.579063
35085,-1.934194,0.777479
35086,-3.911146,1.955573
35087,-2.337712,0.326239
35088,-1.652210,-0.658322
35089,-0.520157,-0.162592
35090,-1.933731,0.900969
35091,-3.153395,0.440071
35092,-2.371693,1.652478
35093,-2.109756,0.123490
35094,-0.032308,-0.914101
35095,-1.813332,-0.722521
35096,-2.366718,-1.000000
35097,-2.163198,1.623490
35098,-2.385621,1.030303
35099,-3.304955,1.652478
35100,-3.335148,1.191580
35101,-3.656250,1.579063
35102,-3.365341,0.730682
35103,-3.158125,1.579063
35104,-2.835050,1.320914
35105,-2.311457,-0.722521
35106,-3.158125,1.579063
35107,-3.326140,1.781812
35108,-3.652478,1.826239
35109,-3.397582,1.449729
35110,-2.872277,1.781812
35111,-2.605388,-0.134659
35112,-1.200484,0.900969
35113,-3.652478,1.826239
35114,-1.801938,0.900969
35115,-3.167133,0.988831
35116,-1.855707,-1.634021
35117,-2.116349,-1.634021
35118,-3.822291,1.911146
35119,-3.652478,1.826239
35120,-2.706235,1.449729
35121,-2.343556,-0.658322
35122,-2.777479,-0.445042
35123,-1.461364,0.730682
35124,-2.793116,1.623490
35125,-2.883745,1.030303
35126,-1.461364,0.730682
35127,-3.326140,1.781812
35128,-2.730682,1.365341
35129,-3.335148,1.191580
35130,-3.826239,1.652478
35131,-3.911146,1.955573
35132,-2.056191,-1.233052
35133,-2.844057,0.730682
35134,-3.822291,1.911146
35135,-2.060606,1.030303
35136,-3.215828,0.698220
35137,-2.572099,-0.722521
35138,-3.652478,1.826239
35139,-2.885719,0.900969
35140,-3.652478,1.826239
35141,-2.347897,0.733052
35142,-1.945199,0.149460
35143,-1.945199,0.149460
35144,-2.261572,-0.955573
35145,-1.648630,-0.277479
35146,-1.917063,0.093187
35147,-3.528889,1.579063
35148,-2.993868,1.030303
35149,-3.779838,1.826239
35150,-3.095692,1.320914
35151,-3.563623,1.781812
35152,-3.281713,1.826239
35153,-2.038874,-1.400969
35154,-2.526723,-0.425270
35155,-3.153395,0.440071
35156,-3.102206,1.246980
35157,-1.926590,-0.109562
35158,-1.978621,0.733052
35159,-1.733246,0.500000
35160,-2.576901,1.579063
35161,0.497515,-0.162592
35162,-3.167133,0.988831
35163,-2.540461,0.123490
35164,-3.692957,1.652478
35165,-2.347897,0.733052
35166,-3.484462,1.623490
35167,-2.563163,1.030303
35168,-1.801938,0.900969
35169,-1.551938,0.400969
35170,-2.644197,-0.445042
35171,-2.440004,0.142820
35172,-2.228125,1.365341
35173,-3.232059,0.730682
35174,-2.367905,-0.134659
35175,-2.572099,-0.722521
35176,-2.015156,0.455573
35177,-1.934194,0.777479
35178,-1.154522,0.988831
35179,-2.859464,-0.147791
35180,-2.670453,0.603718
35181,-2.015156,0.455573
35182,-3.152379,1.955573
35183,-3.528889,1.579063
35184,-0.784266,0.900969
35185,-1.890808,-0.955573
35186,-3.490208,1.246980
35187,-2.598822,-0.147791
35188,-2.810768,0.142820
35189,-2.885719,0.900969
35190,-3.822291,1.911146
35191,-1.244415,0.988831
35192,-0.710661,0.054604
35193,-1.551938,0.400969
35194,-2.060606,1.030303
35195,-2.431855,0.900969
35196,-2.060606,1.030303
35197,-2.641828,1.320914
35198,-4.000000,2.000000
35199,-3.478716,2.000000
35200,-3.333174,1.320914
35201,-2.349870,0.603718
35202,-1.801938,0.900969
35203,-2.343556,-0.658322
35204,-1.811776,-1.721883
35205,-3.658223,1.449729
35206,-2.337712,0.326239
35207,-3.153395,0.440071
35208,-2.056191,-1.233052
35209,-2.826042,1.911146
35210,-2.641828,1.320914
35211,-2.793116,1.623490
35212,-1.833963,0.093187
35213,-3.158125,1.579063
35214,-3.215828,0.698220
35215,-3.652478,1.826239
35216,-2.168944,1.246980
35217,-1.824442,1.449729
35218,-1.396440,0.698220
35219,-3.153395,0.440071
35220,-3.167133,0.988831
35221,-2.572099,-0.722521
35222,-3.563623,1.781812
35223,-2.176109,0.777479
35224,-2.493959,1.246980
35225,-2.106074,-0.658322
35226,-3.658223,1.449729
35227,-2.598822,-0.147791
35228,-3.335148,1.191580
35229,-3.158125,1.579063
35230,-3.095692,1.320914
35231,-2.347897,0.733052
35232,-2.883745,1.030303
35233,-2.337712,0.326239
35234,-1.180804,0.266948
35235,-2.371693,1.652478
35236,-1.713557,-0.535628
35237,-1.914041,-0.134659
35238,-3.484462,1.623490
35239,-3.478716,2.000000
35240,-0.911146,0.455573
35241,-3.652478,1.826239
35242,-3.304955,1.652478
35243,-3.656250,1.579063
35244,-2.717704,0.698220
35245,-3.333174,1.320914
35246,-1.557314,-0.109562
35247,-1.309583,-0.955573
35248,-1.568917,-1.211352
35249,-0.911146,0.455573
35250,0.179425,-0.134659
35251,-2.261572,-0.955573
35252,-0.305503,-0.367711
35253,-0.584824,-0.033258
35254,-1.855707,-1.634021
35255,-2.116349,-1.634021
35256,-3.658223,1.449729
35257,-2.461033,1.955573
35258,-0.880142,0.440071
35259,-3.563623,1.781812
35260,-3.434289,1.911146
35261,-3.824265,1.781812
35262,-0.842470,-1.889800
35263,-0.317152,-0.033258
35264,-2.337712,0.326239
35265,-0.709394,0.440071
35266,-2.859464,-0.147791
35267,-3.866718,2.000000
35268,-1.574293,-1.721883
35269,-2.993868,1.030303
35270,-3.268248,1.579063
35271,-1.873490,-1.123490
35272,-0.702281,0.603718
35273,-3.365341,0.730682
35274,-1.550062,0.900969
35275,-1.760035,1.320914
35276,-3.822291,1.911146
35277,-3.490208,1.246980
35278,-2.700489,1.826239
35279,0.339445,1.191580
35280,-1.557314,-0.109562
35281,-3.158125,1.579063
35282,-3.158125,1.579063
35283,-3.484462,1.623490
35284,-3.335148,1.191580
35285,-3.158125,1.579063
35286,-3.335148,1.191580
35287,-3.324167,1.911146
35288,-2.163198,1.623490
35289,-2.144490,0.326239
35290,-1.396440,0.698220
35291,-2.641828,1.320914
35292,-3.650504,1.955573
35293,-3.656250,1.579063
35294,-2.367905,-0.134659
35295,-3.822291,1.911146
35296,-2.493959,1.246980
35297,-1.601453,0.500000
35298,-1.607199,0.123490
35299,-2.541119,0.733052
35300,-3.158125,1.579063
35301,-3.324167,1.911146
35302,-3.658223,1.449729
35303,-3.215828,0.698220
35304,-2.873202,0.400969
35305,-2.176109,0.777479
35306,-3.335148,1.191580
35307,-3.161387,1.365341
35308,-3.911146,1.955573
35309,-3.824265,1.781812
35310,-3.484462,1.623490
35311,-2.874250,1.652478
35312,-3.822291,1.911146
35313,-3.658223,1.449729
35314,-2.730682,1.365341
35315,-2.119812,-0.109562
35316,-2.899457,1.449729
35317,-3.304955,1.652478
35318,-1.212812,0.093187
35319,-1.551012,1.781812
35320,-1.801938,0.900969
35321,-1.977662,0.988831
35322,-2.242359,1.781812
35323,-2.859464,-0.147791
35324,-1.314088,-0.074730
35325,-1.207436,0.603718
35326,-2.883745,1.030303
35327,-3.650504,1.955573
35328,-1.027479,-0.277479
35329,-1.300576,-0.365341
35330,-2.899457,1.449729
35331,-2.576901,1.579063
35332,-2.899457,1.449729
35333,-3.650504,1.955573
35334,-3.462508,1.191580
35335,-2.259209,0.777479
35336,-2.302521,1.030303
35337,-3.779838,1.826239
35338,-3.051264,1.365341
35339,-2.337712,0.326239
35340,0.116318,-1.211352
35341,-1.944528,-1.977662
35342,0.158759,0.011169
35343,-2.256195,-0.445042
35344,-2.605388,-0.134659
35345,-3.694931,1.911146
35346,-2.563163,1.030303
35347,-3.397582,1.449729
35348,-3.123202,0.900969
35349,-3.528889,1.579063
35350,-3.563623,1.781812
35351,0.044073,1.246980
35352,-1.262697,0.326239
35353,-3.434289,1.911146
35354,-1.300576,-0.365341
35355,-1.624178,-1.488831
35356,-1.551584,-1.634021
35357,-2.110972,-1.123490
35358,-3.153395,0.440071
35359,-2.106074,-0.658322
35360,-0.140335,-0.147791
35361,-2.706235,1.449729
35362,-2.641828,1.320914
35363,-2.874250,1.652478
35364,-3.427775,0.988831
35365,-2.349870,0.603718
35366,-1.558067,-1.233052
35367,-0.170149,0.440071
35368,-1.845869,0.988831
35369,-3.333174,1.320914
35370,-2.899457,1.449729
35371,-3.563623,1.781812
35372,-1.074632,0.054604
35373,-3.304955,1.652478
35374,-3.397582,1.449729
35375,-3.822291,1.911146
35376,-2.810768,0.142820
35377,-3.397582,1.449729
35378,-3.167133,0.988831
35379,-3.167133,0.988831
35380,-2.635719,0.400969
35381,-2.826042,1.911146
35382,-3.652478,1.826239
35383,-3.397582,1.449729
35384,-3.153395,0.440071
35385,-1.275116,0.455573
35386,-0.252485,-0.162592
35387,-1.127350,1.826239
35388,-3.490208,1.246980
35389,-2.334986,1.579063
35390,-2.635719,0.400969
35391,-2.383160,1.191580
35392,-0.137905,0.500000
35393,-2.793116,1.623490
35394,-3.462508,1.191580
35395,-3.528889,1.579063
35396,-3.088468,0.698220
35397,-3.824265,1.781812
35398,-2.706235,1.449729
35399,-3.427775,0.988831
35400,-2.518736,1.074730
35401,-3.658223,1.449729
35402,-3.397582,1.449729
35403,-3.694931,1.911146
35404,-3.268248,1.579063
35405,-2.038874,-1.400969
35406,-3.694931,1.911146
35407,-1.149815,1.320914
35408,-3.152379,1.955573
35409,-2.337712,0.326239
35410,-2.576901,1.579063
35411,-3.658223,1.449729
35412,-2.572099,-0.722521
35413,-2.696708,1.652478
35414,-3.528889,1.579063
35415,-3.955573,1.911146
35416,-3.658223,1.449729
35417,-1.409351,-0.147791
35418,0.158759,0.011169
35419,-2.563163,1.030303
35420,-2.440004,0.142820
35421,-2.302521,1.030303
35422,-3.694931,1.911146
35423,-3.911146,1.955573
35424,-3.051264,1.365341
35425,-3.397582,1.449729
35426,-2.235810,0.730682
35427,-2.837543,1.579063
35428,-3.779838,1.826239
35429,-3.563623,1.781812
35430,-2.635719,0.400969
35431,-2.605388,-0.134659
35432,-3.281713,1.826239
35433,-3.065499,1.781812
35434,-3.281713,1.826239
35435,-3.563623,1.781812
35436,-3.911146,1.955573
35437,-2.938128,0.142820
35438,-3.095692,1.320914
35439,-3.153395,0.440071
35440,-1.248319,-1.466104
35441,-0.563340,0.698220
35442,-2.859464,-0.147791
35443,-1.719513,1.246980
35444,-0.586211,-0.147791
35445,-2.793116,1.623490
35446,-3.650504,1.955573
35447,-2.141244,1.191580
35448,-1.568917,-1.211352
35449,-2.964384,1.191580
35450,-3.268248,1.579063
35451,-3.268248,1.579063
35452,-3.911146,1.955573
35453,-1.681370,1.030303
35454,-2.964384,1.191580
35455,-2.136480,0.698220
35456,-1.917063,0.093187
35457,-3.658223,1.449729
35458,-2.964384,1.191580
35459,-3.152379,1.955573
35460,-2.885719,0.900969
35461,-3.462508,1.191580
35462,-2.885719,0.900969
35463,-3.484462,1.623490
35464,-1.551012,1.781812
35465,-3.462508,1.191580
35466,-3.779838,1.826239
35467,-3.123202,0.900969
35468,-2.141244,1.191580
35469,-3.911146,1.955573
35470,-1.934194,0.777479
35471,-3.528889,1.579063
35472,-3.824265,1.781812
35473,-3.955573,1.911146
35474,-1.849772,0.733052
35475,-2.316833,-1.233052
35476,-2.337712,0.326239
35477,-1.445881,-0.074730
35478,-1.507653,-1.721883
35479,-0.445042,0.222521
35480,-1.978716,-1.000000
35481,-3.051264,1.365341
35482,-3.658223,1.449729
35483,-2.540461,0.123490
35484,0.001651,0.440071
35485,-2.964384,1.191580
35486,-3.484462,1.623490
35487,-3.528889,1.579063
35488,-2.899457,1.449729
35489,-3.427775,0.988831
35490,-3.065499,1.781812
35491,-1.643120,1.191580
35492,-2.635719,0.400969
35493,-2.873202,0.400969
35494,-3.658223,1.449729
35495,-3.051264,1.365341
35496,-3.484462,1.623490
35497,-3.102206,1.246980
35498,-3.434289,1.911146
35499,-2.669008,0.988831
35500,-2.259209,0.777479
35501,-3.623490,1.246980
35502,-1.955475,-0.826239
35503,-1.558067,-1.233052
35504,-1.551938,0.400969
35505,-3.650504,1.955573
35506,-2.526723,-0.425270
35507,-1.170753,0.149460
35508,-2.336959,1.449729
35509,-3.528889,1.579063
35510,-2.208111,1.449729
35511,-3.326140,1.781812
35512,-2.793116,1.623490
35513,-3.268248,1.579063
35514,-3.051264,1.365341
35515,-3.528889,1.579063
35516,-2.440004,0.142820
35517,-3.824265,1.781812
35518,-3.824265,1.781812
35519,-3.102206,1.246980
35520,-2.872277,1.781812
35521,-1.551012,1.781812
35522,-3.694931,1.911146
35523,-2.644197,-0.445042
35524,-0.779516,-0.535628
35525,0.325184,-0.162592
35526,-3.822291,1.911146
35527,-3.656250,1.579063
35528,-2.349870,0.603718
35529,-2.256195,-0.445042
35530,-3.650504,1.955573
35531,-3.365341,0.730682
35532,-2.872277,1.781812
35533,-0.168606,-0.033258
35534,-3.826239,1.652478
35535,-2.493959,1.246980
35536,-3.158125,1.579063
35537,-2.700489,1.826239
35538,-3.490208,1.246980
35539,-1.833963,0.093187
35540,-2.780575,0.603718
35541,-2.826042,1.911146
35542,-1.445881,-0.074730
35543,-3.095692,1.320914
35544,-3.324167,1.911146
35545,-3.158125,1.579063
35546,-2.349870,0.603718
35547,-3.167133,0.988831
35548,-3.326140,1.781812
35549,-3.427775,0.988831
35550,-3.333174,1.320914
35551,-3.822291,1.911146
35552,-2.883745,1.030303
35553,-1.280886,-1.400969
35554,-3.333174,1.320914
35555,-3.563623,1.781812
35556,-3.650504,1.955573
35557,-1.773241,0.455573
35558,-3.490208,1.246980
35559,-2.899457,1.449729
35560,-2.518736,1.074730
35561,-3.563623,1.781812
35562,-3.397582,1.449729
35563,-3.658223,1.449729
35564,-2.598822,-0.147791
35565,-3.158125,1.579063
35566,-2.874250,1.652478
35567,-2.383160,1.191580
35568,-3.397582,1.449729
35569,-3.215828,0.698220
35570,-0.637763,-0.535628
35571,-3.335148,1.191580
35572,-3.652478,1.826239
35573,-2.343556,-0.658322
35574,-3.490208,1.246980
35575,-1.864156,-0.367711
35576,-2.941449,0.149460
35577,-2.367905,-0.134659
35578,-2.272552,1.320914
35579,-1.836861,1.579063
35580,-3.563623,1.781812
35581,-3.335148,1.191580
35582,-2.826042,1.911146
35583,-3.326140,1.781812
35584,-2.641828,1.320914
35585,-3.153395,0.440071
35586,-3.365341,0.730682
35587,-2.149460,1.074730
35588,-2.272552,1.320914
35589,-3.656250,1.579063
35590,-3.123202,0.900969
35591,-2.706235,1.449729
35592,-1.836861,1.579063
35593,-2.899457,1.449729
35594,-1.855707,-1.634021
35595,-2.605388,-0.134659
35596,-1.003761,1.579063
35597,-2.793116,1.623490
35598,-1.233709,-0.623490
35599,-3.246980,1.623490
35600,-2.641828,1.320914
35601,-2.837543,1.579063
35602,-2.119812,-0.109562
35603,-1.574735,-0.425270
35604,-3.427775,0.988831
35605,-2.518736,1.074730
35606,-2.598822,-0.147791
35607,-3.462508,1.191580
35608,-3.152379,1.955573
35609,-1.652210,-0.658322
35610,-2.015156,0.455573
35611,-3.563623,1.781812
35612,-2.742943,1.911146
35613,-3.779838,1.826239
35614,-2.964384,1.191580
35615,-3.563623,1.781812
35616,-2.371693,1.652478
35617,-3.333174,1.320914
35618,-2.641828,1.320914
35619,-1.960449,1.826239
35620,-3.955573,1.911146
35621,-2.563163,1.030303
35622,-0.215380,0.266948
35623,-2.110972,-1.123490
35624,-0.801938,0.400969
35625,-2.700489,1.826239
35626,-3.490208,1.246980
35627,-0.584824,-0.033258
35628,-2.859464,-0.147791
35629,-2.316833,-1.233052
35630,-2.572099,-0.722521
35631,-2.410859,1.246980
35632,-1.154522,0.988831
35633,-0.700307,0.733052
35634,-1.855707,-1.634021
35635,-2.605388,-0.134659
35636,-1.396440,0.698220
35637,-3.158125,1.579063
35638,-3.490208,1.246980
35639,-3.095692,1.320914
35640,-2.793116,1.623490
35641,-0.576416,-0.658322
35642,-1.121986,-0.722521
35643,-2.106074,-0.658322
35644,-0.538346,-1.889800
35645,-0.521367,-0.277479
35646,-2.106074,-0.658322
35647,-2.993868,1.030303
35648,-3.528889,1.579063
35649,-2.563163,1.030303
35650,-3.658223,1.449729
35651,-2.837543,1.579063
35652,-3.268248,1.579063
35653,-2.563163,1.030303
35654,-2.873202,0.400969
35655,-2.873202,0.400969
35656,-2.184738,-0.367711
35657,-3.824265,1.781812
35658,-3.397582,1.449729
35659,-2.541119,0.733052
35660,-3.152379,1.955573
35661,-3.650504,1.955573
35662,-3.563623,1.781812
35663,-3.528889,1.579063
35664,-2.742943,1.911146
35665,-2.837543,1.579063
35666,-3.268248,1.579063
35667,-2.598822,-0.147791
35668,-2.576901,1.579063
35669,-1.847313,0.603718
35670,-3.623490,1.246980
35671,-3.232059,0.730682
35672,-1.462714,0.222521
35673,-2.635719,0.400969
35674,-3.123202,0.900969
35675,-2.394628,0.440071
35676,-1.648630,-0.277479
35677,-1.624178,-1.488831
35678,-0.709168,-0.914101
35679,-2.466259,1.191580
35680,-3.694931,1.911146
35681,-3.427775,0.988831
35682,-3.955573,1.911146
35683,-3.623490,1.246980
35684,-3.911146,1.955573
35685,-1.824442,1.449729
35686,-2.374152,1.781812
35687,-3.281713,1.826239
35688,-1.118740,0.142820
35689,-3.123202,0.900969
35690,-3.650504,1.955573
35691,-2.837543,1.579063
35692,-1.934194,0.777479
35693,-3.397582,1.449729
35694,-2.242359,1.781812
35695,-2.163198,1.623490
35696,-2.100697,-0.147791
35697,-2.870469,2.000000
35698,-2.964384,1.191580
35699,-2.563163,1.030303
35700,-3.528889,1.579063
35701,-3.194833,1.652478
35702,-2.228125,1.365341
35703,-3.152379,1.955573
35704,-3.779838,1.826239
35705,-3.779838,1.826239
35706,-3.824265,1.781812
35707,-0.860591,0.400969
35708,-1.420728,1.030303
35709,-2.141244,1.191580
35710,1.793293,1.579063
35711,-0.215380,0.266948
35712,-2.526723,-0.425270
35713,-2.228125,1.365341
35714,-1.847313,0.603718
35715,-3.065499,1.781812
35716,-3.779838,1.826239
35717,-2.242359,1.781812
35718,-3.397582,1.449729
35719,-2.259209,0.777479
35720,-2.576901,1.579063
35721,-1.022292,-0.658322
35722,-3.658223,1.449729
35723,-2.872277,1.781812
35724,-3.528889,1.579063
35725,-0.583781,0.500000
35726,-3.563623,1.781812
35727,-3.650504,1.955573
35728,-3.563623,1.781812
35729,-3.866718,2.000000
35730,-1.643120,1.191580
35731,-2.500000,-1.000000
35732,-3.102206,1.246980
35733,-2.541119,0.733052
35734,-1.978716,-1.000000
35735,-1.441541,-1.466104
35736,0.589882,-0.955573
35737,2.274078,-0.914101
35738,-3.779838,1.826239
35739,-2.670453,0.603718
35740,-2.272552,1.320914
35741,-1.960449,1.826239
35742,0.781922,0.603718
35743,0.504443,0.326239
35744,-3.658223,1.449729
35745,-2.941449,0.149460
35746,-1.568917,-1.211352
35747,-1.668109,-1.400969
35748,-1.357582,-1.634021
35749,-3.563623,1.781812
35750,-0.985218,0.603718
35751,-3.065499,1.781812
35752,-1.214222,1.449729
35753,-3.563623,1.781812
35754,-3.123202,0.900969
35755,-1.361599,-0.367711
35756,-3.658223,1.449729
35757,-3.528889,1.579063
35758,-0.621791,-0.955573
35759,-3.232059,0.730682
35760,-1.933731,0.900969
35761,-1.847313,0.603718
35762,-2.015156,0.455573
35763,-1.928302,-1.488831
35764,-3.153395,0.440071
35765,-3.911146,1.955573
35766,-3.563623,1.781812
35767,-2.518736,1.074730
35768,-3.650504,1.955573
35769,-3.397582,1.449729
35770,-1.933731,0.900969
35771,-3.158125,1.579063
35772,-1.944528,-1.977662
35773,-1.005460,-0.955573
35774,-1.690819,-1.488831
35775,-1.713557,-0.535628
35776,-3.955573,1.911146
35777,-3.095692,1.320914
35778,-2.367905,-0.134659
35779,-2.706235,1.449729
35780,-2.899457,1.449729
35781,-3.051264,1.365341
35782,-2.388932,-0.955573
35783,-3.779838,1.826239
35784,-3.152379,1.955573
35785,-2.051596,1.911146
35786,-2.742943,1.911146
35787,-1.551584,-1.634021
35788,-2.885719,0.900969
35789,-1.978716,-1.000000
35790,-1.120429,-1.721883
35791,-2.430339,0.123490
35792,-1.914041,-0.134659
35793,-0.186388,-1.721883
35794,-0.779516,-0.535628
35795,-2.526723,-0.425270
35796,-2.993868,1.030303
35797,-2.899457,1.449729
35798,-2.670453,0.603718
35799,-3.462508,1.191580
35800,-2.711958,1.074730
35801,-3.333174,1.320914
35802,-3.528889,1.579063
35803,-1.695108,1.579063
35804,-3.232059,0.730682
35805,-2.835050,1.320914
35806,-3.153395,0.440071
35807,-1.845869,0.988831
35808,-2.136480,0.698220
35809,-3.268248,1.579063
35810,-3.694931,1.911146
35811,-3.434289,1.911146
35812,0.304958,0.222521
35813,-3.152379,1.955573
35814,-1.214222,1.449729
35815,-3.152379,1.955573
35816,-2.466259,1.191580
35817,-3.866718,2.000000
35818,-3.528889,1.579063
35819,-2.964384,1.191580
35820,-3.051264,1.365341
35821,-2.141244,1.191580
35822,-3.397582,1.449729
35823,-3.484462,1.623490
35824,-3.051264,1.365341
35825,-2.500000,-1.000000
35826,-1.466104,0.733052
35827,-3.694931,1.911146
35828,-2.899457,1.449729
35829,-3.152379,1.955573
35830,1.392285,-0.914101
35831,-3.333174,1.320914
35832,-3.051264,1.365341
35833,-1.890808,-0.955573
35834,-2.116349,-1.634021
35835,-1.878417,-1.721883
35836,-1.212812,0.093187
35837,-2.518736,1.074730
35838,-1.945199,0.149460
35839,-0.881639,-1.977662
35840,-0.666236,-1.634021
35841,-1.409351,-0.147791
35842,-3.153395,0.440071
35843,-2.316833,-1.233052
35844,-3.095692,1.320914
35845,-2.793116,1.623490
35846,-2.793116,1.623490
35847,-3.397582,1.449729
35848,-2.334986,1.579063
35849,-1.731816,1.652478
35850,-3.822291,1.911146
35851,-3.824265,1.781812
35852,-3.822291,1.911146
35853,-2.883745,1.030303
35854,-2.385621,1.030303
35855,-2.374152,1.781812
35856,-1.225625,-1.123490
35857,-1.858780,0.142820
35858,-2.892753,0.440071
35859,-2.163198,1.623490
35860,-2.541119,0.733052
35861,-3.826239,1.652478
35862,0.166876,-0.109562
35863,-2.374152,1.781812
35864,-2.706235,1.449729
35865,-0.251492,0.054604
35866,0.276467,-0.109562
35867,-3.088468,0.698220
35868,-2.316833,-1.233052
35869,-3.123202,0.900969
35870,-3.152379,1.955573
35871,-2.563163,1.030303
35872,-1.420728,1.030303
35873,-3.528889,1.579063
35874,-3.692957,1.652478
35875,-2.835050,1.320914
35876,-2.337712,0.326239
35877,-2.431855,0.900969
35878,-3.268248,1.579063
35879,-2.696708,1.652478
35880,-1.978716,-1.000000
35881,-2.670453,0.603718
35882,-3.911146,1.955573
35883,-2.993868,1.030303
35884,-2.336959,1.449729
35885,-3.427775,0.988831
35886,-1.890808,-0.955573
35887,-0.027125,-0.109562
35888,-0.490512,-1.721883
35889,-2.311457,-0.722521
35890,-3.167133,0.988831
35891,-3.563623,1.781812
35892,-2.717704,0.698220
35893,-2.110972,-1.123490
35894,-3.153395,0.440071
35895,-2.168944,1.246980
35896,-2.641828,1.320914
35897,-2.706235,1.449729
35898,-1.717542,-0.914101
35899,-1.762918,-1.211352
35900,-3.153395,0.440071
35901,-2.576901,1.579063
35902,-3.650504,1.955573
35903,-3.563623,1.781812
35904,-3.102206,1.246980
35905,-2.466259,1.191580
35906,-1.977662,0.988831
35907,-2.540461,0.123490
35908,-3.658223,1.449729
35909,-3.866718,2.000000
35910,-3.658223,1.449729
35911,-3.563623,1.781812
35912,-2.993868,1.030303
35913,-3.911146,1.955573
35914,-3.658223,1.449729
35915,-3.088468,0.698220
35916,-3.281713,1.826239
35917,-2.706235,1.449729
35918,-3.694931,1.911146
35919,-2.899457,1.449729
35920,-1.917063,0.093187
35921,-3.434289,1.911146
35922,-3.326140,1.781812
35923,-3.563623,1.781812
35924,-2.993868,1.030303
35925,-2.110972,-1.123490
35926,-3.123202,0.900969
35927,-2.706235,1.449729
35928,-2.272552,1.320914
35929,-3.694931,1.911146
35930,-3.065499,1.781812
35931,-3.824265,1.781812
35932,-3.152379,1.955573
35933,-3.563623,1.781812
35934,-3.194833,1.652478
35935,-1.955475,-0.826239
35936,-1.207436,0.603718
35937,-2.242359,1.781812
35938,-3.427775,0.988831
35939,-1.006419,-1.211352
35940,-0.434577,-0.109562
35941,-2.136480,0.698220
35942,-3.152379,1.955573
35943,-0.712714,0.222521
35944,-2.228125,1.365341
35945,-2.136480,0.698220
35946,-3.824265,1.781812
35947,-3.528889,1.579063
35948,-3.462508,1.191580
35949,-1.133363,0.455573
35950,-2.181855,0.400969
35951,-2.669008,0.988831
35952,-2.347897,0.733052
35953,-3.528889,1.579063
35954,-2.228125,1.365341
35955,-2.336959,1.449729
35956,-3.281713,1.826239
35957,-2.598822,-0.147791
35958,-2.964384,1.191580
35959,-2.541119,0.733052
35960,-3.694931,1.911146
35961,-3.326140,1.781812
35962,-1.643120,1.191580
35963,-1.121986,-0.722521
35964,-1.149815,1.320914
35965,-2.136480,0.698220
35966,-3.088468,0.698220
35967,-1.847313,0.603718
35968,-2.110972,-1.123490
35969,-2.810768,0.142820
35970,-1.554958,0.777479
35971,-3.652478,1.826239
35972,-3.324167,1.911146
35973,-3.123202,0.900969
35974,-0.669220,1.781812
35975,-2.810768,0.142820
35976,-3.656250,1.579063
35977,-3.427775,0.988831
35978,-3.335148,1.191580
35979,-3.335148,1.191580
35980,-2.899457,1.449729
35981,-2.181855,0.400969
35982,-3.304955,1.652478
35983,-1.044797,-0.109562
35984,-3.656250,1.579063
35985,-3.650504,1.955573
35986,-1.824442,1.449729
35987,-3.324167,1.911146
35988,-3.324167,1.911146
35989,-3.826239,1.652478
35990,-3.911146,1.955573
35991,-2.256195,-0.445042
35992,-1.978621,0.733052
35993,-3.822291,1.911146
35994,-2.780575,0.603718
35995,-2.493959,1.246980
35996,-3.335148,1.191580
35997,-3.158125,1.579063
35998,-3.911146,1.955573
35999,-3.563623,1.781812
36000,-3.427775,0.988831
36001,-2.431855,0.900969
36002,-0.855884,0.733052
36003,-2.518736,1.074730
36004,-0.764573,0.326239
36005,-3.365341,0.730682
36006,-2.717704,0.698220
36007,-2.883745,1.030303
36008,-2.116349,-1.634021
36009,-0.098933,1.030303
36010,-3.304955,1.652478
36011,-3.911146,1.955573
36012,-3.822291,1.911146
36013,-2.493959,1.246980
36014,-2.235810,0.730682
36015,-2.635719,0.400969
36016,-2.430339,0.123490
36017,-2.641828,1.320914
36018,-2.717704,0.698220
36019,-1.607199,0.123490
36020,-1.855707,-1.634021
36021,-3.304955,1.652478
36022,-2.669008,0.988831
36023,-2.717704,0.698220
36024,-3.158125,1.579063
36025,-3.161387,1.365341
36026,-3.215828,0.698220
36027,-2.899457,1.449729
36028,-2.119812,-0.109562
36029,-2.266948,-1.466104
36030,-3.911146,1.955573
36031,-1.934194,0.777479
36032,-2.706235,1.449729
36033,-2.141244,1.191580
36034,-3.268248,1.579063
36035,-1.022292,-0.658322
36036,-2.837543,1.579063
36037,-3.427775,0.988831
36038,-2.136480,0.698220
36039,-1.361599,-0.367711
36040,-3.215828,0.698220
36041,-3.826239,1.652478
36042,-2.176109,0.777479
36043,-3.167133,0.988831
36044,-3.824265,1.781812
36045,-0.911146,0.455573
36046,-1.717542,-0.914101
36047,-2.261572,-0.955573
36048,-2.717704,0.698220
36049,-2.883745,1.030303
36050,-2.859464,-0.147791
36051,-1.445881,-0.074730
36052,-1.773241,0.455573
36053,-2.717704,0.698220
36054,-3.158125,1.579063
36055,-3.484462,1.623490
36056,-3.123202,0.900969
36057,-3.304955,1.652478
36058,-3.656250,1.579063
36059,-0.983246,-1.000000
36060,-1.120429,-1.721883
36061,0.511702,-0.535628
36062,-0.560521,1.449729
36063,-1.524320,-0.914101
36064,-1.877888,-1.977662
36065,-0.450484,-1.801938
36066,-1.225625,-1.123490
36067,-2.883745,1.030303
36068,-3.365341,0.730682
36069,-3.397582,1.449729
36070,-3.490208,1.246980
36071,-3.652478,1.826239
36072,-3.397582,1.449729
36073,-2.810768,0.142820
36074,-2.060606,1.030303
36075,-1.977662,0.988831
36076,-2.394628,0.440071
36077,-1.088404,-0.914101
36078,-1.713557,-0.535628
36079,-3.824265,1.781812
36080,-1.026723,1.074730
36081,-1.116526,0.733052
36082,-1.760035,1.320914
36083,-0.071261,-0.658322
36084,-2.859464,-0.147791
36085,-1.762918,-1.211352
36086,-1.070127,-0.826239
36087,0.260517,-0.033258
36088,0.106511,0.011169
36089,-3.563623,1.781812
36090,-2.793116,1.623490
36091,-3.911146,1.955573
36092,-2.730682,1.365341
36093,-3.161387,1.365341
36094,-2.780575,0.603718
36095,-2.598822,-0.147791
36096,-2.874250,1.652478
36097,-2.011910,1.320914
36098,-3.484462,1.623490
36099,-2.181855,0.400969
36100,-1.154522,0.988831
36101,-1.357582,-1.634021
36102,-0.447472,-0.425270
36103,-2.635719,0.400969
36104,-3.326140,1.781812
36105,-3.528889,1.579063
36106,-2.228125,1.365341
36107,-3.088468,0.698220
36108,-3.563623,1.781812
36109,-3.246980,1.623490
36110,-2.181855,0.400969
36111,-3.427775,0.988831
36112,-3.484462,1.623490
36113,-0.801938,0.400969
36114,-2.576901,1.579063
36115,-3.123202,0.900969
36116,-2.635719,0.400969
36117,-3.427775,0.988831
36118,-3.563623,1.781812
36119,-2.005777,-1.721883
36120,-3.692957,1.652478
36121,-3.326140,1.781812
36122,-2.038874,-1.400969
36123,-3.955573,1.911146
36124,-2.696708,1.652478
36125,-2.993868,1.030303
36126,-1.977662,0.988831
36127,-3.692957,1.652478
36128,-3.397582,1.449729
36129,-1.703282,0.440071
36130,-3.051264,1.365341
36131,-3.167133,0.988831
36132,-2.440004,0.142820
36133,-2.711958,1.074730
36134,-1.643120,1.191580
36135,-3.694931,1.911146
36136,-3.152379,1.955573
36137,-3.281713,1.826239
36138,-1.717979,0.733052
36139,-2.964384,1.191580
36140,-3.102206,1.246980
36141,-3.232059,0.730682
36142,-3.088468,0.698220
36143,-1.233709,-0.623490
36144,-3.694931,1.911146
36145,-2.873202,0.400969
36146,-2.336959,1.449729
36147,-2.859464,-0.147791
36148,-3.658223,1.449729
36149,-1.412671,0.730682
36150,-3.088468,0.698220
36151,-3.650504,1.955573
36152,-3.694931,1.911146
36153,-3.623490,1.246980
36154,-3.268248,1.579063
36155,-2.431855,0.900969
36156,-3.462508,1.191580
36157,-3.281713,1.826239
36158,-2.311457,-0.722521
36159,-3.326140,1.781812
36160,-2.394628,0.440071
36161,-1.300576,-0.365341
36162,-0.117905,-0.134659
36163,-1.601453,0.500000
36164,-3.095692,1.320914
36165,-3.528889,1.579063
36166,-3.650504,1.955573
36167,-3.102206,1.246980
36168,-3.281713,1.826239
36169,-2.670453,0.603718
36170,-3.462508,1.191580
36171,-1.121986,-0.722521
36172,1.073974,-0.277479
36173,-1.419626,-1.123490
36174,-3.152379,1.955573
36175,-3.528889,1.579063
36176,-2.899457,1.449729
36177,-3.462508,1.191580
36178,-3.051264,1.365341
36179,-3.194833,1.652478
36180,-3.123202,0.900969
36181,-3.911146,1.955573
36182,-3.955573,1.911146
36183,-3.694931,1.911146
36184,0.764201,-0.425270
36185,-3.427775,0.988831
36186,-2.440004,0.142820
36187,-1.210838,0.222521
36188,-3.268248,1.579063
36189,-3.658223,1.449729
36190,-2.259209,0.777479
36191,-3.102206,1.246980
36192,-2.099031,-1.801938
36193,-3.692957,1.652478
36194,-2.228125,1.365341
36195,-1.011473,1.652478
36196,-3.065499,1.781812
36197,-3.824265,1.781812
36198,-2.872277,1.781812
36199,-2.835050,1.320914
36200,-3.650504,1.955573
36201,-2.641828,1.320914
36202,-3.563623,1.781812
36203,-3.563623,1.781812
36204,-3.281713,1.826239
36205,-2.302521,1.030303
36206,-2.110972,-1.123490
36207,-2.394628,0.440071
36208,-3.484462,1.623490
36209,-2.706235,1.449729
36210,-3.397582,1.449729
36211,-3.779838,1.826239
36212,-0.911611,-1.400969
36213,-2.964384,1.191580
36214,-3.563623,1.781812
36215,-3.563623,1.781812
36216,-2.938128,0.142820
36217,-1.978716,-1.000000
36218,-2.964384,1.191580
36219,-2.119812,-0.109562
36220,-1.592048,0.093187
36221,-2.242359,1.781812
36222,-2.163198,1.623490
36223,-2.793116,1.623490
36224,-2.461033,1.955573
36225,-2.371693,1.652478
36226,-1.960449,1.826239
36227,-3.397582,1.449729
36228,-3.281713,1.826239
36229,-3.824265,1.781812
36230,-2.964384,1.191580
36231,-3.268248,1.579063
36232,-2.993868,1.030303
36233,-0.256645,0.142820
36234,-3.268248,1.579063
36235,-2.526723,-0.425270
36236,-3.153395,0.440071
36237,-2.235810,0.730682
36238,-2.136480,0.698220
36239,-1.027479,-0.277479
36240,-2.099031,-1.801938
36241,-2.337712,0.326239
36242,-3.158125,1.579063
36243,-1.955475,-0.826239
36244,-1.198511,1.030303
36245,-3.304955,1.652478
36246,-3.824265,1.781812
36247,-3.427775,0.988831
36248,-2.096023,2.000000
36249,-3.656250,1.579063
36250,-2.874250,1.652478
36251,-3.215828,0.698220
36252,-1.922262,1.652478
36253,-2.181855,0.400969
36254,-0.246980,0.123490
36255,0.132628,0.222521
36256,-0.749532,0.698220
36257,-1.775215,0.326239
36258,-2.964384,1.191580
36259,-2.337712,0.326239
36260,-2.641828,1.320914
36261,-2.899457,1.449729
36262,-3.232059,0.730682
36263,-2.563163,1.030303
36264,-2.540461,0.123490
36265,-3.088468,0.698220
36266,-2.899457,1.449729
36267,-3.911146,1.955573
36268,-3.427775,0.988831
36269,-1.413198,1.623490
36270,-2.383160,1.191580
36271,-3.822291,1.911146
36272,-2.272552,1.320914
36273,-3.822291,1.911146
36274,-3.822291,1.911146
36275,-2.383160,1.191580
36276,-2.343556,-0.658322
36277,-1.762008,1.191580
36278,-2.294861,-0.367711
36279,-3.152379,1.955573
36280,-3.304955,1.652478
36281,-3.658223,1.449729
36282,-3.650504,1.955573
36283,-0.145365,0.011169
36284,1.652478,-0.826239
36285,0.185991,-0.147791
36286,-3.153395,0.440071
36287,-1.466104,0.733052
36288,-2.892753,0.440071
36289,-2.859464,-0.147791
36290,-3.563623,1.781812
36291,-3.158125,1.579063
36292,-3.158125,1.579063
36293,-0.873667,-0.955573
36294,-1.762918,-1.211352
36295,-2.431855,0.900969
36296,-3.484462,1.623490
36297,-3.528889,1.579063
36298,-3.268248,1.579063
36299,-2.316833,-1.233052
36300,-3.153395,0.440071
36301,-3.095692,1.320914
36302,-2.388932,-0.955573
36303,-0.147870,-0.074730
36304,-2.119812,-0.109562
36305,-1.794458,-1.889800
36306,-3.427775,0.988831
36307,-2.015156,0.455573
36308,-3.194833,1.652478
36309,-3.153395,0.440071
36310,-2.892753,0.440071
36311,-0.763270,1.246980
36312,-1.300576,-0.365341
36313,-1.574293,-1.721883
36314,-1.762008,1.191580
36315,-2.383160,1.191580
36316,-0.146901,-0.134659
36317,-1.121986,-0.722521
36318,-0.880142,0.440071
36319,-2.311457,-0.722521
36320,-2.430339,0.123490
36321,-3.246980,1.623490
36322,-2.844057,0.730682
36323,-3.911146,1.955573
36324,-3.324167,1.911146
36325,-3.065499,1.781812
36326,-2.892753,0.440071
36327,-2.461033,1.955573
36328,-1.836861,1.579063
36329,-1.550062,0.900969
36330,-0.298920,0.149460
36331,-0.520157,-0.162592
36332,-3.822291,1.911146
36333,-3.824265,1.781812
36334,-1.357582,-1.634021
36335,-0.544316,-0.722521
36336,-1.824442,1.449729
36337,-0.702281,0.603718
36338,-1.824442,1.449729
36339,-3.152379,1.955573
36340,-2.883745,1.030303
36341,-2.641828,1.320914
36342,-2.883745,1.030303
36343,-2.598822,-0.147791
36344,-2.311457,-0.722521
36345,-3.563623,1.781812
36346,-2.883745,1.030303
36347,-3.478716,2.000000
36348,-2.383160,1.191580
36349,-3.246980,1.623490
36350,-4.000000,2.000000
36351,-3.215828,0.698220
36352,-3.824265,1.781812
36353,-3.650504,1.955573
36354,-3.826239,1.652478
36355,-3.153395,0.440071
36356,-1.760035,1.320914
36357,-3.478716,2.000000
36358,-3.490208,1.246980
36359,-2.669008,0.988831
36360,-1.858780,0.142820
36361,-3.427775,0.988831
36362,-3.658223,1.449729
36363,-1.607199,0.123490
36364,-3.563623,1.781812
36365,-2.641828,1.320914
36366,-1.349578,0.500000
36367,-3.215828,0.698220
36368,-2.163198,1.623490
36369,-3.822291,1.911146
36370,-3.563623,1.781812
36371,-3.065499,1.781812
36372,-1.864156,-0.367711
36373,-0.399093,-1.400969
36374,-1.811776,-1.721883
36375,-3.824265,1.781812
36376,-3.866718,2.000000
36377,-3.281713,1.826239
36378,-2.837543,1.579063
36379,-3.232059,0.730682
36380,-2.964384,1.191580
36381,-3.462508,1.191580
36382,-2.635719,0.400969
36383,-3.051264,1.365341
36384,-2.208111,1.449729
36385,-0.476251,-0.367711
36386,-1.745664,-1.466104
36387,-2.874250,1.652478
36388,-3.478716,2.000000
36389,-3.824265,1.781812
36390,-2.349870,0.603718
36391,-3.650504,1.955573
36392,-3.158125,1.579063
36393,-2.383160,1.191580
36394,-3.123202,0.900969
36395,-3.484462,1.623490
36396,-3.658223,1.449729
36397,-2.700489,1.826239
36398,-3.822291,1.911146
36399,-2.430339,0.123490
36400,-3.652478,1.826239
36401,-2.700489,1.826239
36402,-0.847680,1.246980
36403,0.628854,-0.425270
36404,-0.350619,-0.277479
36405,-3.484462,1.623490
36406,-3.866718,2.000000
36407,-0.823226,0.326239
36408,-3.194833,1.652478
36409,-3.065499,1.781812
36410,-0.756100,1.955573
36411,-3.563623,1.781812
36412,-3.658223,1.449729
36413,-3.123202,0.900969
36414,-2.859464,-0.147791
36415,-2.272552,1.320914
36416,-1.261910,1.320914
36417,-2.208111,1.449729
36418,-2.466259,1.191580
36419,-1.050429,1.652478
36420,-0.336881,-0.826239
36421,-3.528889,1.579063
36422,-3.397582,1.449729
36423,-3.779838,1.826239
36424,-2.859464,-0.147791
36425,-3.528889,1.579063
36426,-3.528889,1.579063
36427,-2.899457,1.449729
36428,-3.658223,1.449729
36429,-3.824265,1.781812
36430,-3.051264,1.365341
36431,-2.410859,1.246980
36432,-3.194833,1.652478
36433,-3.462508,1.191580
36434,-3.484462,1.623490
36435,-2.518736,1.074730
36436,-1.934194,0.777479
36437,-3.563623,1.781812
36438,-3.281713,1.826239
36439,-0.275975,0.123490
36440,-0.784266,0.900969
36441,-2.541119,0.733052
36442,-3.528889,1.579063
36443,-3.102206,1.246980
36444,-3.650504,1.955573
36445,-2.742943,1.911146
36446,-3.694931,1.911146
36447,-3.528889,1.579063
36448,-0.628209,0.455573
36449,-3.324167,1.911146
36450,-3.335148,1.191580
36451,-3.158125,1.579063
36452,-3.158125,1.579063
36453,-3.652478,1.826239
36454,-3.826239,1.652478
36455,-2.383160,1.191580
36456,-3.095692,1.320914
36457,-2.641828,1.320914
36458,-2.493959,1.246980
36459,-2.106074,-0.658322
36460,-1.661706,-1.634021
36461,0.128724,-0.033258
36462,-3.153395,0.440071
36463,-2.859464,-0.147791
36464,-2.835050,1.320914
36465,-2.993868,1.030303
36466,-2.964384,1.191580
36467,-2.540461,0.123490
36468,-2.011910,1.320914
36469,-3.652478,1.826239
36470,-3.911146,1.955573
36471,-3.824265,1.781812
36472,-3.215828,0.698220
36473,-3.824265,1.781812
36474,-3.153395,0.440071
36475,-2.700489,1.826239
36476,-2.641828,1.320914
36477,-3.161387,1.365341
36478,-1.745664,-1.466104
36479,-1.878417,-1.721883
36480,-2.810768,0.142820
36481,-3.911146,1.955573
36482,-2.899457,1.449729
36483,-3.824265,1.781812
36484,-1.179763,1.911146
36485,-2.711958,1.074730
36486,-1.601453,0.500000
36487,-2.493959,1.246980
36488,-2.347897,0.733052
36489,-2.859464,-0.147791
36490,-3.824265,1.781812
36491,-3.652478,1.826239
36492,-1.836861,1.579063
36493,-2.272552,1.320914
36494,-1.039051,0.266948
36495,-1.873490,-1.123490
36496,-0.272292,-0.658322
36497,-1.132335,-0.826239
36498,-0.652478,0.326239
36499,-1.132335,-0.826239
36500,-3.158125,1.579063
36501,-2.430339,0.123490
36502,-3.650504,1.955573
36503,-2.730682,1.365341
36504,-2.060606,1.030303
36505,-3.911146,1.955573
36506,-2.669008,0.988831
36507,-3.822291,1.911146
36508,-0.285935,0.123490
36509,-1.207436,0.603718
36510,-1.634892,-0.826239
36511,-3.563623,1.781812
36512,-3.563623,1.781812
36513,-3.194833,1.652478
36514,-2.526723,-0.425270
36515,-2.119812,-0.109562
36516,-3.911146,1.955573
36517,-3.153395,0.440071
36518,-2.598822,-0.147791
36519,-0.496901,0.326239
36520,-1.349578,0.500000
36521,-3.333174,1.320914
36522,-3.167133,0.988831
36523,-0.560521,1.449729
36524,-3.123202,0.900969
36525,0.436916,0.733052
36526,-1.762918,-1.211352
36527,-1.574293,-1.721883
36528,1.638641,0.093187
36529,-2.696708,1.652478
36530,-2.993868,1.030303
36531,-2.964384,1.191580
36532,-3.528889,1.579063
36533,-3.194833,1.652478
36534,-3.232059,0.730682
36535,-3.779838,1.826239
36536,-1.384971,1.449729
36537,-2.518736,1.074730
36538,-2.837543,1.579063
36539,-0.367567,0.455573
36540,-3.528889,1.579063
36541,-2.242359,1.781812
36542,-3.911146,1.955573
36543,-2.641828,1.320914
36544,-3.102206,1.246980
36545,-1.349189,0.603718
36546,-2.563163,1.030303
36547,-2.837543,1.579063
36548,-3.911146,1.955573
36549,-1.906779,-0.535628
36550,-1.180804,0.266948
36551,-3.692957,1.652478
36552,-2.872277,1.781812
36553,-2.235810,0.730682
36554,-3.281713,1.826239
36555,-3.268248,1.579063
36556,-1.637893,1.955573
36557,-3.911146,1.955573
36558,-2.706235,1.449729
36559,-2.051596,1.911146
36560,-2.964384,1.191580
36561,-3.650504,1.955573
36562,-3.326140,1.781812
36563,-3.779838,1.826239
36564,-3.326140,1.781812
36565,-3.102206,1.246980
36566,-3.232059,0.730682
36567,-3.434289,1.911146
36568,-1.601453,0.500000
36569,-2.461033,1.955573
36570,-3.779838,1.826239
36571,-2.899457,1.449729
36572,-3.650504,1.955573
36573,-3.623490,1.246980
36574,-1.244415,0.988831
36575,-2.235810,0.730682
36576,-1.462714,0.222521
36577,-0.867905,1.365341
36578,-3.911146,1.955573
36579,-1.072099,0.777479
36580,-2.109756,0.123490
36581,-3.528889,1.579063
36582,-2.526723,-0.425270
36583,-2.065597,-0.826239
36584,-0.728444,-1.634021
36585,-2.337712,0.326239
36586,-3.335148,1.191580
36587,-3.656250,1.579063
36588,-2.899457,1.449729
36589,-1.849772,0.733052
36590,-2.777479,-0.445042
36591,-1.978621,0.733052
36592,-1.607199,0.123490
36593,-1.413419,-0.914101
36594,-2.366718,-1.000000
36595,-1.731816,1.652478
36596,-3.326140,1.781812
36597,-2.711958,1.074730
36598,-3.652478,1.826239
36599,-2.168944,1.246980
36600,-3.656250,1.579063
36601,-2.349870,0.603718
36602,-3.563623,1.781812
36603,-2.541119,0.733052
36604,-3.365341,0.730682
36605,-3.333174,1.320914
36606,-3.153395,0.440071
36607,-1.474108,-1.400969
36608,-2.885719,0.900969
36609,-3.304955,1.652478
36610,-3.563623,1.781812
36611,-2.780575,0.603718
36612,-2.717704,0.698220
36613,-2.777479,-0.445042
36614,-3.335148,1.191580
36615,-3.088468,0.698220
36616,-0.123151,-0.033258
36617,-0.001595,-0.425270
36618,-2.641828,1.320914
36619,-1.413198,1.623490
36620,-3.397582,1.449729
36621,-3.694931,1.911146
36622,-3.650504,1.955573
36623,-2.706235,1.449729
36624,-2.336959,1.449729
36625,-1.593993,0.988831
36626,-2.493959,1.246980
36627,-2.060606,1.030303
36628,-2.711958,1.074730
36629,-3.065499,1.781812
36630,-3.123202,0.900969
36631,-2.730682,1.365341
36632,-3.065499,1.781812
36633,-3.563623,1.781812
36634,-3.158125,1.579063
36635,-2.730682,1.365341
36636,-1.132335,-0.826239
36637,-2.899457,1.449729
36638,-2.837543,1.579063
36639,-3.692957,1.652478
36640,-3.065499,1.781812
36641,-2.572099,-0.722521
36642,-2.272552,1.320914
36643,-3.528889,1.579063
36644,-2.711958,1.074730
36645,-2.136480,0.698220
36646,-3.866718,2.000000
36647,-1.261910,1.320914
36648,-0.654932,1.030303
36649,-1.233709,-0.623490
36650,-3.462508,1.191580
36651,-1.149815,1.320914
36652,-3.692957,1.652478
36653,-2.518736,1.074730
36654,-2.835050,1.320914
36655,-3.123202,0.900969
36656,-2.563163,1.030303
36657,-3.088468,0.698220
36658,-3.152379,1.955573
36659,-3.911146,1.955573
36660,-3.051264,1.365341
36661,-3.268248,1.579063
36662,-2.938128,0.142820
36663,-2.641828,1.320914
36664,-2.870469,2.000000
36665,-0.607038,-1.488831
36666,-2.873202,0.400969
36667,-0.985218,0.603718
36668,-2.005777,-1.721883
36669,-2.572099,-0.722521
36670,-3.158125,1.579063
36671,-3.335148,1.191580
36672,-1.858780,0.142820
36673,-2.873202,0.400969
36674,-3.065499,1.781812
36675,-1.314088,-0.074730
36676,-3.281713,1.826239
36677,-1.120429,-1.721883
36678,-0.983709,-1.123490
36679,-0.195042,-0.277479
36680,-3.822291,1.911146
36681,-2.700489,1.826239
36682,-2.872277,1.781812
36683,-3.095692,1.320914
36684,-3.427775,0.988831
36685,-2.098256,0.455573
36686,-3.397582,1.449729
36687,-3.397582,1.449729
36688,-3.490208,1.246980
36689,-3.824265,1.781812
36690,-2.885719,0.900969
36691,-3.824265,1.781812
36692,-3.158125,1.579063
36693,-3.158125,1.579063
36694,-1.349578,0.500000
36695,-3.826239,1.652478
36696,-3.563623,1.781812
36697,-3.563623,1.781812
36698,-3.246980,1.623490
36699,-1.005460,-0.955573
36700,-2.941449,0.149460
36701,-3.658223,1.449729
36702,-3.478716,2.000000
36703,-3.652478,1.826239
36704,-3.484462,1.623490
36705,-3.335148,1.191580
36706,-2.810768,0.142820
36707,-3.246980,1.623490
36708,-1.717979,0.733052
36709,-2.316833,-1.233052
36710,-1.200484,0.900969
36711,-0.368582,0.440071
36712,-3.484462,1.623490
36713,-3.232059,0.730682
36714,-3.955573,1.911146
36715,-3.650504,1.955573
36716,-2.343556,-0.658322
36717,-3.462508,1.191580
36718,-2.742943,1.911146
36719,-3.326140,1.781812
36720,-1.648630,-0.277479
36721,-1.551012,1.781812
36722,-3.065499,1.781812
36723,-3.694931,1.911146
36724,-2.711958,1.074730
36725,-2.644197,-0.445042
36726,-3.123202,0.900969
36727,-3.528889,1.579063
36728,-2.228125,1.365341
36729,-1.593993,0.988831
36730,-2.133667,-1.466104
36731,1.066833,0.733052
36732,-2.184738,-0.367711
36733,-3.528889,1.579063
36734,-2.872277,1.781812
36735,-1.050429,1.652478
36736,-3.246980,1.623490
36737,-3.088468,0.698220
36738,-3.658223,1.449729
36739,-3.528889,1.579063
36740,-2.563163,1.030303
36741,-1.643120,1.191580
36742,-2.526723,-0.425270
36743,-1.643120,1.191580
36744,-2.872277,1.781812
36745,-2.051596,1.911146
36746,-1.648630,-0.277479
36747,-2.100697,-0.147791
36748,-3.528889,1.579063
36749,-3.528889,1.579063
36750,-3.658223,1.449729
36751,-3.152379,1.955573
36752,-3.051264,1.365341
36753,-3.528889,1.579063
36754,-3.232059,0.730682
36755,-2.099031,-1.801938
36756,-1.873040,-1.211352
36757,-3.822291,1.911146
36758,-2.941449,0.149460
36759,-1.551938,0.400969
36760,-0.317668,1.911146
36761,-3.911146,1.955573
36762,-2.256195,-0.445042
36763,-2.700489,1.826239
36764,-3.563623,1.781812
36765,-3.065499,1.781812
36766,-3.563623,1.781812
36767,-3.822291,1.911146
36768,-3.324167,1.911146
36769,-2.874250,1.652478
36770,-1.594507,0.222521
36771,-2.349870,0.603718
36772,-3.397582,1.449729
36773,-3.095692,1.320914
36774,-3.656250,1.579063
36775,-0.057971,0.603718
36776,-1.262697,0.326239
36777,-3.779838,1.826239
36778,-2.837543,1.579063
36779,-3.326140,1.781812
36780,-3.153395,0.440071
36781,-1.051938,0.900969
36782,-2.272552,1.320914
36783,-3.866718,2.000000
36784,-3.528889,1.579063
36785,-2.670453,0.603718
36786,-1.906779,-0.535628
36787,-1.154522,0.988831
36788,-3.268248,1.579063
36789,-3.563623,1.781812
36790,-3.484462,1.623490
36791,-3.911146,1.955573
36792,-3.326140,1.781812
36793,-3.326140,1.781812
36794,-2.742943,1.911146
36795,-1.733246,0.500000
36796,-3.088468,0.698220
36797,-1.890808,-0.955573
36798,-3.167133,0.988831
36799,-3.427775,0.988831
36800,-1.934194,0.777479
36801,-1.003761,1.579063
36802,-1.849772,0.733052
36803,-3.246980,1.623490
36804,-2.015156,0.455573
36805,-1.413419,-0.914101
36806,-1.361599,-0.367711
36807,-3.911146,1.955573
36808,-2.669008,0.988831
36809,-3.074730,0.149460
36810,-3.563623,1.781812
36811,-3.694931,1.911146
36812,-1.593993,0.988831
36813,-3.779838,1.826239
36814,-3.911146,1.955573
36815,-3.623490,1.246980
36816,-1.168783,-0.365341
36817,-1.000000,0.500000
36818,-0.735570,1.191580
36819,-1.121986,-0.722521
36820,-3.658223,1.449729
36821,-3.088468,0.698220
36822,-2.431855,0.900969
36823,-3.779838,1.826239
36824,-2.181855,0.400969
36825,-3.563623,1.781812
36826,-3.123202,0.900969
36827,-2.793116,1.623490
36828,-1.977662,0.988831
36829,-2.141244,1.191580
36830,-0.828197,0.988831
36831,-3.123202,0.900969
36832,-3.824265,1.781812
36833,-3.692957,1.652478
36834,-3.434289,1.911146
36835,-3.563623,1.781812
36836,-3.911146,1.955573
36837,-2.885719,0.900969
36838,-2.870469,2.000000
36839,-1.652210,-0.658322
36840,-2.388932,-0.955573
36841,-3.123202,0.900969
36842,-3.065499,1.781812
36843,-3.484462,1.623490
36844,-3.462508,1.191580
36845,-3.484462,1.623490
36846,-1.349578,0.500000
36847,0.066516,-0.033258
36848,-3.478716,2.000000
36849,-2.334986,1.579063
36850,-3.324167,1.911146
36851,-3.095692,1.320914
36852,-1.977662,0.988831
36853,-3.822291,1.911146
36854,-2.641828,1.320914
36855,-0.071261,-0.658322
36856,-3.153395,0.440071
36857,-3.153395,0.440071
36858,-2.136480,0.698220
36859,-2.576901,1.579063
36860,-3.824265,1.781812
36861,-1.917063,0.093187
36862,-0.367567,0.455573
36863,-1.551012,1.781812
36864,-2.336959,1.449729
36865,-1.214222,1.449729
36866,-1.492359,1.781812
36867,-3.650504,1.955573
36868,-3.462508,1.191580
36869,-2.993868,1.030303
36870,-1.813332,-0.722521
36871,-2.870469,2.000000
36872,-2.518736,1.074730
36873,-3.434289,1.911146
36874,-2.051596,1.911146
36875,-3.955573,1.911146
36876,-3.484462,1.623490
36877,-2.371693,1.652478
36878,-2.466259,1.191580
36879,-1.643120,1.191580
36880,-3.051264,1.365341
36881,-2.388932,-0.955573
36882,-1.474108,-1.400969
36883,-2.526723,-0.425270
36884,-2.015156,0.455573
36885,-3.650504,1.955573
36886,-3.051264,1.365341
36887,-3.074730,0.149460
36888,-3.955573,1.911146
36889,-2.051596,1.911146
36890,-1.845869,0.988831
36891,-3.397582,1.449729
36892,-1.262697,0.326239
36893,-2.870469,2.000000
36894,-1.123325,0.054604
36895,-1.284124,-0.134659
36896,-2.883745,1.030303
36897,-3.490208,1.246980
36898,-3.822291,1.911146
36899,-3.652478,1.826239
36900,-3.326140,1.781812
36901,-1.588247,1.365341
36902,-2.892753,0.440071
36903,-0.700307,0.733052
36904,-0.521367,-0.277479
36905,-2.641828,1.320914
36906,-3.326140,1.781812
36907,-2.272552,1.320914
36908,-3.779838,1.826239
36909,-3.911146,1.955573
36910,-1.914041,-0.134659
36911,-3.462508,1.191580
36912,-3.152379,1.955573
36913,-3.153395,0.440071
36914,-1.233709,-0.623490
36915,-1.813332,-0.722521
36916,-1.762918,-1.211352
36917,-0.217752,-0.365341
36918,-2.793116,1.623490
36919,-2.873202,0.400969
36920,-3.563623,1.781812
36921,-3.095692,1.320914
36922,-2.835050,1.320914
36923,-0.417598,-0.367711
36924,-3.088468,0.698220
36925,-3.528889,1.579063
36926,-3.650504,1.955573
36927,-2.742943,1.911146
36928,0.238239,-0.147791
36929,-2.394628,0.440071
36930,-3.623490,1.246980
36931,-2.184738,-0.367711
36932,-3.824265,1.781812
36933,-3.095692,1.320914
36934,-2.526723,-0.425270
36935,-3.955573,1.911146
36936,-3.824265,1.781812
36937,-3.623490,1.246980
36938,-3.692957,1.652478
36939,-2.670453,0.603718
36940,-1.168783,-0.365341
36941,-3.167133,0.988831
36942,-3.153395,0.440071
36943,-3.161387,1.365341
36944,-2.706235,1.449729
36945,-3.158125,1.579063
36946,-2.711958,1.074730
36947,-2.635719,0.400969
36948,-0.170149,0.440071
36949,-3.824265,1.781812
36950,-2.383160,1.191580
36951,-4.000000,2.000000
36952,-3.658223,1.449729
36953,-3.826239,1.652478
36954,-1.027479,-0.277479
36955,-1.847313,0.603718
36956,-2.696708,1.652478
36957,-2.136480,0.698220
36958,-0.583781,0.500000
36959,-3.152379,1.955573
36960,-1.703282,0.440071
36961,-1.330319,-0.914101
36962,-1.648630,-0.277479
36963,-3.153395,0.440071
36964,-2.870469,2.000000
36965,-1.977662,0.988831
36966,-3.623490,1.246980
36967,-2.670453,0.603718
36968,-2.899457,1.449729
36969,-1.558067,-1.233052
36970,-2.598822,-0.147791
36971,-1.022292,-0.658322
36972,-1.170844,-1.233052
36973,-1.858780,0.142820
36974,-1.926590,-0.109562
36975,-1.309583,-0.955573
36976,-1.088404,-0.914101
36977,-1.244415,0.988831
36978,-2.461033,1.955573
36979,-3.158125,1.579063
36980,-2.431855,0.900969
36981,-3.824265,1.781812
36982,-3.065499,1.781812
36983,-1.275116,0.455573
36984,-3.246980,1.623490
36985,-3.658223,1.449729
36986,-2.700489,1.826239
36987,-3.490208,1.246980
36988,-2.730682,1.365341
36989,-2.060606,1.030303
36990,-1.762008,1.191580
36991,-2.119812,-0.109562
36992,-3.215828,0.698220
36993,-3.824265,1.781812
36994,-3.304955,1.652478
36995,-3.650504,1.955573
36996,-2.311457,-0.722521
36997,-0.186388,-1.721883
36998,-0.779516,-0.535628
36999,-3.268248,1.579063
37000,-1.944528,-1.977662
37001,-3.161387,1.365341
37002,-1.475625,-0.623490
37003,-3.397582,1.449729
37004,-3.158125,1.579063
37005,-3.123202,0.900969
37006,-3.822291,1.911146
37007,-3.652478,1.826239
37008,-2.883745,1.030303
37009,-1.849772,0.733052
37010,-3.167133,0.988831
37011,-3.326140,1.781812
37012,-2.899457,1.449729
37013,-1.207436,0.603718
37014,-3.246980,1.623490
37015,-3.652478,1.826239
37016,-2.394628,0.440071
37017,-3.484462,1.623490
37018,-2.541119,0.733052
37019,-1.309583,-0.955573
37020,-0.146901,-0.134659
37021,-1.406715,-0.277479
37022,-1.000000,0.500000
37023,-0.493902,-1.211352
37024,-3.246980,1.623490
37025,-2.872277,1.781812
37026,-0.503178,1.449729
37027,-3.462508,1.191580
37028,-1.048700,0.730682
37029,-2.641828,1.320914
37030,-3.051264,1.365341
37031,-3.088468,0.698220
37032,-2.367905,-0.134659
37033,-2.706235,1.449729
37034,-3.528889,1.579063
37035,-2.873202,0.400969
37036,-2.065597,-0.826239
37037,-1.409351,-0.147791
37038,-1.624178,-1.488831
37039,-2.256195,-0.445042
37040,-3.427775,0.988831
37041,-2.892753,0.440071
37042,-1.801938,0.900969
37043,-3.826239,1.652478
37044,-2.176109,0.777479
37045,-2.144490,0.326239
37046,-0.700386,1.030303
37047,-2.394628,0.440071
37048,-1.214222,1.449729
37049,-3.484462,1.623490
37050,-2.874250,1.652478
37051,-3.427775,0.988831
37052,-3.656250,1.579063
37053,0.427744,-0.367711
37054,-1.207436,0.603718
37055,0.128724,-0.033258
37056,-0.427724,0.054604
37057,-2.892753,0.440071
37058,-2.669008,0.988831
37059,-3.911146,1.955573
37060,-3.692957,1.652478
37061,-3.484462,1.623490
37062,-3.623490,1.246980
37063,-1.681370,1.030303
37064,-0.371614,-0.623490
37065,-1.554958,0.777479
37066,-2.343556,-0.658322
37067,-2.060606,1.030303
37068,-2.256195,-0.445042
37069,-2.669008,0.988831
37070,-2.899457,1.449729
37071,-2.002903,1.911146
37072,0.238239,-0.147791
37073,-1.557314,-0.109562
37074,-3.656250,1.579063
37075,-2.493959,1.246980
37076,-1.836861,1.579063
37077,-2.700489,1.826239
37078,0.327026,1.320914
37079,-3.167133,0.988831
37080,0.181486,0.733052
37081,-0.111260,-0.445042
37082,-3.065499,1.781812
37083,-2.181855,0.400969
37084,-2.837543,1.579063
37085,-3.658223,1.449729
37086,-3.434289,1.911146
37087,-2.163198,1.623490
37088,-2.466259,1.191580
37089,-3.326140,1.781812
37090,-3.152379,1.955573
37091,-3.434289,1.911146
37092,-2.100697,-0.147791
37093,-2.964384,1.191580
37094,-3.650504,1.955573
37095,-3.658223,1.449729
37096,-1.906779,-0.535628
37097,-2.119812,-0.109562
37098,-3.232059,0.730682
37099,-3.152379,1.955573
37100,-1.847313,0.603718
37101,-3.694931,1.911146
37102,-2.892753,0.440071
37103,-1.406715,-0.277479
37104,-3.326140,1.781812
37105,-1.406715,-0.277479
37106,-2.374152,1.781812
37107,-3.822291,1.911146
37108,-1.551938,0.400969
37109,-2.366718,-1.000000
37110,-2.294861,-0.367711
37111,-2.060606,1.030303
37112,-3.304955,1.652478
37113,-3.158125,1.579063
37114,-3.304955,1.652478
37115,-0.801039,-1.488831
37116,-3.656250,1.579063
37117,-3.822291,1.911146
37118,-2.826042,1.911146
37119,-0.285640,0.142820
37120,-1.185762,-1.977662
37121,-2.266948,-1.466104
37122,-1.207436,0.603718
37123,-3.490208,1.246980
37124,-3.824265,1.781812
37125,-3.911146,1.955573
37126,-2.941449,0.149460
37127,-2.885719,0.900969
37128,-1.873490,-1.123490
37129,-1.507653,-1.721883
37130,-0.534266,0.400969
37131,-2.343556,-0.658322
37132,-2.316833,-1.233052
37133,-3.167133,0.988831
37134,-1.926590,-0.109562
37135,-2.598822,-0.147791
37136,-0.146901,-0.134659
37137,-1.926590,-0.109562
37138,-2.899457,1.449729
37139,-1.977662,0.988831
37140,-1.624178,-1.488831
37141,-3.123202,0.900969
37142,1.652478,-0.826239
37143,-1.308725,-1.123490
37144,-3.397582,1.449729
37145,-3.563623,1.781812
37146,-1.681370,1.030303
37147,-3.658223,1.449729
37148,0.600074,-0.367711
37149,-1.280886,-1.400969
37150,-2.873202,0.400969
37151,-2.872277,1.781812
37152,-1.955475,-0.826239
37153,-1.933731,0.900969
37154,-3.167133,0.988831
37155,-2.598822,-0.147791
37156,-2.163198,1.623490
37157,-2.810768,0.142820
37158,-2.311457,-0.722521
37159,-2.518736,1.074730
37160,-3.246980,1.623490
37161,-3.158125,1.579063
37162,-2.700489,1.826239
37163,-3.158125,1.579063
37164,-1.836861,1.579063
37165,-1.813332,-0.722521
37166,-2.654083,-0.425270
37167,-1.275116,0.455573
37168,-3.324167,1.911146
37169,-3.324167,1.911146
37170,-2.155959,-0.425270
37171,-2.700489,1.826239
37172,-2.056191,-1.233052
37173,-1.873040,-1.211352
37174,-1.775215,0.326239
37175,-1.624178,-1.488831
37176,-1.419626,-1.123490
37177,-2.572099,-0.722521
37178,-2.873202,0.400969
37179,-3.563623,1.781812
37180,-3.563623,1.781812
37181,-2.883745,1.030303
37182,-3.158125,1.579063
37183,-2.810768,0.142820
37184,-2.383160,1.191580
37185,-3.152379,1.955573
37186,-2.669008,0.988831
37187,-3.822291,1.911146
37188,-2.349870,0.603718
37189,-1.813332,-0.722521
37190,-1.022292,-0.658322
37191,0.064088,-0.425270
37192,-2.711958,1.074730
37193,-3.246980,1.623490
37194,-3.694931,1.911146
37195,-3.281713,1.826239
37196,-3.152379,1.955573
37197,-1.847313,0.603718
37198,-3.434289,1.911146
37199,-1.507653,-1.721883
37200,-1.000000,0.500000
37201,-2.938128,0.142820
37202,-2.964384,1.191580
37203,-2.742943,1.911146
37204,-3.462508,1.191580
37205,-3.095692,1.320914
37206,-3.563623,1.781812
37207,-3.955573,1.911146
37208,-2.136480,0.698220
37209,-3.397582,1.449729
37210,-2.696708,1.652478
37211,-1.703282,0.440071
37212,-3.152379,1.955573
37213,-3.095692,1.320914
37214,-3.692957,1.652478
37215,-3.088468,0.698220
37216,-3.692957,1.652478
37217,-2.670453,0.603718
37218,-2.038874,-1.400969
37219,-3.246980,1.623490
37220,-2.100697,-0.147791
37221,-3.563623,1.781812
37222,-3.911146,1.955573
37223,-2.065597,-0.826239
37224,-0.462714,-0.277479
37225,-1.005460,-0.955573
37226,-1.270918,0.730682
37227,-2.641828,1.320914
37228,-2.777479,-0.445042
37229,-3.152379,1.955573
37230,-3.911146,1.955573
37231,-1.170753,0.149460
37232,-3.326140,1.781812
37233,-1.349189,0.603718
37234,-2.711958,1.074730
37235,-3.102206,1.246980
37236,-2.388932,-0.955573
37237,-3.462508,1.191580
37238,-3.650504,1.955573
37239,-2.466259,1.191580
37240,0.536998,0.900969
37241,-1.733246,0.500000
37242,-1.801938,0.900969
37243,-1.550062,0.900969
37244,-2.563163,1.030303
37245,-3.824265,1.781812
37246,-3.152379,1.955573
37247,-3.484462,1.623490
37248,-2.109756,0.123490
37249,-3.824265,1.781812
37250,-3.866718,2.000000
37251,-3.563623,1.781812
37252,-3.563623,1.781812
37253,-1.593993,0.988831
37254,-2.316833,-1.233052
37255,-1.507653,-1.721883
37256,-1.733246,0.500000
37257,-3.051264,1.365341
37258,-2.644197,-0.445042
37259,-2.311457,-0.722521
37260,-2.964384,1.191580
37261,-3.158125,1.579063
37262,-1.833963,0.093187
37263,-2.572099,-0.722521
37264,-1.713557,-0.535628
37265,-1.733246,0.500000
37266,-3.153395,0.440071
37267,-3.652478,1.826239
37268,-2.810768,0.142820
37269,-1.717542,-0.914101
37270,-2.261572,-0.955573
37271,-2.669008,0.988831
37272,-1.198511,1.030303
37273,0.972600,-0.074730
37274,-3.658223,1.449729
37275,-2.518736,1.074730
37276,-1.413419,-0.914101
37277,-1.955475,-0.826239
37278,-1.727818,-1.889800
37279,-0.823226,0.326239
37280,-2.605388,-0.134659
37281,-3.397582,1.449729
37282,-3.911146,1.955573
37283,-2.641828,1.320914
37284,-3.484462,1.623490
37285,-0.219815,0.011169
37286,-2.011910,1.320914
37287,-3.335148,1.191580
37288,-2.181855,0.400969
37289,-3.824265,1.781812
37290,-2.635719,0.400969
37291,-3.324167,1.911146
37292,-2.669008,0.988831
37293,-0.117905,-0.134659
37294,-1.118740,0.142820
37295,-3.167133,0.988831
37296,-3.824265,1.781812
37297,-3.563623,1.781812
37298,0.289016,-0.134659
37299,-1.855707,-1.634021
37300,-2.337712,0.326239
37301,-1.594507,0.222521
37302,-3.779838,1.826239
37303,-2.576901,1.579063
37304,-3.232059,0.730682
37305,-2.670453,0.603718
37306,-3.167133,0.988831
37307,-1.988459,-1.889800
37308,-3.563623,1.781812
37309,-2.670453,0.603718
37310,-3.694931,1.911146
37311,-3.281713,1.826239
37312,-3.694931,1.911146
37313,-3.246980,1.623490
37314,-3.051264,1.365341
37315,-2.272552,1.320914
37316,-2.892753,0.440071
37317,-2.518736,1.074730
37318,-0.338389,0.900969
37319,-3.153395,0.440071
37320,-3.779838,1.826239
37321,-3.123202,0.900969
37322,-2.563163,1.030303
37323,-2.367905,-0.134659
37324,-3.650504,1.955573
37325,-2.500000,-1.000000
37326,-3.650504,1.955573
37327,0.180972,-0.033258
37328,-1.558725,-0.623490
37329,-2.706235,1.449729
37330,-1.574735,-0.425270
37331,-1.637893,1.955573
37332,-3.528889,1.579063
37333,-1.244415,0.988831
37334,-3.911146,1.955573
37335,-3.955573,1.911146
37336,-3.779838,1.826239
37337,-3.779838,1.826239
37338,-3.123202,0.900969
37339,-2.144490,0.326239
37340,-3.694931,1.911146
37341,-2.641828,1.320914
37342,-2.641828,1.320914
37343,-2.563163,1.030303
37344,-2.466259,1.191580
37345,-3.911146,1.955573
37346,-2.711958,1.074730
37347,-1.849772,0.733052
37348,-3.102206,1.246980
37349,-3.102206,1.246980
37350,-3.650504,1.955573
37351,-3.528889,1.579063
37352,-3.563623,1.781812
37353,-2.540461,0.123490
37354,-3.427775,0.988831
37355,-3.528889,1.579063
37356,-3.232059,0.730682
37357,-3.692957,1.652478
37358,-3.911146,1.955573
37359,-3.397582,1.449729
37360,-2.899457,1.449729
37361,-3.911146,1.955573
37362,-0.159449,-0.109562
37363,-1.624178,-1.488831
37364,-2.316833,-1.233052
37365,-1.873040,-1.211352
37366,-0.926428,-1.721883
37367,-1.906779,-0.535628
37368,-3.333174,1.320914
37369,-3.088468,0.698220
37370,-1.118740,0.142820
37371,-1.279149,1.191580
37372,-3.462508,1.191580
37373,-3.281713,1.826239
37374,-2.149460,1.074730
37375,-2.302521,1.030303
37376,-3.427775,0.988831
37377,-3.694931,1.911146
37378,-1.070127,-0.826239
37379,-0.563340,0.698220
37380,-1.558067,-1.233052
37381,-3.822291,1.911146
37382,-2.598822,-0.147791
37383,-1.858780,0.142820
37384,-3.484462,1.623490
37385,-2.641828,1.320914
37386,-3.335148,1.191580
37387,-2.835050,1.320914
37388,-1.198511,1.030303
37389,-1.717542,-0.914101
37390,-2.184738,-0.367711
37391,-1.558725,-0.623490
37392,-1.551584,-1.634021
37393,-1.558725,-0.623490
37394,-2.553446,0.149460
37395,-3.095692,1.320914
37396,-2.526723,-0.425270
37397,-3.563623,1.781812
37398,-3.158125,1.579063
37399,-1.922262,1.652478
37400,0.050576,-0.134659
37401,-1.051938,0.900969
37402,-2.440004,0.142820
37403,-3.528889,1.579063
37404,-1.200484,0.900969
37405,-2.184738,-0.367711
37406,-1.624178,-1.488831
37407,1.177613,0.123490
37408,-2.883745,1.030303
37409,-3.826239,1.652478
37410,-2.431855,0.900969
37411,-2.730682,1.365341
37412,-3.335148,1.191580
37413,-3.478716,2.000000
37414,-3.335148,1.191580
37415,-2.096023,2.000000
37416,-3.335148,1.191580
37417,-1.409351,-0.147791
37418,-0.834695,-0.425270
37419,0.476746,-1.233052
37420,-3.822291,1.911146
37421,-3.822291,1.911146
37422,-3.158125,1.579063
37423,-2.810768,0.142820
37424,-2.859464,-0.147791
37425,-3.246980,1.623490
37426,-3.095692,1.320914
37427,-3.694931,1.911146
37428,-3.123202,0.900969
37429,-3.563623,1.781812
37430,-3.563623,1.781812
37431,-2.272552,1.320914
37432,-1.719513,1.246980
37433,-2.711958,1.074730
37434,-3.268248,1.579063
37435,-0.604474,-1.123490
37436,-3.658223,1.449729
37437,-2.793116,1.623490
37438,-2.883745,1.030303
37439,-1.212812,0.093187
37440,-3.563623,1.781812
37441,-3.652478,1.826239
37442,-2.730682,1.365341
37443,-2.431855,0.900969
37444,-1.703282,0.440071
37445,-1.357582,-1.634021
37446,-3.490208,1.246980
37447,-3.490208,1.246980
37448,-3.911146,1.955573
37449,-3.158125,1.579063
37450,-2.883745,1.030303
37451,-3.563623,1.781812
37452,-1.824442,1.449729
37453,-3.427775,0.988831
37454,-3.161387,1.365341
37455,-0.434577,-0.109562
37456,-1.466104,0.733052
37457,-2.883745,1.030303
37458,0.958672,1.781812
37459,-3.911146,1.955573
37460,-1.179763,1.911146
37461,-3.658223,1.449729
37462,-2.176109,0.777479
37463,-3.158125,1.579063
37464,-1.801938,0.900969
37465,-1.384971,1.449729
37466,-1.824442,1.449729
37467,-3.304955,1.652478
37468,-2.294861,-0.367711
37469,-3.095692,1.320914
37470,-3.484462,1.623490
37471,-3.088468,0.698220
37472,-3.528889,1.579063
37473,-3.911146,1.955573
37474,-1.224190,2.000000
37475,-2.371693,1.652478
37476,-3.281713,1.826239
37477,-2.461033,1.955573
37478,-2.184738,-0.367711
37479,-3.268248,1.579063
37480,-3.167133,0.988831
37481,-2.644197,-0.445042
37482,-3.911146,1.955573
37483,-3.658223,1.449729
37484,-3.268248,1.579063
37485,-3.484462,1.623490
37486,-3.866718,2.000000
37487,-3.955573,1.911146
37488,-3.528889,1.579063
37489,-2.228125,1.365341
37490,-2.873202,0.400969
37491,-1.934194,0.777479
37492,-2.461033,1.955573
37493,-2.347897,0.733052
37494,-1.394005,0.455573
37495,-1.349189,0.603718
37496,-1.574293,-1.721883
37497,-1.934194,0.777479
37498,-3.779838,1.826239
37499,-2.015156,0.455573
37500,-3.051264,1.365341
37501,-1.789708,1.246980
37502,-2.872277,1.781812
37503,-3.167133,0.988831
37504,-3.955573,1.911146
37505,-3.658223,1.449729
37506,-3.326140,1.781812
37507,-2.899457,1.449729
37508,-1.833963,0.093187
37509,-1.275116,0.455573
37510,-2.261572,-0.955573
37511,-1.413419,-0.914101
37512,-3.365341,0.730682
37513,-2.700489,1.826239
37514,-2.883745,1.030303
37515,-3.158125,1.579063
37516,-1.637893,1.955573
37517,-3.158125,1.579063
37518,-1.801938,0.900969
37519,-1.303596,-1.488831
37520,-2.431855,0.900969
37521,-3.911146,1.955573
37522,-1.593993,0.988831
37523,-3.779838,1.826239
37524,-3.528889,1.579063
37525,-3.427775,0.988831
37526,-1.934194,0.777479
37527,-3.650504,1.955573
37528,-3.194833,1.652478
37529,-2.136480,0.698220
37530,-0.275215,1.826239
37531,-1.978621,0.733052
37532,-2.873202,0.400969
37533,-2.938128,0.142820
37534,-2.835050,1.320914
37535,-2.149460,1.074730
37536,-1.420728,1.030303
37537,-3.153395,0.440071
37538,-2.837543,1.579063
37539,-3.824265,1.781812
37540,-2.038874,-1.400969
37541,-3.623490,1.246980
37542,-1.934194,0.777479
37543,-2.051596,1.911146
37544,-3.326140,1.781812
37545,-3.333174,1.320914
37546,-3.824265,1.781812
37547,-3.427775,0.988831
37548,-3.779838,1.826239
37549,-3.528889,1.579063
37550,-3.167133,0.988831
37551,-3.563623,1.781812
37552,-1.027479,-0.277479
37553,-3.955573,1.911146
37554,-3.427775,0.988831
37555,-2.526723,-0.425270
37556,-3.194833,1.652478
37557,-3.955573,1.911146
37558,-2.641828,1.320914
37559,-3.333174,1.320914
37560,-2.641828,1.320914
37561,-3.268248,1.579063
37562,-2.388932,-0.955573
37563,-3.333174,1.320914
37564,-3.088468,0.698220
37565,-2.670453,0.603718
37566,-2.793116,1.623490
37567,-2.374152,1.781812
37568,-1.824442,1.449729
37569,-3.563623,1.781812
37570,-3.694931,1.911146
37571,-3.051264,1.365341
37572,-2.141244,1.191580
37573,-1.214222,1.449729
37574,-2.669008,0.988831
37575,-3.563623,1.781812
37576,-3.427775,0.988831
37577,-3.065499,1.781812
37578,-3.462508,1.191580
37579,-3.123202,0.900969
37580,-3.326140,1.781812
37581,-2.964384,1.191580
37582,-2.576901,1.579063
37583,-1.594507,0.222521
37584,-3.692957,1.652478
37585,-3.326140,1.781812
37586,-3.658223,1.449729
37587,-2.598822,-0.147791
37588,-2.837543,1.579063
37589,-2.144490,0.326239
37590,-1.873490,-1.123490
37591,-1.727818,-1.889800
37592,-1.280886,-1.400969
37593,-1.244415,0.988831
37594,-3.095692,1.320914
37595,-3.694931,1.911146
37596,-2.669008,0.988831
37597,-2.837543,1.579063
37598,-1.284124,-0.134659
37599,-2.184738,-0.367711
37600,-3.333174,1.320914
37601,-3.779838,1.826239
37602,-3.281713,1.826239
37603,-1.960449,1.826239
37604,-2.576901,1.579063
37605,-3.152379,1.955573
37606,-3.102206,1.246980
37607,-0.652478,0.326239
37608,-1.717542,-0.914101
37609,-1.409351,-0.147791
37610,-0.700307,0.733052
37611,-1.594507,0.222521
37612,-3.563623,1.781812
37613,-3.333174,1.320914
37614,-2.228125,1.365341
37615,-1.051938,0.900969
37616,-3.824265,1.781812
37617,-3.051264,1.365341
37618,-3.866718,2.000000
37619,-2.440004,0.142820
37620,-2.367905,-0.134659
37621,-2.302521,1.030303
37622,-2.576901,1.579063
37623,-3.824265,1.781812
37624,-1.636943,1.074730
37625,-2.051596,1.911146
37626,-0.186825,-0.074730
37627,-1.406715,-0.277479
37628,-3.335148,1.191580
37629,-0.130454,-0.109562
37630,0.946404,-1.488831
37631,-2.181855,0.400969
37632,-2.780575,0.603718
37633,-2.119812,-0.109562
37634,1.582805,-1.889800
37635,0.131183,-0.162592
37636,-3.650504,1.955573
37637,-3.462508,1.191580
37638,-3.333174,1.320914
37639,-3.333174,1.320914
37640,-3.281713,1.826239
37641,-3.074730,0.149460
37642,-1.420728,1.030303
37643,-1.361599,-0.367711
37644,-3.650504,1.955573
37645,-3.779838,1.826239
37646,-2.228125,1.365341
37647,-3.167133,0.988831
37648,-2.837543,1.579063
37649,-2.572099,-0.722521
37650,-2.605388,-0.134659
37651,-2.493959,1.246980
37652,-2.700489,1.826239
37653,-2.892753,0.440071
37654,-3.397582,1.449729
37655,-3.652478,1.826239
37656,-3.326140,1.781812
37657,-3.563623,1.781812
37658,-1.349578,0.500000
37659,-3.215828,0.698220
37660,-3.335148,1.191580
37661,-1.231001,-1.634021
37662,-2.015156,0.455573
37663,-0.288960,0.149460
37664,-0.938334,-0.826239
37665,-0.700386,1.030303
37666,1.334426,1.030303
37667,-0.131918,-0.033258
37668,-3.955573,1.911146
37669,-3.194833,1.652478
37670,-1.466104,0.733052
37671,-2.005777,-1.721883
37672,-2.294861,-0.367711
37673,-2.385621,1.030303
37674,-2.394628,0.440071
37675,-2.730682,1.365341
37676,-3.822291,1.911146
37677,-1.849772,0.733052
37678,-1.557314,-0.109562
37679,-3.065499,1.781812
37680,-2.730682,1.365341
37681,-1.229497,0.266948
37682,-3.304955,1.652478
37683,0.497515,-0.162592
37684,-3.824265,1.781812
37685,-2.938128,0.142820
37686,-2.184738,-0.367711
37687,-3.088468,0.698220
37688,-1.634892,-0.826239
37689,-3.152379,1.955573
37690,-3.051264,1.365341
37691,0.327026,1.320914
37692,1.342340,1.781812
37693,-1.492359,1.781812
37694,-3.158125,1.579063
37695,-3.123202,0.900969
37696,-2.892753,0.440071
37697,-3.911146,1.955573
37698,-3.158125,1.579063
37699,-3.484462,1.623490
37700,-3.911146,1.955573
37701,-3.490208,1.246980
37702,-3.658223,1.449729
37703,-1.652210,-0.658322
37704,-0.689843,0.400969
37705,-3.658223,1.449729
37706,-1.928302,-1.488831
37707,-1.233709,-0.623490
37708,-3.152379,1.955573
37709,-3.650504,1.955573
37710,-2.051596,1.911146
37711,-2.163198,1.623490
37712,-1.116526,0.733052
37713,-1.960449,1.826239
37714,-3.333174,1.320914
37715,-2.099031,-1.801938
37716,-1.231001,-1.634021
37717,0.180972,-0.033258
37718,-3.333174,1.320914
37719,-1.121986,-0.722521
37720,-2.176109,0.777479
37721,-3.658223,1.449729
37722,-0.801938,0.400969
37723,-3.095692,1.320914
37724,-2.810768,0.142820
37725,-3.822291,1.911146
37726,-3.153395,0.440071
37727,-2.793116,1.623490
37728,-3.324167,1.911146
37729,-3.158125,1.579063
37730,-3.326140,1.781812
37731,-2.844057,0.730682
37732,-1.801938,0.900969
37733,-3.826239,1.652478
37734,-3.158125,1.579063
37735,-3.563623,1.781812
37736,-2.810768,0.142820
37737,-1.864156,-0.367711
37738,-2.176109,0.777479
37739,-0.828209,-0.535628
37740,-1.551584,-1.634021
37741,-1.088404,-0.914101
37742,-3.232059,0.730682
37743,-3.658223,1.449729
37744,-2.371693,1.652478
37745,-2.873202,0.400969
37746,-3.326140,1.781812
37747,-3.694931,1.911146
37748,-3.427775,0.988831
37749,-2.431855,0.900969
37750,-3.088468,0.698220
37751,-3.281713,1.826239
37752,-3.051264,1.365341
37753,-2.964384,1.191580
37754,-2.899457,1.449729
37755,-1.890808,-0.955573
37756,-3.232059,0.730682
37757,-2.872277,1.781812
37758,-2.526723,-0.425270
37759,-3.088468,0.698220
37760,-1.681370,1.030303
37761,-3.281713,1.826239
37762,-3.051264,1.365341
37763,-3.563623,1.781812
37764,-2.964384,1.191580
37765,-2.670453,0.603718
37766,-2.872277,1.781812
37767,-2.669008,0.988831
37768,-3.563623,1.781812
37769,-3.051264,1.365341
37770,-2.870469,2.000000
37771,-1.474108,-1.400969
37772,-1.420728,1.030303
37773,-3.779838,1.826239
37774,-2.119812,-0.109562
37775,-1.921819,-1.889800
37776,-1.801938,0.900969
37777,-3.397582,1.449729
37778,-3.324167,1.911146
37779,-2.430339,0.123490
37780,-3.563623,1.781812
37781,-3.822291,1.911146
37782,-3.335148,1.191580
37783,-1.762008,1.191580
37784,-3.158125,1.579063
37785,-3.152379,1.955573
37786,-2.941449,0.149460
37787,-0.431016,0.698220
37788,-2.885719,0.900969
37789,-3.911146,1.955573
37790,-3.304955,1.652478
37791,-3.652478,1.826239
37792,-3.335148,1.191580
37793,-3.822291,1.911146
37794,-3.246980,1.623490
37795,-2.835050,1.320914
37796,-3.335148,1.191580
37797,-3.656250,1.579063
37798,-3.650504,1.955573
37799,-2.242359,1.781812
37800,-3.152379,1.955573
37801,-2.899457,1.449729
37802,-3.324167,1.911146
37803,-3.490208,1.246980
37804,-2.669008,0.988831
37805,-3.822291,1.911146
37806,-2.383160,1.191580
37807,-2.899457,1.449729
37808,-2.383160,1.191580
37809,-1.594507,0.222521
37810,-2.100697,-0.147791
37811,-3.824265,1.781812
37812,-3.333174,1.320914
37813,-3.333174,1.320914
37814,-3.656250,1.579063
37815,-3.246980,1.623490
37816,-3.161387,1.365341
37817,-1.977662,0.988831
37818,-2.777479,-0.445042
37819,-1.836861,1.579063
37820,-1.593993,0.988831
37821,-3.652478,1.826239
37822,-2.711958,1.074730
37823,-2.874250,1.652478
37824,-3.911146,1.955573
37825,-3.658223,1.449729
37826,-3.658223,1.449729
37827,-3.652478,1.826239
37828,-3.656250,1.579063
37829,-3.563623,1.781812
37830,-3.563623,1.781812
37831,-3.478716,2.000000
37832,-3.911146,1.955573
37833,-3.326140,1.781812
37834,-2.635719,0.400969
37835,-3.822291,1.911146
37836,-3.563623,1.781812
37837,-3.490208,1.246980
37838,-3.658223,1.449729
37839,-2.336959,1.449729
37840,-3.650504,1.955573
37841,-1.926590,-0.109562
37842,-3.911146,1.955573
37843,-2.641828,1.320914
37844,-3.304955,1.652478
37845,-1.557314,-0.109562
37846,-2.635719,0.400969
37847,-3.161387,1.365341
37848,-3.326140,1.781812
37849,-1.551012,1.781812
37850,-1.845869,0.988831
37851,-3.397582,1.449729
37852,-3.304955,1.652478
37853,-3.326140,1.781812
37854,-3.822291,1.911146
37855,-3.563623,1.781812
37856,-3.397582,1.449729
37857,-3.656250,1.579063
37858,-2.859464,-0.147791
37859,-3.658223,1.449729
37860,-1.557314,-0.109562
37861,-1.734301,-1.488831
37862,-1.558725,-0.623490
37863,-0.071261,-0.658322
37864,-1.442336,-1.211352
37865,-3.911146,1.955573
37866,-3.333174,1.320914
37867,-1.524320,-0.914101
37868,0.420083,1.030303
37869,-2.670453,0.603718
37870,-3.074730,0.149460
37871,-2.109756,0.123490
37872,-3.824265,1.781812
37873,-2.993868,1.030303
37874,-3.694931,1.911146
37875,-3.153395,0.440071
37876,-2.964384,1.191580
37877,-3.051264,1.365341
37878,-2.302521,1.030303
37879,-3.779838,1.826239
37880,-3.866718,2.000000
37881,-2.563163,1.030303
37882,-3.281713,1.826239
37883,-3.528889,1.579063
37884,-1.934194,0.777479
37885,-2.500000,-1.000000
37886,-3.694931,1.911146
37887,-2.367905,-0.134659
37888,-1.314088,-0.074730
37889,0.456523,-0.425270
37890,-1.760035,1.320914
37891,-1.906779,-0.535628
37892,-0.241532,0.054604
37893,-3.824265,1.781812
37894,-3.528889,1.579063
37895,-2.670453,0.603718
37896,-1.254687,0.698220
37897,-2.885719,0.900969
37898,-2.337712,0.326239
37899,-1.233709,-0.623490
37900,-1.027479,-0.277479
37901,-0.828197,0.988831
37902,-2.541119,0.733052
37903,-3.088468,0.698220
37904,-1.648630,-0.277479
37905,-3.434289,1.911146
37906,-1.978621,0.733052
37907,-2.394628,0.440071
37908,-0.159449,-0.109562
37909,-1.357582,-1.634021
37910,-0.932879,0.054604
37911,-1.877888,-1.977662
37912,-1.309583,-0.955573
37913,2.382340,0.400969
37914,0.155395,0.093187
37915,-2.349870,0.603718
37916,-1.198511,1.030303
37917,-4.000000,2.000000
37918,-3.095692,1.320914
37919,-1.977662,0.988831
37920,-3.335148,1.191580
37921,-2.598822,-0.147791
37922,-3.658223,1.449729
37923,-2.730682,1.365341
37924,-3.658223,1.449729
37925,-1.225625,-1.123490
37926,-1.212812,0.093187
37927,-1.474108,-1.400969
37928,-1.014727,-0.162592
37929,-3.650504,1.955573
37930,-4.000000,2.000000
37931,-1.836861,1.579063
37932,-2.598822,-0.147791
37933,-0.195054,-1.801938
37934,-2.730682,1.365341
37935,-3.911146,1.955573
37936,-1.773241,0.455573
37937,-3.246980,1.623490
37938,-2.394628,0.440071
37939,-2.541119,0.733052
37940,-1.824442,1.449729
37941,-1.588247,1.365341
37942,-2.119812,-0.109562
37943,-1.588247,1.365341
37944,-0.472729,-0.033258
37945,-2.598822,-0.147791
37946,-3.822291,1.911146
37947,-3.161387,1.365341
37948,-2.780575,0.603718
37949,-3.158125,1.579063
37950,-1.877888,-1.977662
37951,-1.811776,-1.721883
37952,-3.623490,1.246980
37953,-3.232059,0.730682
37954,-1.934194,0.777479
37955,-2.119812,-0.109562
37956,-3.563623,1.781812
37957,-3.658223,1.449729
37958,-2.343556,-0.658322
37959,-2.526723,-0.425270
37960,-2.015156,0.455573
37961,-3.692957,1.652478
37962,-2.938128,0.142820
37963,-2.272552,1.320914
37964,-3.955573,1.911146
37965,-3.281713,1.826239
37966,-3.268248,1.579063
37967,-1.733246,0.500000
37968,-3.650504,1.955573
37969,-1.847313,0.603718
37970,-3.051264,1.365341
37971,-2.015156,0.455573
37972,-1.878417,-1.721883
37973,-1.914041,-0.134659
37974,-2.056191,-1.233052
37975,-2.110972,-1.123490
37976,-1.574293,-1.721883
37977,-0.764573,0.326239
37978,-3.158125,1.579063
37979,-3.246980,1.623490
37980,-2.176109,0.777479
37981,-2.461033,1.955573
37982,-2.461033,1.955573
37983,-1.344281,-0.535628
37984,-3.158125,1.579063
37985,-1.978621,0.733052
37986,-3.822291,1.911146
37987,-3.484462,1.623490
37988,-2.885719,0.900969
37989,-2.899457,1.449729
37990,-1.668109,-1.400969
37991,-2.874250,1.652478
37992,-3.824265,1.781812
37993,-2.155959,-0.425270
37994,-3.158125,1.579063
37995,-2.541119,0.733052
37996,-2.941449,0.149460
37997,-3.324167,1.911146
37998,-2.730682,1.365341
37999,-3.656250,1.579063
38000,-2.826042,1.911146
38001,-3.822291,1.911146
38002,-1.121986,-0.722521
38003,-2.366718,-1.000000
38004,-3.652478,1.826239
38005,-3.335148,1.191580
38006,-1.717979,0.733052
38007,-3.822291,1.911146
38008,-3.397582,1.449729
38009,-3.650504,1.955573
38010,-2.383160,1.191580
38011,-1.773241,0.455573
38012,-3.563623,1.781812
38013,-3.650504,1.955573
38014,-3.822291,1.911146
38015,-3.095692,1.320914
38016,-2.859464,-0.147791
38017,-3.095692,1.320914
38018,-2.155959,-0.425270
38019,-2.367905,-0.134659
38020,-3.563623,1.781812
38021,-2.874250,1.652478
38022,-1.198511,1.030303
38023,-2.873202,0.400969
38024,-2.347897,0.733052
38025,-0.388818,-0.425270
38026,-1.330319,-0.914101
38027,-1.466104,0.733052
38028,-3.692957,1.652478
38029,-3.824265,1.781812
38030,-3.694931,1.911146
38031,-1.344281,-0.535628
38032,-2.964384,1.191580
38033,-1.574735,-0.425270
38034,-3.427775,0.988831
38035,-3.153395,0.440071
38036,-2.563163,1.030303
38037,-2.872277,1.781812
38038,-3.152379,1.955573
38039,-3.779838,1.826239
38040,-3.694931,1.911146
38041,-0.801938,0.400969
38042,-3.484462,1.623490
38043,-3.246980,1.623490
38044,-3.333174,1.320914
38045,-3.051264,1.365341
38046,-3.333174,1.320914
38047,-1.847313,0.603718
38048,-2.872277,1.781812
38049,-2.576901,1.579063
38050,-3.434289,1.911146
38051,-3.397582,1.449729
38052,-3.152379,1.955573
38053,-3.692957,1.652478
38054,-2.576901,1.579063
38055,-3.866718,2.000000
38056,-3.434289,1.911146
38057,-2.440004,0.142820
38058,-3.153395,0.440071
38059,-2.110972,-1.123490
38060,-2.116349,-1.634021
38061,-2.892753,0.440071
38062,-3.822291,1.911146
38063,-3.490208,1.246980
38064,-3.652478,1.826239
38065,-1.858780,0.142820
38066,-3.490208,1.246980
38067,-3.158125,1.579063
38068,-2.518736,1.074730
38069,-3.065499,1.781812
38070,-3.658223,1.449729
38071,-1.762008,1.191580
38072,-2.367905,-0.134659
38073,-2.461033,1.955573
38074,-3.397582,1.449729
38075,-1.026723,1.074730
38076,-2.060606,1.030303
38077,-3.824265,1.781812
38078,-2.899457,1.449729
38079,-1.690819,-1.488831
38080,-1.300576,-0.365341
38081,-3.650504,1.955573
38082,-3.232059,0.730682
38083,-2.964384,1.191580
38084,-1.977662,0.988831
38085,-3.528889,1.579063
38086,-2.109756,0.123490
38087,-3.563623,1.781812
38088,-2.572099,-0.722521
38089,-3.911146,1.955573
38090,-3.824265,1.781812
38091,-3.779838,1.826239
38092,-3.281713,1.826239
38093,-3.088468,0.698220
38094,-2.669008,0.988831
38095,-2.837543,1.579063
38096,-2.873202,0.400969
38097,-3.484462,1.623490
38098,-3.167133,0.988831
38099,-2.518736,1.074730
38100,-3.152379,1.955573
38101,-3.779838,1.826239
38102,-3.528889,1.579063
38103,-3.779838,1.826239
38104,-2.938128,0.142820
38105,-3.779838,1.826239
38106,-2.793116,1.623490
38107,-1.262697,0.326239
38108,-1.233709,-0.623490
38109,-2.644197,-0.445042
38110,-3.397582,1.449729
38111,-3.484462,1.623490
38112,-2.440004,0.142820
38113,-1.960449,1.826239
38114,-1.794458,-1.889800
38115,-1.928302,-1.488831
38116,-2.002903,1.911146
38117,-3.824265,1.781812
38118,-1.524320,-0.914101
38119,-3.397582,1.449729
38120,-3.652478,1.826239
38121,-3.822291,1.911146
38122,-2.598822,-0.147791
38123,-2.176109,0.777479
38124,-2.835050,1.320914
38125,-2.899457,1.449729
38126,-2.461033,1.955573
38127,-3.304955,1.652478
38128,-2.181855,0.400969
38129,-3.484462,1.623490
38130,-3.826239,1.652478
38131,-2.899457,1.449729
38132,-3.822291,1.911146
38133,-3.563623,1.781812
38134,-3.656250,1.579063
38135,-1.773241,0.455573
38136,-2.793116,1.623490
38137,-3.824265,1.781812
38138,-0.756100,1.955573
38139,-3.167133,0.988831
38140,-3.158125,1.579063
38141,-1.607199,0.123490
38142,-2.430339,0.123490
38143,-2.430339,0.123490
38144,-3.304955,1.652478
38145,-0.000125,-0.033258
38146,-2.136480,0.698220
38147,-0.966034,-0.162592
38148,-0.855884,0.733052
38149,-2.184738,-0.367711
38150,-3.427775,0.988831
38151,-2.837543,1.579063
38152,-3.194833,1.652478
38153,-3.779838,1.826239
38154,-1.648630,-0.277479
38155,-3.658223,1.449729
38156,-3.281713,1.826239
38157,-0.383765,0.603718
38158,-2.885719,0.900969
38159,-3.658223,1.449729
38160,-3.095692,1.320914
38161,-3.658223,1.449729
38162,-0.967322,0.123490
38163,-2.563163,1.030303
38164,-3.563623,1.781812
38165,-3.911146,1.955573
38166,-1.551584,-1.634021
38167,-2.184738,-0.367711
38168,-3.528889,1.579063
38169,-3.246980,1.623490
38170,-3.051264,1.365341
38171,-2.706235,1.449729
38172,-2.410859,1.246980
38173,-3.694931,1.911146
38174,-3.650504,1.955573
38175,-3.051264,1.365341
38176,-2.133667,-1.466104
38177,-1.733246,0.500000
38178,-2.711958,1.074730
38179,0.854009,0.266948
38180,-0.067251,-0.162592
38181,-3.246980,1.623490
38182,-3.326140,1.781812
38183,-3.490208,1.246980
38184,-1.713557,-0.535628
38185,-1.070127,-0.826239
38186,-2.874250,1.652478
38187,-3.304955,1.652478
38188,-0.801938,0.400969
38189,-2.941449,0.149460
38190,-3.326140,1.781812
38191,-1.906779,-0.535628
38192,-3.563623,1.781812
38193,-0.823226,0.326239
38194,-1.945199,0.149460
38195,-0.710661,0.054604
38196,-0.569543,-0.955573
38197,-1.917063,0.093187
38198,-2.670453,0.603718
38199,-3.397582,1.449729
38200,-0.749532,0.698220
38201,-3.911146,1.955573
38202,-1.695108,1.579063
38203,-1.375695,-1.211352
38204,-3.051264,1.365341
38205,-3.281713,1.826239
38206,-1.489885,-1.977662
38207,-2.136480,0.698220
38208,-0.201525,0.123490
38209,-2.669008,0.988831
38210,-3.692957,1.652478
38211,-3.246980,1.623490
38212,-2.793116,1.623490
38213,-3.824265,1.781812
38214,-3.051264,1.365341
38215,-2.259209,0.777479
38216,-1.906779,-0.535628
38217,-1.690819,-1.488831
38218,-3.153395,0.440071
38219,-0.299901,-1.211352
38220,-1.727818,-1.889800
38221,-1.236955,-1.488831
38222,-0.008010,-0.147791
38223,-0.596023,-1.000000
38224,-2.060606,1.030303
38225,-1.607199,0.123490
38226,-3.158125,1.579063
38227,-2.885719,0.900969
38228,-1.914041,-0.134659
38229,-1.229497,0.266948
38230,-3.365341,0.730682
38231,-2.011910,1.320914
38232,-2.717704,0.698220
38233,-3.268248,1.579063
38234,-2.964384,1.191580
38235,-2.343556,-0.658322
38236,-3.528889,1.579063
38237,-1.771749,-1.801938
38238,-0.260824,0.093187
38239,-3.153395,0.440071
38240,-2.316833,-1.233052
38241,0.150276,0.142820
38242,-3.427775,0.988831
38243,-3.528889,1.579063
38244,-0.985218,0.603718
38245,-3.326140,1.781812
38246,-2.141244,1.191580
38247,-3.658223,1.449729
38248,-1.072099,0.777479
38249,-3.427775,0.988831
38250,2.142285,-0.914101
38251,-3.623490,1.246980
38252,-3.281713,1.826239
38253,-1.323809,0.455573
38254,-3.074730,0.149460
38255,-0.880142,0.440071
38256,-2.964384,1.191580
38257,-3.563623,1.781812
38258,-2.885719,0.900969
38259,-3.095692,1.320914
38260,-2.993868,1.030303
38261,-3.866718,2.000000
38262,-3.779838,1.826239
38263,-3.911146,1.955573
38264,-3.563623,1.781812
38265,-0.563340,0.698220
38266,-2.184738,-0.367711
38267,-1.072099,0.777479
38268,-2.461033,1.955573
38269,-2.235810,0.730682
38270,-1.524320,-0.914101
38271,-1.593993,0.988831
38272,-2.872277,1.781812
38273,-1.557314,-0.109562
38274,-2.337712,0.326239
38275,-3.656250,1.579063
38276,-1.955475,-0.826239
38277,-2.810768,0.142820
38278,-3.333174,1.320914
38279,-3.397582,1.449729
38280,-2.430339,0.123490
38281,-3.152379,1.955573
38282,-3.152379,1.955573
38283,-3.911146,1.955573
38284,-3.563623,1.781812
38285,-3.563623,1.781812
38286,-2.383160,1.191580
38287,-3.326140,1.781812
38288,-3.652478,1.826239
38289,-3.161387,1.365341
38290,-2.793116,1.623490
38291,-3.490208,1.246980
38292,-3.397582,1.449729
38293,-2.885719,0.900969
38294,-3.824265,1.781812
38295,-1.309583,-0.955573
38296,-3.826239,1.652478
38297,-3.123202,0.900969
38298,-3.335148,1.191580
38299,-3.911146,1.955573
38300,-1.179763,1.911146
38301,-0.709394,0.440071
38302,-0.156861,-0.134659
38303,-2.899457,1.449729
38304,-3.268248,1.579063
38305,-2.336959,1.449729
38306,0.000835,0.222521
38307,-0.538346,-1.889800
38308,-1.507653,-1.721883
38309,-2.670453,0.603718
38310,-2.343556,-0.658322
38311,-3.152379,1.955573
38312,-3.824265,1.781812
38313,-3.095692,1.320914
38314,-2.892753,0.440071
38315,-1.713557,-0.535628
38316,-2.334986,1.579063
38317,-3.095692,1.320914
38318,-3.065499,1.781812
38319,-3.158125,1.579063
38320,-2.717704,0.698220
38321,-3.826239,1.652478
38322,-2.810768,0.142820
38323,-2.366718,-1.000000
38324,-2.873202,0.400969
38325,-1.306849,1.246980
38326,-3.152379,1.955573
38327,-3.563623,1.781812
38328,-2.872277,1.781812
38329,-3.652478,1.826239
38330,-3.652478,1.826239
38331,-2.883745,1.030303
38332,-2.060606,1.030303
38333,-3.158125,1.579063
38334,-2.717704,0.698220
38335,-3.333174,1.320914
38336,-2.002903,1.911146
38337,-1.550062,0.900969
38338,-2.777479,-0.445042
38339,-2.885719,0.900969
38340,-2.873202,0.400969
38341,-3.826239,1.652478
38342,-2.096023,2.000000
38343,-3.826239,1.652478
38344,-0.399093,-1.400969
38345,-3.365341,0.730682
38346,-3.656250,1.579063
38347,-2.669008,0.988831
38348,-2.706235,1.449729
38349,-2.899457,1.449729
38350,-3.123202,0.900969
38351,-2.885719,0.900969
38352,-3.246980,1.623490
38353,-2.899457,1.449729
38354,-3.484462,1.623490
38355,0.486254,-1.400969
38356,0.057142,-0.147791
38357,-0.043581,-1.233052
38358,-1.977662,0.988831
38359,-3.824265,1.781812
38360,-3.528889,1.579063
38361,-3.051264,1.365341
38362,-2.302521,1.030303
38363,-3.563623,1.781812
38364,-2.466259,1.191580
38365,-3.650504,1.955573
38366,-3.268248,1.579063
38367,-1.906779,-0.535628
38368,0.066516,-0.033258
38369,-1.233709,-0.623490
38370,-3.528889,1.579063
38371,-1.601453,0.500000
38372,-3.427775,0.988831
38373,-2.051596,1.911146
38374,-3.779838,1.826239
38375,-3.281713,1.826239
38376,-3.484462,1.623490
38377,-3.065499,1.781812
38378,-2.885719,0.900969
38379,-2.336959,1.449729
38380,-3.658223,1.449729
38381,-2.242359,1.781812
38382,-0.123151,-0.033258
38383,-1.280886,-1.400969
38384,-1.833963,0.093187
38385,-3.656250,1.579063
38386,-3.153395,0.440071
38387,-2.885719,0.900969
38388,-2.883745,1.030303
38389,-2.383160,1.191580
38390,-0.520157,-0.162592
38391,-3.246980,1.623490
38392,-3.462508,1.191580
38393,-3.694931,1.911146
38394,-2.742943,1.911146
38395,-1.349189,0.603718
38396,-3.563623,1.781812
38397,-2.540461,0.123490
38398,-2.015156,0.455573
38399,-1.568917,-1.211352
38400,-3.215828,0.698220
38401,-3.824265,1.781812
38402,-3.484462,1.623490
38403,-2.493959,1.246980
38404,-0.259965,0.149460
38405,-2.500000,-1.000000
38406,-0.198062,0.099031
38407,-2.109756,0.123490
38408,-0.296416,-0.074730
38409,-2.518736,1.074730
38410,-3.095692,1.320914
38411,-2.835050,1.320914
38412,0.964686,-0.826239
38413,-1.914041,-0.134659
38414,-0.911611,-1.400969
38415,1.166586,-1.889800
38416,-3.333174,1.320914
38417,-1.836861,1.579063
38418,-2.163198,1.623490
38419,-3.095692,1.320914
38420,-3.152379,1.955573
38421,-1.717979,0.733052
38422,-3.911146,1.955573
38423,-3.158125,1.579063
38424,-3.335148,1.191580
38425,-3.822291,1.911146
38426,-3.824265,1.781812
38427,-2.334986,1.579063
38428,-2.641828,1.320914
38429,-3.650504,1.955573
38430,-2.383160,1.191580
38431,-3.658223,1.449729
38432,-1.445881,-0.074730
38433,-3.123202,0.900969
38434,-3.650504,1.955573
38435,-2.385621,1.030303
38436,-2.874250,1.652478
38437,-0.131918,-0.033258
38438,-2.899457,1.449729
38439,-3.268248,1.579063
38440,-3.268248,1.579063
38441,-1.229693,-1.889800
38442,-0.176865,-0.074730
38443,-3.650504,1.955573
38444,-3.911146,1.955573
38445,-2.430339,0.123490
38446,-1.601453,0.500000
38447,-3.095692,1.320914
38448,-2.461033,1.955573
38449,-3.152379,1.955573
38450,-3.335148,1.191580
38451,-2.242359,1.781812
38452,-3.658223,1.449729
38453,-3.427775,0.988831
38454,-1.357582,-1.634021
38455,-3.490208,1.246980
38456,-0.490512,-1.721883
38457,-0.520157,-0.162592
38458,-0.589531,0.730682
38459,-2.430339,0.123490
38460,-2.874250,1.652478
38461,-1.849772,0.733052
38462,-0.710661,0.054604
38463,-2.266948,-1.466104
38464,-2.572099,-0.722521
38465,-1.461364,0.730682
38466,-0.864659,-0.365341
38467,-1.648630,-0.277479
38468,-3.397582,1.449729
38469,-0.371614,-0.623490
38470,-3.088468,0.698220
38471,-3.281713,1.826239
38472,-2.696708,1.652478
38473,-2.696708,1.652478
38474,-2.337712,0.326239
38475,-1.855707,-1.634021
38476,-3.434289,1.911146
38477,-1.224190,2.000000
38478,-3.779838,1.826239
38479,-0.686069,-0.722521
38480,-1.039708,-0.623490
38481,-2.883745,1.030303
38482,-0.702281,0.603718
38483,1.183359,0.500000
38484,-0.130454,-0.109562
38485,-1.988459,-1.889800
38486,-1.466104,0.733052
38487,-3.692957,1.652478
38488,-2.051596,1.911146
38489,-3.528889,1.579063
38490,-2.892753,0.440071
38491,-2.837543,1.579063
38492,-2.993868,1.030303
38493,-3.658223,1.449729
38494,-3.095692,1.320914
38495,-3.563623,1.781812
38496,-3.911146,1.955573
38497,-3.911146,1.955573
38498,-2.742943,1.911146
38499,-3.650504,1.955573
38500,-3.281713,1.826239
38501,-3.911146,1.955573
38502,-0.654932,1.030303
38503,-1.420728,1.030303
38504,-1.960449,1.826239
38505,-2.100697,-0.147791
38506,-2.343556,-0.658322
38507,-2.892753,0.440071
38508,-3.152379,1.955573
38509,-2.892753,0.440071
38510,-3.779838,1.826239
38511,-3.462508,1.191580
38512,-3.528889,1.579063
38513,-3.824265,1.781812
38514,-0.712714,0.222521
38515,-2.563163,1.030303
38516,-2.793116,1.623490
38517,-2.700489,1.826239
38518,-2.810768,0.142820
38519,-2.826042,1.911146
38520,-2.311457,-0.722521
38521,-2.885719,0.900969
38522,-0.186374,0.093187
38523,-3.158125,1.579063
38524,-1.284124,-0.134659
38525,-1.703282,0.440071
38526,-0.765763,0.730682
38527,-3.652478,1.826239
38528,-3.652478,1.826239
38529,-3.484462,1.623490
38530,-3.822291,1.911146
38531,-3.397582,1.449729
38532,-3.822291,1.911146
38533,-2.810768,0.142820
38534,-1.727818,-1.889800
38535,-3.652478,1.826239
38536,-1.873040,-1.211352
38537,-3.065499,1.781812
38538,-3.215828,0.698220
38539,-2.892753,0.440071
38540,-3.161387,1.365341
38541,-2.874250,1.652478
38542,-3.152379,1.955573
38543,-3.822291,1.911146
38544,-3.333174,1.320914
38545,-3.153395,0.440071
38546,-1.039708,-0.623490
38547,-2.110972,-1.123490
38548,-2.730682,1.365341
38549,-2.793116,1.623490
38550,-1.550062,0.900969
38551,-3.158125,1.579063
38552,-0.718169,-0.658322
38553,-2.993868,1.030303
38554,-2.563163,1.030303
38555,-3.095692,1.320914
38556,-3.528889,1.579063
38557,-2.993868,1.030303
38558,-2.993868,1.030303
38559,-2.711958,1.074730
38560,-1.890808,-0.955573
38561,-2.119812,-0.109562
38562,-3.095692,1.320914
38563,-1.824442,1.449729
38564,-1.849772,0.733052
38565,-1.588247,1.365341
38566,-2.835050,1.320914
38567,-3.563623,1.781812
38568,-2.266948,-1.466104
38569,-1.811776,-1.721883
38570,-2.964384,1.191580
38571,-3.824265,1.781812
38572,-3.623490,1.246980
38573,-3.650504,1.955573
38574,-3.911146,1.955573
38575,-3.623490,1.246980
38576,-3.268248,1.579063
38577,-3.102206,1.246980
38578,-2.563163,1.030303
38579,-1.921819,-1.889800
38580,-1.928302,-1.488831
38581,-1.475625,-0.623490
38582,-3.335148,1.191580
38583,-1.397882,0.603718
38584,-3.824265,1.781812
38585,-2.155959,-0.425270
38586,-2.316833,-1.233052
38587,-2.844057,0.730682
38588,-3.158125,1.579063
38589,-3.158125,1.579063
38590,-3.822291,1.911146
38591,-3.167133,0.988831
38592,-2.873202,0.400969
38593,-3.652478,1.826239
38594,-3.153395,0.440071
38595,-3.650504,1.955573
38596,-2.641828,1.320914
38597,-3.824265,1.781812
38598,-0.578811,-0.162592
38599,-1.647948,-0.445042
38600,-2.899457,1.449729
38601,-2.837543,1.579063
38602,-2.641828,1.320914
38603,-1.978716,-1.000000
38604,-2.526723,-0.425270
38605,-3.281713,1.826239
38606,-3.167133,0.988831
38607,-3.528889,1.579063
38608,-2.641828,1.320914
38609,-3.911146,1.955573
38610,-3.658223,1.449729
38611,-3.824265,1.781812
38612,-2.793116,1.623490
38613,-3.694931,1.911146
38614,-2.410859,1.246980
38615,-2.371693,1.652478
38616,-3.911146,1.955573
38617,-2.563163,1.030303
38618,-3.563623,1.781812
38619,-2.540461,0.123490
38620,-2.461033,1.955573
38621,-2.431855,0.900969
38622,-1.849772,0.733052
38623,-2.835050,1.320914
38624,-2.872277,1.781812
38625,-3.281713,1.826239
38626,-1.849772,0.733052
38627,-1.734301,-1.488831
38628,-2.461033,1.955573
38629,-1.233709,-0.623490
38630,-2.011910,1.320914
38631,-1.760035,1.320914
38632,-1.466104,0.733052
38633,-1.934194,0.777479
38634,-3.528889,1.579063
38635,-2.576901,1.579063
38636,-3.123202,0.900969
38637,-3.563623,1.781812
38638,-3.650504,1.955573
38639,-1.824442,1.449729
38640,-2.899457,1.449729
38641,-2.144490,0.326239
38642,-2.388932,-0.955573
38643,-1.086885,-1.400969
38644,-2.938128,0.142820
38645,-3.563623,1.781812
38646,-3.462508,1.191580
38647,-2.993868,1.030303
38648,-3.427775,0.988831
38649,-2.872277,1.781812
38650,-2.892753,0.440071
38651,-3.563623,1.781812
38652,-1.681370,1.030303
38653,-3.194833,1.652478
38654,-3.088468,0.698220
38655,-1.462714,0.222521
38656,-3.658223,1.449729
38657,-3.051264,1.365341
38658,-3.484462,1.623490
38659,-3.650504,1.955573
38660,-3.152379,1.955573
38661,-2.500000,-1.000000
38662,-3.215828,0.698220
38663,-1.762008,1.191580
38664,-3.563623,1.781812
38665,-1.773241,0.455573
38666,-2.572099,-0.722521
38667,-3.335148,1.191580
38668,-3.822291,1.911146
38669,-3.826239,1.652478
38670,-1.717542,-0.914101
38671,-2.837543,1.579063
38672,-2.964384,1.191580
38673,-3.866718,2.000000
38674,-3.484462,1.623490
38675,-2.899457,1.449729
38676,-2.892753,0.440071
38677,-3.281713,1.826239
38678,-2.706235,1.449729
38679,-1.845869,0.988831
38680,-3.824265,1.781812
38681,-3.563623,1.781812
38682,-2.144490,0.326239
38683,-3.462508,1.191580
38684,-3.427775,0.988831
38685,-3.650504,1.955573
38686,-3.779838,1.826239
38687,-3.397582,1.449729
38688,-1.717542,-0.914101
38689,-2.964384,1.191580
38690,-2.261572,-0.955573
38691,-1.396440,0.698220
38692,-2.654083,-0.425270
38693,-2.899457,1.449729
38694,-3.335148,1.191580
38695,-2.844057,0.730682
38696,-0.686458,-0.826239
38697,-1.413198,1.623490
38698,-3.232059,0.730682
38699,-2.742943,1.911146
38700,-3.694931,1.911146
38701,-0.985218,0.603718
38702,-3.563623,1.781812
38703,-3.268248,1.579063
38704,-2.272552,1.320914
38705,-2.336959,1.449729
38706,-3.161387,1.365341
38707,-3.824265,1.781812
38708,-3.324167,1.911146
38709,-1.858780,0.142820
38710,-2.810768,0.142820
38711,-2.711958,1.074730
38712,-1.568917,-1.211352
38713,-1.225625,-1.123490
38714,-1.420728,1.030303
38715,-3.824265,1.781812
38716,-1.681370,1.030303
38717,-1.168783,-0.365341
38718,-2.526723,-0.425270
38719,-1.713557,-0.535628
38720,-1.032469,0.698220
38721,-1.762008,1.191580
38722,-3.824265,1.781812
38723,-3.158125,1.579063
38724,-1.668109,-1.400969
38725,-1.445881,-0.074730
38726,-3.528889,1.579063
38727,-3.153395,0.440071
38728,-3.065499,1.781812
38729,-3.051264,1.365341
38730,-1.233709,-0.623490
38731,-0.438255,-0.623490
38732,-2.777479,-0.445042
38733,-1.423694,-1.889800
38734,-2.493959,1.246980
38735,-3.427775,0.988831
38736,-3.158125,1.579063
38737,-3.095692,1.320914
38738,-2.717704,0.698220
38739,-2.941449,0.149460
38740,-3.911146,1.955573
38741,-2.430339,0.123490
38742,-2.859464,-0.147791
38743,-2.096023,2.000000
38744,-3.326140,1.781812
38745,-1.466104,0.733052
38746,-3.397582,1.449729
38747,-3.484462,1.623490
38748,-3.656250,1.579063
38749,-2.168944,1.246980
38750,-1.588247,1.365341
38751,-1.588247,1.365341
38752,-3.484462,1.623490
38753,-2.892753,0.440071
38754,-3.215828,0.698220
38755,-2.394628,0.440071
38756,-3.652478,1.826239
38757,-3.652478,1.826239
38758,-3.484462,1.623490
38759,-1.833963,0.093187
38760,-1.413419,-0.914101
38761,-2.810768,0.142820
38762,-3.167133,0.988831
38763,-0.067251,-0.162592
38764,-0.492457,-0.826239
38765,-1.683887,-1.977662
38766,-0.538346,-1.889800
38767,-1.864156,-0.367711
38768,-3.158125,1.579063
38769,-0.158676,1.652478
38770,-3.490208,1.246980
38771,-3.427775,0.988831
38772,-2.899457,1.449729
38773,-3.824265,1.781812
38774,-3.324167,1.911146
38775,-3.658223,1.449729
38776,-3.065499,1.781812
38777,-2.793116,1.623490
38778,-3.246980,1.623490
38779,-2.793116,1.623490
38780,-2.060606,1.030303
38781,-1.922262,1.652478
38782,-1.661706,-1.634021
38783,-2.717704,0.698220
38784,-1.933731,0.900969
38785,-1.275116,0.455573
38786,-2.885719,0.900969
38787,-3.824265,1.781812
38788,-3.427775,0.988831
38789,-3.656250,1.579063
38790,-3.484462,1.623490
38791,-2.885719,0.900969
38792,-3.658223,1.449729
38793,-3.652478,1.826239
38794,-0.735570,1.191580
38795,-2.493959,1.246980
38796,-3.478716,2.000000
38797,-2.844057,0.730682
38798,-3.911146,1.955573
38799,-2.872277,1.781812
38800,-4.000000,2.000000
38801,-2.700489,1.826239
38802,-3.478716,2.000000
38803,-2.176109,0.777479
38804,-1.406715,-0.277479
38805,-1.118740,0.142820
38806,-3.866718,2.000000
38807,-1.524320,-0.914101
38808,-2.700489,1.826239
38809,-3.158125,1.579063
38810,-3.656250,1.579063
38811,-2.873202,0.400969
38812,-3.658223,1.449729
38813,-3.397582,1.449729
38814,-3.123202,0.900969
38815,-3.152379,1.955573
38816,-3.824265,1.781812
38817,-2.654083,-0.425270
38818,-3.065499,1.781812
38819,-3.658223,1.449729
38820,-3.563623,1.781812
38821,-0.834695,-0.425270
38822,-3.123202,0.900969
38823,-3.335148,1.191580
38824,-2.605388,-0.134659
38825,-3.246980,1.623490
38826,-2.430339,0.123490
38827,-2.184738,-0.367711
38828,-2.899457,1.449729
38829,-3.152379,1.955573
38830,-2.899457,1.449729
38831,0.788874,0.900969
38832,-3.652478,1.826239
38833,-2.810768,0.142820
38834,-2.835050,1.320914
38835,-3.158125,1.579063
38836,0.130578,0.142820
38837,-1.118740,0.142820
38838,-2.149460,1.074730
38839,-3.281713,1.826239
38840,-3.694931,1.911146
38841,-1.928302,-1.488831
38842,-2.541119,0.733052
38843,-3.824265,1.781812
38844,-2.440004,0.142820
38845,-3.462508,1.191580
38846,-2.641828,1.320914
38847,-3.434289,1.911146
38848,-3.281713,1.826239
38849,-0.771367,0.222521
38850,-3.563623,1.781812
38851,-1.634892,-0.826239
38852,-3.397582,1.449729
38853,-1.280886,-1.400969
38854,-2.899457,1.449729
38855,-2.717704,0.698220
38856,-2.149460,1.074730
38857,0.105995,1.955573
38858,-3.650504,1.955573
38859,-3.490208,1.246980
38860,-3.158125,1.579063
38861,-3.652478,1.826239
38862,-3.324167,1.911146
38863,-3.158125,1.579063
38864,-3.065499,1.781812
38865,-0.219815,0.011169
38866,-1.914041,-0.134659
38867,-2.717704,0.698220
38868,-1.661706,-1.634021
38869,-2.337712,0.326239
38870,-1.303596,-1.488831
38871,-2.133667,-1.466104
38872,-1.988459,-1.889800
38873,-1.977662,0.988831
38874,-1.836861,1.579063
38875,-2.383160,1.191580
38876,-0.860591,0.400969
38877,-1.344281,-0.535628
38878,-3.158125,1.579063
38879,-1.873490,-1.123490
38880,-3.490208,1.246980
38881,-3.911146,1.955573
38882,-1.955475,-0.826239
38883,-1.713557,-0.535628
38884,-2.874250,1.652478
38885,-3.652478,1.826239
38886,-2.874250,1.652478
38887,-2.149460,1.074730
38888,-3.484462,1.623490
38889,-3.822291,1.911146
38890,-3.246980,1.623490
38891,-3.650504,1.955573
38892,-3.826239,1.652478
38893,-3.324167,1.911146
38894,-2.873202,0.400969
38895,-1.349578,0.500000
38896,-2.706235,1.449729
38897,-2.518736,1.074730
38898,-3.656250,1.579063
38899,-2.872277,1.781812
38900,-3.650504,1.955573
38901,-2.272552,1.320914
38902,-3.246980,1.623490
38903,-3.158125,1.579063
38904,-2.941449,0.149460
38905,-3.427775,0.988831
38906,-2.826042,1.911146
38907,-2.844057,0.730682
38908,-1.406715,-0.277479
38909,-1.773241,0.455573
38910,-2.730682,1.365341
38911,-3.304955,1.652478
38912,-3.215828,0.698220
38913,-3.215828,0.698220
38914,-0.879043,-1.466104
38915,-1.855707,-1.634021
38916,-2.371693,1.652478
38917,-2.993868,1.030303
38918,-2.641828,1.320914
38919,-3.153395,0.440071
38920,-2.837543,1.579063
38921,-3.333174,1.320914
38922,-3.427775,0.988831
38923,-1.934194,0.777479
38924,0.175093,0.093187
38925,-3.652478,1.826239
38926,-3.658223,1.449729
38927,-3.161387,1.365341
38928,-2.717704,0.698220
38929,-1.637893,1.955573
38930,-1.703282,0.440071
38931,-1.745664,-1.466104
38932,-1.554958,0.777479
38933,-3.304955,1.652478
38934,-4.000000,2.000000
38935,-3.167133,0.988831
38936,-2.777479,-0.445042
38937,-2.641828,1.320914
38938,-2.872277,1.781812
38939,-1.554958,0.777479
38940,-2.002903,1.911146
38941,-2.060606,1.030303
38942,-3.427775,0.988831
38943,-2.366718,-1.000000
38944,-2.541119,0.733052
38945,-2.334986,1.579063
38946,-2.096023,2.000000
38947,-3.652478,1.826239
38948,-3.158125,1.579063
38949,-3.161387,1.365341
38950,-3.563623,1.781812
38951,0.149460,-0.074730
38952,-3.123202,0.900969
38953,-2.780575,0.603718
38954,-2.844057,0.730682
38955,-3.652478,1.826239
38956,-2.706235,1.449729
38957,-3.484462,1.623490
38958,-3.304955,1.652478
38959,-3.656250,1.579063
38960,-3.822291,1.911146
38961,-1.717542,-0.914101
38962,-1.690819,-1.488831
38963,-3.095692,1.320914
38964,-2.576901,1.579063
38965,-0.985218,0.603718
38966,-3.824265,1.781812
38967,-3.484462,1.623490
38968,-2.872277,1.781812
38969,-1.200484,0.900969
38970,-1.719513,1.246980
38971,-3.623490,1.246980
38972,-3.692957,1.652478
38973,-2.993868,1.030303
38974,-0.487094,0.603718
38975,-2.964384,1.191580
38976,-0.823226,0.326239
38977,-3.563623,1.781812
38978,-3.281713,1.826239
38979,-2.272552,1.320914
38980,-2.302521,1.030303
38981,-2.374152,1.781812
38982,-1.279149,1.191580
38983,-3.694931,1.911146
38984,-3.484462,1.623490
38985,-2.572099,-0.722521
38986,-1.574735,-0.425270
38987,-1.801938,0.900969
38988,-3.281713,1.826239
38989,-2.011910,1.320914
38990,-3.095692,1.320914
38991,-2.347897,0.733052
38992,-3.088468,0.698220
38993,-3.658223,1.449729
38994,-2.899457,1.449729
38995,-1.849772,0.733052
38996,-3.427775,0.988831
38997,-2.711958,1.074730
38998,-3.065499,1.781812
38999,-3.650504,1.955573
39000,-1.824442,1.449729
39001,-2.572099,-0.722521
39002,-2.635719,0.400969
39003,-1.960449,1.826239
39004,-2.670453,0.603718
39005,-1.934194,0.777479
39006,-1.944528,-1.977662
39007,-0.145365,0.011169
39008,-1.794458,-1.889800
39009,-3.563623,1.781812
39010,-3.824265,1.781812
39011,-3.658223,1.449729
39012,-3.484462,1.623490
39013,-3.462508,1.191580
39014,-3.866718,2.000000
39015,-3.194833,1.652478
39016,-2.598822,-0.147791
39017,-2.116349,-1.634021
39018,-2.899457,1.449729
39019,-3.824265,1.781812
39020,-3.304955,1.652478
39021,-3.335148,1.191580
39022,-2.793116,1.623490
39023,-3.161387,1.365341
39024,-2.261572,-0.955573
39025,-1.070127,-0.826239
39026,-1.558725,-0.623490
39027,-2.540461,0.123490
39028,-3.397582,1.449729
39029,-1.926590,-0.109562
39030,-1.771749,-1.801938
39031,-3.427775,0.988831
39032,-2.576901,1.579063
39033,-3.434289,1.911146
39034,-1.775215,0.326239
39035,-3.563623,1.781812
39036,-0.801938,0.400969
39037,-3.194833,1.652478
39038,-3.434289,1.911146
39039,-2.641828,1.320914
39040,-3.658223,1.449729
39041,-3.427775,0.988831
39042,-1.210838,0.222521
39043,-0.867905,1.365341
39044,-2.553446,0.149460
39045,-2.526723,-0.425270
39046,-1.027479,-0.277479
39047,0.600074,-0.367711
39048,-2.837543,1.579063
39049,-1.323809,0.455573
39050,-3.427775,0.988831
39051,-2.394628,0.440071
39052,-2.242359,1.781812
39053,-3.824265,1.781812
39054,-3.650504,1.955573
39055,-3.779838,1.826239
39056,-2.576901,1.579063
39057,-1.978621,0.733052
39058,-3.955573,1.911146
39059,-2.837543,1.579063
39060,-0.718169,-0.658322
39061,-2.700489,1.826239
39062,-2.149460,1.074730
39063,-3.158125,1.579063
39064,-2.098256,0.455573
39065,-2.383160,1.191580
39066,-1.864156,-0.367711
39067,-3.326140,1.781812
39068,-0.246980,0.123490
39069,-3.304955,1.652478
39070,-2.941449,0.149460
39071,-1.550062,0.900969
39072,-2.793116,1.623490
39073,-2.383160,1.191580
39074,0.520240,1.826239
39075,-2.383160,1.191580
39076,-2.793116,1.623490
39077,-2.383160,1.191580
39078,-2.777479,-0.445042
39079,-2.706235,1.449729
39080,-3.650504,1.955573
39081,-3.824265,1.781812
39082,-2.654083,-0.425270
39083,-3.335148,1.191580
39084,-0.274673,1.652478
39085,-3.304955,1.652478
39086,-2.261572,-0.955573
39087,-1.588247,1.365341
39088,-2.461033,1.955573
39089,-2.873202,0.400969
39090,-1.906779,-0.535628
39091,-1.074632,0.054604
39092,-1.568917,-1.211352
39093,-0.288960,0.149460
39094,-1.926590,-0.109562
39095,-3.324167,1.911146
39096,-2.700489,1.826239
39097,-2.899457,1.449729
39098,-3.911146,1.955573
39099,-3.167133,0.988831
39100,-2.572099,-0.722521
39101,-2.899457,1.449729
39102,-3.153395,0.440071
39103,-2.859464,-0.147791
39104,-3.194833,1.652478
39105,-2.106074,-0.658322
39106,-1.466104,0.733052
39107,-3.158125,1.579063
39108,-2.874250,1.652478
39109,-3.652478,1.826239
39110,-3.826239,1.652478
39111,-1.466104,0.733052
39112,-1.836861,1.579063
39113,-1.171501,-0.623490
39114,-2.873202,0.400969
39115,-3.304955,1.652478
39116,-3.822291,1.911146
39117,-3.158125,1.579063
39118,-2.493959,1.246980
39119,-3.324167,1.911146
39120,-3.158125,1.579063
39121,-3.490208,1.246980
39122,-1.858780,0.142820
39123,-3.333174,1.320914
39124,-3.824265,1.781812
39125,-3.335148,1.191580
39126,-2.730682,1.365341
39127,-2.883745,1.030303
39128,-0.169409,-0.109562
39129,-2.526723,-0.425270
39130,-3.484462,1.623490
39131,-3.246980,1.623490
39132,-3.427775,0.988831
39133,-3.152379,1.955573
39134,-3.694931,1.911146
39135,-3.102206,1.246980
39136,-3.065499,1.781812
39137,-2.136480,0.698220
39138,-1.634892,-0.826239
39139,-1.813332,-0.722521
39140,-1.231001,-1.634021
39141,-1.934194,0.777479
39142,-3.152379,1.955573
39143,-0.967322,0.123490
39144,-2.181855,0.400969
39145,-2.316833,-1.233052
39146,-2.540461,0.123490
39147,-0.709168,-0.914101
39148,-0.602063,-0.162592
39149,-3.779838,1.826239
39150,-3.088468,0.698220
39151,-2.011910,1.320914
39152,-2.899457,1.449729
39153,-2.184738,-0.367711
39154,-1.652210,-0.658322
39155,-3.095692,1.320914
39156,-3.051264,1.365341
39157,-3.866718,2.000000
39158,-1.577747,-1.801938
39159,-3.246980,1.623490
39160,-2.141244,1.191580
39161,-3.563623,1.781812
39162,-1.557314,-0.109562
39163,-0.756100,1.955573
39164,-1.634892,-0.826239
39165,-3.102206,1.246980
39166,-3.824265,1.781812
39167,-3.563623,1.781812
39168,-3.152379,1.955573
39169,-2.563163,1.030303
39170,-3.397582,1.449729
39171,-1.906779,-0.535628
39172,-0.866720,-1.233052
39173,0.144005,-0.955573
39174,-3.779838,1.826239
39175,-3.866718,2.000000
39176,-3.692957,1.652478
39177,-3.246980,1.623490
39178,-3.268248,1.579063
39179,-2.670453,0.603718
39180,-3.462508,1.191580
39181,-3.528889,1.579063
39182,-1.849772,0.733052
39183,-3.434289,1.911146
39184,-3.955573,1.911146
39185,-3.326140,1.781812
39186,-2.899457,1.449729
39187,-2.670453,0.603718
39188,-3.911146,1.955573
39189,-3.824265,1.781812
39190,-0.534266,0.400969
39191,-3.281713,1.826239
39192,-2.899457,1.449729
39193,-2.149460,1.074730
39194,-3.333174,1.320914
39195,-2.993868,1.030303
39196,-3.824265,1.781812
39197,-3.658223,1.449729
39198,-2.641828,1.320914
39199,-2.742943,1.911146
39200,-1.643120,1.191580
39201,-2.431855,0.900969
39202,-2.706235,1.449729
39203,-0.932879,0.054604
39204,-3.955573,1.911146
39205,-2.302521,1.030303
39206,-3.658223,1.449729
39207,-0.434577,-0.109562
39208,1.115691,-0.955573
39209,1.549228,-1.123490
39210,-0.789708,-1.123490
39211,-2.964384,1.191580
39212,-2.337712,0.326239
39213,-1.279149,1.191580
39214,-3.088468,0.698220
39215,-3.692957,1.652478
39216,-3.065499,1.781812
39217,-2.706235,1.449729
39218,-1.154522,0.988831
39219,-2.793116,1.623490
39220,-0.560521,1.449729
39221,-1.824442,1.449729
39222,-1.922262,1.652478
39223,-3.650504,1.955573
39224,-3.652478,1.826239
39225,-2.334986,1.579063
39226,-2.872277,1.781812
39227,-3.304955,1.652478
39228,-3.563623,1.781812
39229,-1.773241,0.455573
39230,-1.248319,-1.466104
39231,-2.644197,-0.445042
39232,-1.233709,-0.623490
39233,-2.383160,1.191580
39234,-2.793116,1.623490
39235,-1.858780,0.142820
39236,-3.822291,1.911146
39237,-2.385621,1.030303
39238,-3.158125,1.579063
39239,-2.700489,1.826239
39240,-2.883745,1.030303
39241,-2.826042,1.911146
39242,-1.945199,0.149460
39243,-1.977662,0.988831
39244,-1.855707,-1.634021
39245,-1.762918,-1.211352
39246,-1.462714,0.222521
39247,-2.644197,-0.445042
39248,-3.824265,1.781812
39249,-2.964384,1.191580
39250,-2.964384,1.191580
39251,-1.977662,0.988831
39252,-3.694931,1.911146
39253,-2.302521,1.030303
39254,-0.967322,0.123490
39255,-1.713557,-0.535628
39256,-3.650504,1.955573
39257,-2.461033,1.955573
39258,-2.011910,1.320914
39259,-2.461033,1.955573
39260,-3.333174,1.320914
39261,-3.623490,1.246980
39262,-3.397582,1.449729
39263,-2.872277,1.781812
39264,-0.810020,1.191580
39265,-1.955475,-0.826239
39266,-2.777479,-0.445042
39267,-3.158125,1.579063
39268,-3.911146,1.955573
39269,-3.563623,1.781812
39270,-3.478716,2.000000
39271,-3.333174,1.320914
39272,-1.149815,1.320914
39273,-2.116349,-1.634021
39274,-0.496901,0.326239
39275,-3.324167,1.911146
39276,-3.158125,1.579063
39277,-3.095692,1.320914
39278,-2.885719,0.900969
39279,-2.892753,0.440071
39280,-3.822291,1.911146
39281,-3.650504,1.955573
39282,-3.652478,1.826239
39283,-2.431855,0.900969
39284,-0.650969,0.099031
39285,-3.333174,1.320914
39286,-3.484462,1.623490
39287,-2.168944,1.246980
39288,-3.824265,1.781812
39289,-3.826239,1.652478
39290,-2.144490,0.326239
39291,-2.060606,1.030303
39292,-3.652478,1.826239
39293,-2.383160,1.191580
39294,-3.158125,1.579063
39295,-2.810768,0.142820
39296,-2.385621,1.030303
39297,-1.731816,1.652478
39298,-2.493959,1.246980
39299,-2.810768,0.142820
39300,-2.872277,1.781812
39301,-2.641828,1.320914
39302,-2.261572,-0.955573
39303,-1.717979,0.733052
39304,-0.756100,1.955573
39305,-1.801938,0.900969
39306,-3.158125,1.579063
39307,-2.826042,1.911146
39308,-0.067251,-0.162592
39309,-0.686458,-0.826239
39310,-2.337712,0.326239
39311,-2.730682,1.365341
39312,-3.824265,1.781812
39313,-3.397582,1.449729
39314,-2.383160,1.191580
39315,-3.658223,1.449729
39316,-2.826042,1.911146
39317,-3.215828,0.698220
39318,-3.911146,1.955573
39319,-2.700489,1.826239
39320,0.080769,0.326239
39321,-3.652478,1.826239
39322,-3.333174,1.320914
39323,-3.335148,1.191580
39324,-3.911146,1.955573
39325,-2.835050,1.320914
39326,-3.095692,1.320914
39327,-3.335148,1.191580
39328,-2.056191,-1.233052
39329,0.219124,-0.109562
39330,-1.873490,-1.123490
39331,-3.194833,1.652478
39332,-2.015156,0.455573
39333,-0.044056,0.054604
39334,-2.899457,1.449729
39335,-3.694931,1.911146
39336,-3.088468,0.698220
39337,-2.518736,1.074730
39338,-1.977662,0.988831
39339,-1.551012,1.781812
39340,-3.484462,1.623490
39341,-0.415545,-0.535628
39342,-2.696708,1.652478
39343,-3.866718,2.000000
39344,-2.109756,0.123490
39345,-2.526723,-0.425270
39346,-3.102206,1.246980
39347,-1.703282,0.440071
39348,-3.427775,0.988831
39349,-3.824265,1.781812
39350,-1.683887,-1.977662
39351,-2.116349,-1.634021
39352,-3.826239,1.652478
39353,-2.343556,-0.658322
39354,-2.155959,-0.425270
39355,-2.605388,-0.134659
39356,-0.854474,-0.623490
39357,-1.314088,-0.074730
39358,-2.872277,1.781812
39359,-2.242359,1.781812
39360,-2.540461,0.123490
39361,-2.873202,0.400969
39362,-1.681370,1.030303
39363,-0.373022,1.074730
39364,-3.658223,1.449729
39365,-3.528889,1.579063
39366,-2.431855,0.900969
39367,-3.779838,1.826239
39368,-3.911146,1.955573
39369,-3.333174,1.320914
39370,-2.149460,1.074730
39371,-1.086885,-1.400969
39372,0.188432,0.455573
39373,-2.553446,0.149460
39374,-3.051264,1.365341
39375,-3.528889,1.579063
39376,1.208032,0.326239
39377,-1.713557,-0.535628
39378,-3.528889,1.579063
39379,-1.420728,1.030303
39380,-2.635719,0.400969
39381,-2.184738,-0.367711
39382,-1.717542,-0.914101
39383,-3.563623,1.781812
39384,-3.779838,1.826239
39385,-3.194833,1.652478
39386,-3.484462,1.623490
39387,-0.816833,0.266948
39388,-2.572099,-0.722521
39389,-1.695108,1.579063
39390,-3.824265,1.781812
39391,-3.281713,1.826239
39392,-2.993868,1.030303
39393,-2.181855,0.400969
39394,-3.281713,1.826239
39395,-1.466104,0.733052
39396,-2.872277,1.781812
39397,-2.518736,1.074730
39398,-2.343556,-0.658322
39399,-3.824265,1.781812
39400,-3.911146,1.955573
39401,-3.911146,1.955573
39402,-3.658223,1.449729
39403,-3.824265,1.781812
39404,-3.123202,0.900969
39405,-0.628209,0.455573
39406,-2.336959,1.449729
39407,-1.775215,0.326239
39408,-2.440004,0.142820
39409,-1.648630,-0.277479
39410,-2.837543,1.579063
39411,-3.281713,1.826239
39412,-2.885719,0.900969
39413,-3.246980,1.623490
39414,-1.210838,0.222521
39415,-1.550062,0.900969
39416,-2.302521,1.030303
39417,-0.779516,-0.535628
39418,-2.184738,-0.367711
39419,-3.074730,0.149460
39420,-1.652210,-0.658322
39421,-2.119812,-0.109562
39422,-3.088468,0.698220
39423,-3.281713,1.826239
39424,-2.706235,1.449729
39425,-3.694931,1.911146
39426,0.023853,0.440071
39427,-1.928302,-1.488831
39428,-2.835050,1.320914
39429,-1.762008,1.191580
39430,-1.681370,1.030303
39431,-3.065499,1.781812
39432,-3.333174,1.320914
39433,-2.371693,1.652478
39434,-2.885719,0.900969
39435,-1.873490,-1.123490
39436,-3.326140,1.781812
39437,-3.824265,1.781812
39438,-3.333174,1.320914
39439,-3.281713,1.826239
39440,-3.779838,1.826239
39441,-2.242359,1.781812
39442,-3.268248,1.579063
39443,-2.242359,1.781812
39444,-2.670453,0.603718
39445,-2.993868,1.030303
39446,-2.109756,0.123490
39447,-2.302521,1.030303
39448,-2.466259,1.191580
39449,-3.246980,1.623490
39450,-3.194833,1.652478
39451,-3.051264,1.365341
39452,-2.518736,1.074730
39453,-2.899457,1.449729
39454,-3.779838,1.826239
39455,-2.964384,1.191580
39456,-2.837543,1.579063
39457,-3.694931,1.911146
39458,-3.088468,0.698220
39459,-2.228125,1.365341
39460,-3.563623,1.781812
39461,-0.503178,1.449729
39462,-1.801938,0.900969
39463,-3.462508,1.191580
39464,-3.153395,0.440071
39465,-2.431855,0.900969
39466,-2.837543,1.579063
39467,-2.302521,1.030303
39468,-2.837543,1.579063
39469,-3.694931,1.911146
39470,-2.835050,1.320914
39471,-0.866720,-1.233052
39472,-1.713557,-0.535628
39473,-3.911146,1.955573
39474,-2.518736,1.074730
39475,-1.170844,-1.233052
39476,-1.132335,-0.826239
39477,-2.272552,1.320914
39478,-3.304955,1.652478
39479,-3.335148,1.191580
39480,-2.717704,0.698220
39481,-4.000000,2.000000
39482,-1.601453,0.500000
39483,-1.062213,-0.074730
39484,-2.098256,0.455573
39485,-2.883745,1.030303
39486,-3.335148,1.191580
39487,-1.906779,-0.535628
39488,-3.824265,1.781812
39489,-3.911146,1.955573
39490,-3.397582,1.449729
39491,-3.824265,1.781812
39492,-3.246980,1.623490
39493,-1.462714,0.222521
39494,-2.700489,1.826239
39495,-1.977662,0.988831
39496,-3.158125,1.579063
39497,-2.730682,1.365341
39498,-3.333174,1.320914
39499,-3.324167,1.911146
39500,-3.397582,1.449729
39501,-1.977662,0.988831
39502,-3.650504,1.955573
39503,-3.911146,1.955573
39504,-2.717704,0.698220
39505,-3.658223,1.449729
39506,-3.095692,1.320914
39507,-1.132335,-0.826239
39508,-0.417598,-0.367711
39509,-3.955573,1.911146
39510,-3.658223,1.449729
39511,-2.899457,1.449729
39512,-1.413198,1.623490
39513,-2.141244,1.191580
39514,-3.563623,1.781812
39515,-2.892753,0.440071
39516,-3.167133,0.988831
39517,-3.051264,1.365341
39518,-2.993868,1.030303
39519,-3.658223,1.449729
39520,-3.427775,0.988831
39521,-2.938128,0.142820
39522,-3.281713,1.826239
39523,-2.149460,1.074730
39524,-2.835050,1.320914
39525,-3.123202,0.900969
39526,-2.644197,-0.445042
39527,-3.563623,1.781812
39528,-3.484462,1.623490
39529,-0.652478,0.326239
39530,-2.706235,1.449729
39531,-2.837543,1.579063
39532,-3.563623,1.781812
39533,-1.727818,-1.889800
39534,-2.311457,-0.722521
39535,-1.717542,-0.914101
39536,-1.303596,-1.488831
39537,-1.171501,-0.623490
39538,-2.837543,1.579063
39539,-1.647948,-0.445042
39540,-3.152379,1.955573
39541,-3.232059,0.730682
39542,-3.333174,1.320914
39543,-2.572099,-0.722521
39544,-2.670453,0.603718
39545,-3.528889,1.579063
39546,-0.879043,-1.466104
39547,-2.261572,-0.955573
39548,-2.155959,-0.425270
39549,-2.334986,1.579063
39550,-3.822291,1.911146
39551,-1.306849,1.246980
39552,-2.669008,0.988831
39553,-2.430339,0.123490
39554,-3.652478,1.826239
39555,-3.650504,1.955573
39556,-1.773241,0.455573
39557,-2.367905,-0.134659
39558,-2.717704,0.698220
39559,-2.730682,1.365341
39560,-0.873502,-0.445042
39561,-1.236955,-1.488831
39562,-3.427775,0.988831
39563,-3.065499,1.781812
39564,-3.281713,1.826239
39565,-3.650504,1.955573
39566,-0.078499,0.123490
39567,0.156904,-1.634021
39568,-3.397582,1.449729
39569,-2.711958,1.074730
39570,-3.215828,0.698220
39571,-0.824281,-0.162592
39572,-2.311457,-0.722521
39573,-3.694931,1.911146
39574,-3.232059,0.730682
39575,-1.647948,-0.445042
39576,-2.136480,0.698220
39577,-2.644197,-0.445042
39578,-1.534266,-1.801938
39579,-2.706235,1.449729
39580,-3.161387,1.365341
39581,-2.110972,-1.123490
39582,-1.116526,0.733052
39583,-2.208111,1.449729
39584,-2.096023,2.000000
39585,-3.304955,1.652478
39586,-3.158125,1.579063
39587,-3.650504,1.955573
39588,-2.700489,1.826239
39589,-3.658223,1.449729
39590,-3.158125,1.579063
39591,-2.883745,1.030303
39592,-1.762008,1.191580
39593,-1.636943,1.074730
39594,-3.650504,1.955573
39595,-2.717704,0.698220
39596,-3.656250,1.579063
39597,-3.652478,1.826239
39598,-2.641828,1.320914
39599,-3.333174,1.320914
39600,-3.656250,1.579063
39601,-3.333174,1.320914
39602,-3.333174,1.320914
39603,-2.700489,1.826239
39604,-1.088404,-0.914101
39605,-2.885719,0.900969
39606,-2.826042,1.911146
39607,-3.656250,1.579063
39608,-3.246980,1.623490
39609,-1.127350,1.826239
39610,-1.413198,1.623490
39611,-1.717979,0.733052
39612,-2.669008,0.988831
39613,-2.002903,1.911146
39614,-1.397882,0.603718
39615,-2.316833,-1.233052
39616,-1.849772,0.733052
39617,-3.650504,1.955573
39618,-1.588247,1.365341
39619,-2.730682,1.365341
39620,-3.824265,1.781812
39621,-0.821489,0.440071
39622,-2.176109,0.777479
39623,-3.822291,1.911146
39624,-2.208111,1.449729
39625,-2.730682,1.365341
39626,-3.822291,1.911146
39627,-3.397582,1.449729
39628,-3.152379,1.955573
39629,-3.911146,1.955573
39630,-1.462714,0.222521
39631,-3.658223,1.449729
39632,-3.652478,1.826239
39633,-3.161387,1.365341
39634,-2.669008,0.988831
39635,-0.789708,-1.123490
39636,-3.652478,1.826239
39637,-2.461033,1.955573
39638,-3.656250,1.579063
39639,-2.383160,1.191580
39640,0.863746,0.440071
39641,-2.334986,1.579063
39642,-0.928928,-1.233052
39643,-2.553446,0.149460
39644,-0.974766,1.579063
39645,-2.717704,0.698220
39646,-3.656250,1.579063
39647,-3.911146,1.955573
39648,-3.161387,1.365341
39649,-1.601453,0.500000
39650,-1.461364,0.730682
39651,-2.730682,1.365341
39652,-1.801938,0.900969
39653,-3.822291,1.911146
39654,-2.844057,0.730682
39655,-1.200484,0.900969
39656,-2.208111,1.449729
39657,-3.324167,1.911146
39658,-1.833963,0.093187
39659,-1.801938,0.900969
39660,-3.427775,0.988831
39661,-2.430339,0.123490
39662,-3.215828,0.698220
39663,0.320225,0.455573
39664,-2.119812,-0.109562
39665,-1.643120,1.191580
39666,-0.237965,1.579063
39667,-2.440004,0.142820
39668,-1.624178,-1.488831
39669,-3.822291,1.911146
39670,-2.383160,1.191580
39671,-3.824265,1.781812
39672,-3.822291,1.911146
39673,-3.656250,1.579063
39674,-3.335148,1.191580
39675,-3.563623,1.781812
39676,-3.333174,1.320914
39677,-1.406715,-0.277479
39678,-3.658223,1.449729
39679,-3.161387,1.365341
39680,-2.605388,-0.134659
39681,-2.883745,1.030303
39682,-2.892753,0.440071
39683,-2.383160,1.191580
39684,-2.899457,1.449729
39685,-3.397582,1.449729
39686,-3.824265,1.781812
39687,-3.824265,1.781812
39688,-2.383160,1.191580
39689,-2.383160,1.191580
39690,-2.700489,1.826239
39691,-2.431855,0.900969
39692,-2.859464,-0.147791
39693,-2.964384,1.191580
39694,-3.650504,1.955573
39695,-3.528889,1.579063
39696,-3.484462,1.623490
39697,-3.462508,1.191580
39698,-2.993868,1.030303
39699,-2.431855,0.900969
39700,-3.232059,0.730682
39701,-3.692957,1.652478
39702,-3.866718,2.000000
39703,-3.779838,1.826239
39704,-2.669008,0.988831
39705,-3.232059,0.730682
39706,-1.062213,-0.074730
39707,-2.149460,1.074730
39708,-2.272552,1.320914
39709,-3.528889,1.579063
39710,-3.692957,1.652478
39711,-3.281713,1.826239
39712,-3.051264,1.365341
39713,-3.326140,1.781812
39714,-3.955573,1.911146
39715,-2.837543,1.579063
39716,-2.641828,1.320914
39717,-2.371693,1.652478
39718,-3.333174,1.320914
39719,-3.102206,1.246980
39720,-0.563340,0.698220
39721,-0.589531,0.730682
39722,-2.669008,0.988831
39723,-2.938128,0.142820
39724,-3.692957,1.652478
39725,-1.349189,0.603718
39726,-3.563623,1.781812
39727,-3.955573,1.911146
39728,-3.658223,1.449729
39729,-2.892753,0.440071
39730,-0.202183,0.733052
39731,-2.892753,0.440071
39732,-3.692957,1.652478
39733,-3.326140,1.781812
39734,-3.692957,1.652478
39735,-2.835050,1.320914
39736,-2.993868,1.030303
39737,-3.955573,1.911146
39738,-3.153395,0.440071
39739,-3.088468,0.698220
39740,-3.088468,0.698220
39741,-3.281713,1.826239
39742,-3.427775,0.988831
39743,-3.088468,0.698220
39744,-3.779838,1.826239
39745,-3.333174,1.320914
39746,-2.899457,1.449729
39747,-3.779838,1.826239
39748,-3.694931,1.911146
39749,-1.168783,-0.365341
39750,-3.246980,1.623490
39751,-2.316833,-1.233052
39752,-1.647948,-0.445042
39753,-2.964384,1.191580
39754,-3.779838,1.826239
39755,-3.866718,2.000000
39756,-3.281713,1.826239
39757,-3.194833,1.652478
39758,-2.641828,1.320914
39759,-2.605388,-0.134659
39760,-2.873202,0.400969
39761,-1.210838,0.222521
39762,-3.692957,1.652478
39763,-1.534266,-1.801938
39764,-3.484462,1.623490
39765,-1.026723,1.074730
39766,-2.302521,1.030303
39767,-2.110972,-1.123490
39768,-2.873202,0.400969
39769,-2.873202,0.400969
39770,-2.793116,1.623490
39771,-3.232059,0.730682
39772,-2.899457,1.449729
39773,-3.692957,1.652478
39774,-3.528889,1.579063
39775,-2.163198,1.623490
39776,-3.462508,1.191580
39777,-1.070127,-0.826239
39778,-0.584824,-0.033258
39779,-3.161387,1.365341
39780,-3.911146,1.955573
39781,-3.065499,1.781812
39782,-2.810768,0.142820
39783,-2.941449,0.149460
39784,-2.883745,1.030303
39785,-3.065499,1.781812
39786,-2.060606,1.030303
39787,-2.810768,0.142820
39788,-1.466104,0.733052
39789,-3.563623,1.781812
39790,-3.650504,1.955573
39791,-3.911146,1.955573
39792,-3.694931,1.911146
39793,-2.964384,1.191580
39794,-3.281713,1.826239
39795,-2.576901,1.579063
39796,-2.644197,-0.445042
39797,-2.669008,0.988831
39798,-3.153395,0.440071
39799,-3.694931,1.911146
39800,-2.109756,0.123490
39801,-1.558067,-1.233052
39802,-3.484462,1.623490
39803,-3.268248,1.579063
39804,-2.873202,0.400969
39805,-3.824265,1.781812
39806,-1.423694,-1.889800
39807,-1.236955,-1.488831
39808,-1.988459,-1.889800
39809,-1.361599,-0.367711
39810,-2.440004,0.142820
39811,-3.824265,1.781812
39812,-2.892753,0.440071
39813,-3.658223,1.449729
39814,-3.650504,1.955573
39815,-3.051264,1.365341
39816,-1.308725,-1.123490
39817,-3.779838,1.826239
39818,-2.394628,0.440071
39819,-1.845869,0.988831
39820,-0.275215,1.826239
39821,-3.246980,1.623490
39822,-3.955573,1.911146
39823,-2.938128,0.142820
39824,-2.149460,1.074730
39825,-1.719513,1.246980
39826,-2.011910,1.320914
39827,-2.892753,0.440071
39828,-2.110972,-1.123490
39829,-1.492359,1.781812
39830,-3.153395,0.440071
39831,-2.541119,0.733052
39832,-3.123202,0.900969
39833,-3.528889,1.579063
39834,0.298012,0.500000
39835,-1.210838,0.222521
39836,-2.272552,1.320914
39837,-2.700489,1.826239
39838,-0.650969,0.099031
39839,-2.383160,1.191580
39840,-2.700489,1.826239
39841,-2.383160,1.191580
39842,-1.588247,1.365341
39843,-3.095692,1.320914
39844,-3.652478,1.826239
39845,-3.304955,1.652478
39846,-3.822291,1.911146
39847,-3.397582,1.449729
39848,-2.385621,1.030303
39849,-3.563623,1.781812
39850,-3.167133,0.988831
39851,-1.906779,-0.535628
39852,-1.466104,0.733052
39853,-0.721721,-0.367711
39854,-2.144490,0.326239
39855,-3.490208,1.246980
39856,-3.158125,1.579063
39857,-1.636943,1.074730
39858,-3.167133,0.988831
39859,-3.153395,0.440071
39860,-3.563623,1.781812
39861,-3.335148,1.191580
39862,-2.669008,0.988831
39863,-0.801938,0.400969
39864,-3.304955,1.652478
39865,-3.161387,1.365341
39866,-3.822291,1.911146
39867,-1.014727,-0.162592
39868,-3.335148,1.191580
39869,-3.065499,1.781812
39870,-1.396440,0.698220
39871,-0.260824,0.093187
39872,-2.493959,1.246980
39873,-3.167133,0.988831
39874,-2.541119,0.733052
39875,-2.883745,1.030303
39876,-2.366718,-1.000000
39877,-1.801938,0.900969
39878,-1.309583,-0.955573
39879,-2.367905,-0.134659
39880,-0.000610,-0.162592
39881,-3.779838,1.826239
39882,-3.528889,1.579063
39883,-2.706235,1.449729
39884,-3.911146,1.955573
39885,-2.242359,1.781812
39886,-1.593993,0.988831
39887,-2.964384,1.191580
39888,-3.246980,1.623490
39889,-2.641828,1.320914
39890,-1.934194,0.777479
39891,-3.268248,1.579063
39892,-3.779838,1.826239
39893,-0.756100,1.955573
39894,-2.383160,1.191580
39895,-3.911146,1.955573
39896,-3.158125,1.579063
39897,-3.333174,1.320914
39898,-3.158125,1.579063
39899,-3.650504,1.955573
39900,-3.123202,0.900969
39901,-3.650504,1.955573
39902,-2.892753,0.440071
39903,-3.822291,1.911146
39904,-2.859464,-0.147791
39905,-1.607199,0.123490
39906,-3.397582,1.449729
39907,-3.158125,1.579063
39908,-2.810768,0.142820
39909,-3.652478,1.826239
39910,-3.397582,1.449729
39911,-2.176109,0.777479
39912,-1.727818,-1.889800
39913,-0.801938,0.400969
39914,-3.397582,1.449729
39915,-3.563623,1.781812
39916,-3.478716,2.000000
39917,-2.706235,1.449729
39918,-3.490208,1.246980
39919,-3.822291,1.911146
39920,-1.773241,0.455573
39921,-1.212812,0.093187
39922,-3.427775,0.988831
39923,-1.762008,1.191580
39924,-3.563623,1.781812
39925,-0.834695,-0.425270
39926,-1.877888,-1.977662
39927,-3.694931,1.911146
39928,-2.181855,0.400969
39929,-1.977662,0.988831
39930,-3.650504,1.955573
39931,-2.242359,1.781812
39932,-2.051596,1.911146
39933,-3.911146,1.955573
39934,-3.434289,1.911146
39935,-3.095692,1.320914
39936,-3.095692,1.320914
39937,-3.623490,1.246980
39938,-1.855707,-1.634021
39939,-2.366718,-1.000000
39940,-3.153395,0.440071
39941,-3.158125,1.579063
39942,-2.056191,-1.233052
39943,-3.826239,1.652478
39944,-2.873202,0.400969
39945,-3.326140,1.781812
39946,-2.835050,1.320914
39947,-2.176109,0.777479
39948,-2.166234,-1.400969
39949,-1.121986,-0.722521
39950,-2.563163,1.030303
39951,-0.734763,-0.722521
39952,-3.158125,1.579063
39953,-3.095692,1.320914
39954,-3.335148,1.191580
39955,-2.208111,1.449729
39956,-3.335148,1.191580
39957,-3.167133,0.988831
39958,-3.246980,1.623490
39959,-3.911146,1.955573
39960,-3.822291,1.911146
39961,-3.658223,1.449729
39962,-3.161387,1.365341
39963,-3.158125,1.579063
39964,-2.883745,1.030303
39965,-3.822291,1.911146
39966,-3.824265,1.781812
39967,-2.060606,1.030303
39968,-2.730682,1.365341
39969,-3.324167,1.911146
39970,-1.413419,-0.914101
39971,-1.524320,-0.914101
39972,-2.873202,0.400969
39973,-2.383160,1.191580
39974,-3.246980,1.623490
39975,-3.152379,1.955573
39976,-3.490208,1.246980
39977,-3.484462,1.623490
39978,-2.119812,-0.109562
39979,-1.652210,-0.658322
39980,-3.074730,0.149460
39981,-3.462508,1.191580
39982,-1.072099,0.777479
39983,-3.051264,1.365341
39984,-2.598822,-0.147791
39985,-0.712714,0.222521
39986,-3.650504,1.955573
39987,-2.964384,1.191580
39988,-3.824265,1.781812
39989,-3.434289,1.911146
39990,-3.563623,1.781812
39991,-1.558067,-1.233052
39992,-0.538346,-1.889800
39993,-2.941449,0.149460
39994,-2.394628,0.440071
39995,1.334426,1.030303
39996,-2.367905,-0.134659
39997,-2.155959,-0.425270
39998,-2.430339,0.123490
39999,-3.822291,1.911146
40000,-3.563623,1.781812
40001,0.850540,-0.425270
40002,-1.070127,-0.826239
40003,-2.670453,0.603718
40004,-3.123202,0.900969
40005,-3.246980,1.623490
40006,-3.911146,1.955573
40007,-2.181855,0.400969
40008,-0.880142,0.440071
40009,-3.102206,1.246980
40010,-3.088468,0.698220
40011,-2.343556,-0.658322
40012,-3.824265,1.781812
40013,-0.842470,-1.889800
40014,-2.394628,0.440071
40015,-3.650504,1.955573
40016,-2.461033,1.955573
40017,-2.874250,1.652478
40018,-3.333174,1.320914
40019,-2.208111,1.449729
40020,-1.309583,-0.955573
40021,-3.826239,1.652478
40022,-3.153395,0.440071
40023,-2.899457,1.449729
40024,-3.304955,1.652478
40025,-3.490208,1.246980
40026,-3.065499,1.781812
40027,-2.541119,0.733052
40028,-3.656250,1.579063
40029,-3.324167,1.911146
40030,-1.127350,1.826239
40031,-3.824265,1.781812
40032,-2.168944,1.246980
40033,-1.309583,-0.955573
40034,-3.563623,1.781812
40035,-2.430339,0.123490
40036,-3.656250,1.579063
40037,-3.911146,1.955573
40038,-2.885719,0.900969
40039,-3.652478,1.826239
40040,-3.824265,1.781812
40041,-2.654083,-0.425270
40042,-2.011910,1.320914
40043,-3.095692,1.320914
40044,-0.642527,-0.914101
40045,-0.149926,-0.367711
40046,-3.095692,1.320914
40047,-3.911146,1.955573
40048,-2.347897,0.733052
40049,-2.235810,0.730682
40050,-3.866718,2.000000
40051,-2.892753,0.440071
40052,-2.892753,0.440071
40053,-2.371693,1.652478
40054,-2.302521,1.030303
40055,-0.275215,1.826239
40056,-2.136480,0.698220
40057,-3.333174,1.320914
40058,-0.367567,0.455573
40059,-0.476251,-0.367711
40060,-0.538346,-1.889800
40061,-3.095692,1.320914
40062,-2.793116,1.623490
40063,-3.326140,1.781812
40064,-2.706235,1.449729
40065,-3.167133,0.988831
40066,-2.964384,1.191580
40067,-3.658223,1.449729
40068,-2.706235,1.449729
40069,-2.347897,0.733052
40070,-3.911146,1.955573
40071,-2.563163,1.030303
40072,-2.641828,1.320914
40073,-1.643120,1.191580
40074,-3.268248,1.579063
40075,-2.461033,1.955573
40076,-2.336959,1.449729
40077,-3.152379,1.955573
40078,-3.268248,1.579063
40079,-3.563623,1.781812
40080,-2.938128,0.142820
40081,-2.964384,1.191580
40082,-3.563623,1.781812
40083,-3.434289,1.911146
40084,-2.742943,1.911146
40085,-3.152379,1.955573
40086,-3.123202,0.900969
40087,-1.214222,1.449729
40088,0.130578,0.142820
40089,-1.668109,-1.400969
40090,-3.215828,0.698220
40091,-1.149815,1.320914
40092,-3.650504,1.955573
40093,-1.717542,-0.914101
40094,-2.367905,-0.134659
40095,-3.333174,1.320914
40096,-3.153395,0.440071
40097,-3.652478,1.826239
40098,-3.911146,1.955573
40099,-1.858780,0.142820
40100,-1.474108,-1.400969
40101,-2.873202,0.400969
40102,-2.644197,-0.445042
40103,-3.333174,1.320914
40104,-3.866718,2.000000
40105,-3.911146,1.955573
40106,-2.440004,0.142820
40107,-1.210838,0.222521
40108,-2.311457,-0.722521
40109,-3.051264,1.365341
40110,-2.899457,1.449729
40111,-3.911146,1.955573
40112,-1.978716,-1.000000
40113,-2.166234,-1.400969
40114,-1.489885,-1.977662
40115,-2.430339,0.123490
40116,-3.065499,1.781812
40117,-3.822291,1.911146
40118,-3.658223,1.449729
40119,-3.652478,1.826239
40120,-3.167133,0.988831
40121,-0.176865,-0.074730
40122,-3.822291,1.911146
40123,-2.844057,0.730682
40124,-0.911146,0.455573
40125,-2.334986,1.579063
40126,-0.880142,0.440071
40127,-3.158125,1.579063
40128,-1.014727,-0.162592
40129,-2.110972,-1.123490
40130,-1.652210,-0.658322
40131,-2.810768,0.142820
40132,-3.304955,1.652478
40133,-3.153395,0.440071
40134,-3.826239,1.652478
40135,-1.588247,1.365341
40136,-3.658223,1.449729
40137,-2.100697,-0.147791
40138,-3.333174,1.320914
40139,-3.158125,1.579063
40140,-3.652478,1.826239
40141,-3.304955,1.652478
40142,-2.493959,1.246980
40143,-2.780575,0.603718
40144,-3.563623,1.781812
40145,-3.427775,0.988831
40146,-1.773241,0.455573
40147,-1.813332,-0.722521
40148,-2.883745,1.030303
40149,-1.132335,-0.826239
40150,-3.462508,1.191580
40151,-0.729953,0.093187
40152,-3.462508,1.191580
40153,-3.528889,1.579063
40154,-3.824265,1.781812
40155,-0.966034,-0.162592
40156,0.201708,-0.074730
40157,-2.337712,0.326239
40158,-1.824442,1.449729
40159,-2.572099,-0.722521
40160,-2.873202,0.400969
40161,-2.106074,-0.658322
40162,-3.324167,1.911146
40163,-3.490208,1.246980
40164,-3.167133,0.988831
40165,-3.365341,0.730682
40166,-0.534266,0.400969
40167,-3.911146,1.955573
40168,-3.333174,1.320914
40169,-3.158125,1.579063
40170,-3.911146,1.955573
40171,-1.921819,-1.889800
40172,-2.349870,0.603718
40173,-1.652210,-0.658322
40174,-3.215828,0.698220
40175,-3.324167,1.911146
40176,-3.123202,0.900969
40177,-1.507653,-1.721883
40178,-2.119812,-0.109562
40179,-3.167133,0.988831
40180,-2.892753,0.440071
40181,-2.526723,-0.425270
40182,-3.088468,0.698220
40183,-2.540461,0.123490
40184,-1.229693,-1.889800
40185,-2.166234,-1.400969
40186,-2.493959,1.246980
40187,-2.383160,1.191580
40188,-2.941449,0.149460
40189,-2.493959,1.246980
40190,-3.563623,1.781812
40191,-2.883745,1.030303
40192,-2.349870,0.603718
40193,-3.397582,1.449729
40194,-2.208111,1.449729
40195,-1.745664,-1.466104
40196,-1.086885,-1.400969
40197,-3.484462,1.623490
40198,-1.845869,0.988831
40199,-3.434289,1.911146
40200,-3.692957,1.652478
40201,-3.563623,1.781812
40202,-3.824265,1.781812
40203,-3.528889,1.579063
40204,-3.694931,1.911146
40205,-3.333174,1.320914
40206,-1.813332,-0.722521
40207,-2.015156,0.455573
40208,-3.779838,1.826239
40209,-2.696708,1.652478
40210,-1.681370,1.030303
40211,-1.086885,-1.400969
40212,-0.212537,0.054604
40213,-3.656250,1.579063
40214,-3.826239,1.652478
40215,-2.176109,0.777479
40216,-0.151111,-0.365341
40217,-3.397582,1.449729
40218,-3.167133,0.988831
40219,-2.349870,0.603718
40220,-2.730682,1.365341
40221,-1.661706,-1.634021
40222,-0.851453,-1.000000
40223,-2.011910,1.320914
40224,-1.330319,-0.914101
40225,-3.694931,1.911146
40226,-3.692957,1.652478
40227,-3.246980,1.623490
40228,-3.246980,1.623490
40229,-2.311457,-0.722521
40230,-3.563623,1.781812
40231,-2.563163,1.030303
40232,-3.563623,1.781812
40233,-3.051264,1.365341
40234,-0.596023,-1.000000
40235,-2.730682,1.365341
40236,-1.928302,-1.488831
40237,-1.955475,-0.826239
40238,-0.503178,1.449729
40239,-2.272552,1.320914
40240,-2.349870,0.603718
40241,-3.656250,1.579063
40242,-2.885719,0.900969
40243,-3.326140,1.781812
40244,-3.152379,1.955573
40245,-3.822291,1.911146
40246,-3.161387,1.365341
40247,-2.311457,-0.722521
40248,-3.824265,1.781812
40249,-3.652478,1.826239
40250,-2.793116,1.623490
40251,-2.394628,0.440071
40252,-3.397582,1.449729
40253,-3.822291,1.911146
40254,-1.492359,1.781812
40255,-2.717704,0.698220
40256,-2.859464,-0.147791
40257,-3.161387,1.365341
40258,-2.844057,0.730682
40259,-3.158125,1.579063
40260,-2.941449,0.149460
40261,-3.484462,1.623490
40262,-3.652478,1.826239
40263,-0.520157,-0.162592
40264,-1.794458,-1.889800
40265,-3.074730,0.149460
40266,-1.960449,1.826239
40267,-3.528889,1.579063
40268,-3.095692,1.320914
40269,-3.563623,1.781812
40270,-3.194833,1.652478
40271,-3.528889,1.579063
40272,-2.711958,1.074730
40273,-2.872277,1.781812
40274,-3.167133,0.988831
40275,-1.811776,-1.721883
40276,-3.326140,1.781812
40277,-3.694931,1.911146
40278,-2.184738,-0.367711
40279,-0.728444,-1.634021
40280,1.700307,-1.233052
40281,-0.967322,0.123490
40282,1.027496,1.579063
40283,-3.051264,1.365341
40284,-0.111260,-0.445042
40285,-1.014727,-0.162592
40286,-1.396440,0.698220
40287,-3.650504,1.955573
40288,-3.824265,1.781812
40289,-3.652478,1.826239
40290,-3.658223,1.449729
40291,-3.167133,0.988831
40292,-2.334986,1.579063
40293,-2.844057,0.730682
40294,-0.864659,-0.365341
40295,-3.215828,0.698220
40296,-3.563623,1.781812
40297,-3.365341,0.730682
40298,-2.810768,0.142820
40299,-3.563623,1.781812
40300,-2.149460,1.074730
40301,-2.149460,1.074730
40302,-2.383160,1.191580
40303,-3.365341,0.730682
40304,-3.158125,1.579063
40305,-3.152379,1.955573
40306,-2.874250,1.652478
40307,-3.490208,1.246980
40308,-3.822291,1.911146
40309,-2.572099,-0.722521
40310,-3.153395,0.440071
40311,-3.911146,1.955573
40312,-1.668109,-1.400969
40313,-1.801938,0.900969
40314,-3.692957,1.652478
40315,-2.149460,1.074730
40316,-1.845869,0.988831
40317,-2.136480,0.698220
40318,-3.434289,1.911146
40319,-2.410859,1.246980
40320,-0.650969,0.099031
40321,-1.409351,-0.147791
40322,-1.558067,-1.233052
40323,-3.051264,1.365341
40324,1.038697,-1.634021
40325,-2.500000,-1.000000
40326,-2.635719,0.400969
40327,-2.163198,1.623490
40328,-2.316833,-1.233052
40329,-2.316833,-1.233052
40330,-1.988459,-1.889800
40331,-3.326140,1.781812
40332,-2.870469,2.000000
40333,-3.232059,0.730682
40334,-2.711958,1.074730
40335,-2.347897,0.733052
40336,-3.051264,1.365341
40337,-2.576901,1.579063
40338,-3.434289,1.911146
40339,-3.065499,1.781812
40340,-2.144490,0.326239
40341,-1.394005,0.455573
40342,-3.281713,1.826239
40343,-3.779838,1.826239
40344,-3.650504,1.955573
40345,-2.144490,0.326239
40346,-3.911146,1.955573
40347,-3.779838,1.826239
40348,-2.316833,-1.233052
40349,-2.316833,-1.233052
40350,-2.015156,0.455573
40351,-2.242359,1.781812
40352,-1.349189,0.603718
40353,-3.397582,1.449729
40354,-3.326140,1.781812
40355,-2.899457,1.449729
40356,-2.051596,1.911146
40357,-2.837543,1.579063
40358,-3.281713,1.826239
40359,-2.461033,1.955573
40360,-2.670453,0.603718
40361,-2.993868,1.030303
40362,-2.235810,0.730682
40363,-3.088468,0.698220
40364,-2.576901,1.579063
40365,-1.551012,1.781812
40366,-3.955573,1.911146
40367,-1.681370,1.030303
40368,-3.692957,1.652478
40369,-3.246980,1.623490
40370,-2.141244,1.191580
40371,-3.824265,1.781812
40372,-3.658223,1.449729
40373,-2.711958,1.074730
40374,-3.824265,1.781812
40375,-2.228125,1.365341
40376,-2.541119,0.733052
40377,-3.692957,1.652478
40378,-2.964384,1.191580
40379,-3.650504,1.955573
40380,-3.194833,1.652478
40381,-3.427775,0.988831
40382,-3.692957,1.652478
40383,-2.837543,1.579063
40384,-2.367905,-0.134659
40385,-1.557314,-0.109562
40386,-1.169803,1.911146
40387,-3.563623,1.781812
40388,-3.528889,1.579063
40389,-3.462508,1.191580
40390,-2.311457,-0.722521
40391,-2.885719,0.900969
40392,-3.955573,1.911146
40393,-3.153395,0.440071
40394,-2.938128,0.142820
40395,-3.065499,1.781812
40396,-3.911146,1.955573
40397,-3.694931,1.911146
40398,-3.824265,1.781812
40399,-2.641828,1.320914
40400,-1.169803,1.911146
40401,0.646287,1.449729
40402,1.296495,0.777479
40403,-2.605388,-0.134659
40404,-3.911146,1.955573
40405,-3.065499,1.781812
40406,-1.014727,-0.162592
40407,-1.762008,1.191580
40408,-3.246980,1.623490
40409,-3.158125,1.579063
40410,-3.427775,0.988831
40411,-2.598822,-0.147791
40412,-1.070127,-0.826239
40413,-0.842470,-1.889800
40414,-0.771367,0.222521
40415,-1.014727,-0.162592
40416,-3.152379,1.955573
40417,-2.641828,1.320914
40418,-3.326140,1.781812
40419,-1.396440,0.698220
40420,-1.607199,0.123490
40421,-3.158125,1.579063
40422,-3.427775,0.988831
40423,-3.161387,1.365341
40424,-2.635719,0.400969
40425,-3.158125,1.579063
40426,-2.541119,0.733052
40427,-1.858780,0.142820
40428,0.724207,1.030303
40429,-0.211190,0.142820
40430,-3.824265,1.781812
40431,-3.652478,1.826239
40432,-3.911146,1.955573
40433,-3.326140,1.781812
40434,-1.275116,0.455573
40435,-1.551938,0.400969
40436,-1.168783,-0.365341
40437,-3.652478,1.826239
40438,-2.541119,0.733052
40439,-3.397582,1.449729
40440,-3.822291,1.911146
40441,-3.335148,1.191580
40442,-3.490208,1.246980
40443,-2.334986,1.579063
40444,-3.304955,1.652478
40445,-3.335148,1.191580
40446,-2.294861,-0.367711
40447,-3.822291,1.911146
40448,-2.885719,0.900969
40449,-3.152379,1.955573
40450,-2.493959,1.246980
40451,-3.824265,1.781812
40452,-3.397582,1.449729
40453,-3.333174,1.320914
40454,-3.652478,1.826239
40455,-3.484462,1.623490
40456,-1.733246,0.500000
40457,-2.810768,0.142820
40458,-0.810020,1.191580
40459,-1.801938,0.900969
40460,-2.780575,0.603718
40461,-2.899457,1.449729
40462,-2.641828,1.320914
40463,-3.563623,1.781812
40464,-3.215828,0.698220
40465,-2.598822,-0.147791
40466,-3.652478,1.826239
40467,-3.563623,1.781812
40468,-2.835050,1.320914
40469,-2.311457,-0.722521
40470,-0.362971,-1.466104
40471,-1.207436,0.603718
40472,-0.911146,0.455573
40473,-3.397582,1.449729
40474,-3.824265,1.781812
40475,0.328724,-1.977662
40476,-2.374152,1.781812
40477,-3.822291,1.911146
40478,-3.826239,1.652478
40479,-3.335148,1.191580
40480,-3.911146,1.955573
40481,-3.158125,1.579063
40482,-2.711958,1.074730
40483,-2.374152,1.781812
40484,-3.215828,0.698220
40485,-2.347897,0.733052
40486,-2.272552,1.320914
40487,-4.000000,2.000000
40488,-3.158125,1.579063
40489,-3.427775,0.988831
40490,-3.911146,1.955573
40491,-2.717704,0.698220
40492,-3.335148,1.191580
40493,-2.641828,1.320914
40494,-1.551938,0.400969
40495,-3.911146,1.955573
40496,-3.397582,1.449729
40497,-3.826239,1.652478
40498,-0.553817,0.440071
40499,-3.158125,1.579063
40500,-3.158125,1.579063
40501,-3.822291,1.911146
40502,-3.335148,1.191580
40503,-3.397582,1.449729
40504,-2.872277,1.781812
40505,-0.824281,-0.162592
40506,0.238315,-0.033258
40507,-2.899457,1.449729
40508,-3.484462,1.623490
40509,-3.194833,1.652478
40510,-3.779838,1.826239
40511,-2.343556,-0.658322
40512,-2.837543,1.579063
40513,-2.670453,0.603718
40514,-2.563163,1.030303
40515,-3.623490,1.246980
40516,-3.281713,1.826239
40517,-3.623490,1.246980
40518,-3.563623,1.781812
40519,-3.650504,1.955573
40520,-3.528889,1.579063
40521,-1.550062,0.900969
40522,-1.690819,-1.488831
40523,-2.563163,1.030303
40524,-3.955573,1.911146
40525,-3.779838,1.826239
40526,-3.232059,0.730682
40527,-2.302521,1.030303
40528,-3.694931,1.911146
40529,-3.563623,1.781812
40530,-3.434289,1.911146
40531,-3.528889,1.579063
40532,-3.694931,1.911146
40533,-2.440004,0.142820
40534,-2.015156,0.455573
40535,-1.254687,0.698220
40536,-2.670453,0.603718
40537,-3.694931,1.911146
40538,-2.873202,0.400969
40539,-2.635719,0.400969
40540,-2.572099,-0.722521
40541,-0.014576,-0.134659
40542,-2.837543,1.579063
40543,-3.824265,1.781812
40544,-2.011910,1.320914
40545,-1.845869,0.988831
40546,-2.431855,0.900969
40547,-1.801938,0.900969
40548,-3.779838,1.826239
40549,-3.194833,1.652478
40550,-3.779838,1.826239
40551,-3.658223,1.449729
40552,-1.551012,1.781812
40553,-0.186388,-1.721883
40554,-1.006419,-1.211352
40555,-2.431855,0.900969
40556,-3.528889,1.579063
40557,-1.933731,0.900969
40558,-2.367905,-0.134659
40559,-3.650504,1.955573
40560,-3.911146,1.955573
40561,-3.484462,1.623490
40562,-3.779838,1.826239
40563,-2.742943,1.911146
40564,-3.102206,1.246980
40565,-2.540461,0.123490
40566,-3.152379,1.955573
40567,-1.210838,0.222521
40568,-2.133667,-1.466104
40569,-2.563163,1.030303
40570,-3.434289,1.911146
40571,-3.065499,1.781812
40572,-2.431855,0.900969
40573,-1.118740,0.142820
40574,-2.431855,0.900969
40575,-1.072099,0.777479
40576,-2.466259,1.191580
40577,-1.323809,0.455573
40578,-1.934194,0.777479
40579,-1.845869,0.988831
40580,-3.911146,1.955573
40581,-3.246980,1.623490
40582,-3.123202,0.900969
40583,-2.669008,0.988831
40584,-3.623490,1.246980
40585,-2.242359,1.781812
40586,-1.419626,-1.123490
40587,-3.397582,1.449729
40588,-0.801938,0.400969
40589,-2.873202,0.400969
40590,-1.323809,0.455573
40591,-3.194833,1.652478
40592,-3.528889,1.579063
40593,-2.641828,1.320914
40594,-0.383765,0.603718
40595,2.246980,-1.123490
40596,-1.624178,-1.488831
40597,-2.500000,-1.000000
40598,-1.594507,0.222521
40599,-2.038874,-1.400969
40600,-1.280886,-1.400969
40601,-3.304955,1.652478
40602,-0.821489,0.440071
40603,-3.652478,1.826239
40604,-0.586211,-0.147791
40605,-2.711958,1.074730
40606,-0.880142,0.440071
40607,-3.153395,0.440071
40608,-3.326140,1.781812
40609,-3.822291,1.911146
40610,-3.324167,1.911146
40611,-3.153395,0.440071
40612,-3.652478,1.826239
40613,-3.365341,0.730682
40614,-2.654083,-0.425270
40615,-2.793116,1.623490
40616,-1.309583,-0.955573
40617,-1.225625,-1.123490
40618,-3.397582,1.449729
40619,-2.899457,1.449729
40620,-2.835050,1.320914
40621,-0.718169,-0.658322
40622,-2.826042,1.911146
40623,-2.941449,0.149460
40624,-2.461033,1.955573
40625,-3.652478,1.826239
40626,-3.167133,0.988831
40627,-2.383160,1.191580
40628,-0.823226,0.326239
40629,-2.256195,-0.445042
40630,-2.730682,1.365341
40631,-3.158125,1.579063
40632,-2.430339,0.123490
40633,-2.654083,-0.425270
40634,-3.824265,1.781812
40635,-0.609756,1.623490
40636,-1.933731,0.900969
40637,-3.158125,1.579063
40638,-3.326140,1.781812
40639,-2.641828,1.320914
40640,-3.826239,1.652478
40641,-1.836861,1.579063
40642,-3.167133,0.988831
40643,-3.822291,1.911146
40644,-1.171501,-0.623490
40645,-3.563623,1.781812
40646,-3.824265,1.781812
40647,-2.837543,1.579063
40648,-3.955573,1.911146
40649,-3.650504,1.955573
40650,-2.184738,-0.367711
40651,-2.116349,-1.634021
40652,-1.771749,-1.801938
40653,-3.911146,1.955573
40654,-2.383160,1.191580
40655,-2.883745,1.030303
40656,-2.385621,1.030303
40657,-1.154522,0.988831
40658,-1.773241,0.455573
40659,-2.349870,0.603718
40660,-3.822291,1.911146
40661,-1.466104,0.733052
40662,-0.032308,-0.914101
40663,-1.524320,-0.914101
40664,-3.161387,1.365341
40665,-3.158125,1.579063
40666,-3.822291,1.911146
40667,-3.824265,1.781812
40668,-3.822291,1.911146
40669,-3.158125,1.579063
40670,-2.835050,1.320914
40671,-2.883745,1.030303
40672,-1.690819,-1.488831
40673,-2.572099,-0.722521
40674,-1.574735,-0.425270
40675,-3.911146,1.955573
40676,-3.658223,1.449729
40677,-3.955573,1.911146
40678,-3.692957,1.652478
40679,-2.141244,1.191580
40680,-2.670453,0.603718
40681,-1.349189,0.603718
40682,-1.648630,-0.277479
40683,-1.890808,-0.955573
40684,-1.683887,-1.977662
40685,-3.335148,1.191580
40686,-0.285935,0.123490
40687,-3.652478,1.826239
40688,-3.822291,1.911146
40689,-2.461033,1.955573
40690,-2.700489,1.826239
40691,-3.158125,1.579063
40692,-3.826239,1.652478
40693,-3.652478,1.826239
40694,-2.100697,-0.147791
40695,-3.158125,1.579063
40696,-3.650504,1.955573
40697,-1.132335,-0.826239
40698,-2.256195,-0.445042
40699,-3.563623,1.781812
40700,-2.060606,1.030303
40701,-2.810768,0.142820
40702,-3.824265,1.781812
40703,-2.038874,-1.400969
40704,-3.102206,1.246980
40705,-2.576901,1.579063
40706,-3.528889,1.579063
40707,-3.434289,1.911146
40708,-2.873202,0.400969
40709,-3.911146,1.955573
40710,-2.119812,-0.109562
40711,-2.181855,0.400969
40712,-1.254687,0.698220
40713,-2.706235,1.449729
40714,-2.563163,1.030303
40715,-3.095692,1.320914
40716,-0.966034,-0.162592
40717,0.066516,-0.033258
40718,-3.194833,1.652478
40719,-2.015156,0.455573
40720,-2.670453,0.603718
40721,-2.144490,0.326239
40722,-3.434289,1.911146
40723,-3.528889,1.579063
40724,-2.993868,1.030303
40725,-2.641828,1.320914
40726,-3.268248,1.579063
40727,-3.333174,1.320914
40728,-2.144490,0.326239
40729,-1.423694,-1.889800
40730,-1.121986,-0.722521
40731,-1.236955,-1.488831
40732,-1.648630,-0.277479
40733,-2.563163,1.030303
40734,-2.964384,1.191580
40735,-2.885719,0.900969
40736,-2.235810,0.730682
40737,-1.775215,0.326239
40738,-2.228125,1.365341
40739,-2.899457,1.449729
40740,-3.623490,1.246980
40741,-3.824265,1.781812
40742,-1.652210,-0.658322
40743,-1.717542,-0.914101
40744,-2.336959,1.449729
40745,-2.311457,-0.722521
40746,-1.445133,0.698220
40747,-2.742943,1.911146
40748,-2.605388,-0.134659
40749,-2.337712,0.326239
40750,-0.367567,0.455573
40751,-1.934194,0.777479
40752,-1.121986,-0.722521
40753,-3.694931,1.911146
40754,-3.281713,1.826239
40755,-2.431855,0.900969
40756,-2.837543,1.579063
40757,-3.397582,1.449729
40758,-3.232059,0.730682
40759,-3.824265,1.781812
40760,-3.434289,1.911146
40761,-1.086885,-1.400969
40762,-2.993868,1.030303
40763,-2.641828,1.320914
40764,-3.650504,1.955573
40765,-2.859464,-0.147791
40766,-3.692957,1.652478
40767,-3.051264,1.365341
40768,-3.333174,1.320914
40769,-2.109756,0.123490
40770,-3.434289,1.911146
40771,-3.824265,1.781812
40772,-2.440004,0.142820
40773,-3.623490,1.246980
40774,-3.152379,1.955573
40775,-3.692957,1.652478
40776,-3.281713,1.826239
40777,-3.692957,1.652478
40778,-2.899457,1.449729
40779,-1.934194,0.777479
40780,-3.650504,1.955573
40781,-3.692957,1.652478
40782,-1.934194,0.777479
40783,-2.810768,0.142820
40784,-3.152379,1.955573
40785,-2.793116,1.623490
40786,-3.563623,1.781812
40787,-3.658223,1.449729
40788,-2.563163,1.030303
40789,-3.123202,0.900969
40790,-2.669008,0.988831
40791,-3.650504,1.955573
40792,-2.837543,1.579063
40793,-1.116526,0.733052
40794,-2.605388,-0.134659
40795,-2.777479,-0.445042
40796,1.652478,-0.826239
40797,-0.576416,-0.658322
40798,-3.650504,1.955573
40799,-2.605388,-0.134659
40800,-3.484462,1.623490
40801,-0.156861,-0.134659
40802,0.781922,0.603718
40803,-1.461364,0.730682
40804,-2.835050,1.320914
40805,-2.098256,0.455573
40806,-3.826239,1.652478
40807,-2.780575,0.603718
40808,-3.656250,1.579063
40809,-3.822291,1.911146
40810,-1.845869,0.988831
40811,-2.005777,-1.721883
40812,-2.184738,-0.367711
40813,-2.440004,0.142820
40814,-2.367905,-0.134659
40815,-1.592048,0.093187
40816,-1.811776,-1.721883
40817,-2.056191,-1.233052
40818,-2.116349,-1.634021
40819,-3.158125,1.579063
40820,-3.911146,1.955573
40821,-3.246980,1.623490
40822,-2.780575,0.603718
40823,-2.261572,-0.955573
40824,-2.883745,1.030303
40825,-3.652478,1.826239
40826,-1.396440,0.698220
40827,-2.266948,-1.466104
40828,-3.652478,1.826239
40829,-3.822291,1.911146
40830,-2.431855,0.900969
40831,-2.700489,1.826239
40832,-3.824265,1.781812
40833,-3.304955,1.652478
40834,-1.668109,-1.400969
40835,-2.349870,0.603718
40836,-1.179763,1.911146
40837,-3.158125,1.579063
40838,-3.397582,1.449729
40839,-3.826239,1.652478
40840,-3.326140,1.781812
40841,-3.822291,1.911146
40842,-2.826042,1.911146
40843,-2.116349,-1.634021
40844,-1.198511,1.030303
40845,-3.822291,1.911146
40846,-3.123202,0.900969
40847,-3.065499,1.781812
40848,-1.413198,1.623490
40849,-2.826042,1.911146
40850,-1.396440,0.698220
40851,-2.941449,0.149460
40852,-3.153395,0.440071
40853,1.682671,-0.365341
40854,-2.337712,0.326239
40855,-3.335148,1.191580
40856,-3.656250,1.579063
40857,-0.088566,-1.634021
40858,0.497515,-0.162592
40859,-1.413198,1.623490
40860,-0.966034,-0.162592
40861,-3.268248,1.579063
40862,-3.167133,0.988831
40863,-1.668109,-1.400969
40864,-0.001379,-0.367711
40865,-1.419626,-1.123490
40866,-1.624178,-1.488831
40867,-1.890808,-0.955573
40868,-3.434289,1.911146
40869,-3.528889,1.579063
40870,-3.095692,1.320914
40871,-3.779838,1.826239
40872,0.044302,0.011169
40873,-2.892753,0.440071
40874,-2.706235,1.449729
40875,-3.911146,1.955573
40876,-3.326140,1.781812
40877,-3.824265,1.781812
40878,-3.326140,1.781812
40879,-2.302521,1.030303
40880,-2.964384,1.191580
40881,-3.194833,1.652478
40882,-3.694931,1.911146
40883,-3.152379,1.955573
40884,-2.605388,-0.134659
40885,-2.109756,0.123490
40886,-2.181855,0.400969
40887,-3.051264,1.365341
40888,-3.692957,1.652478
40889,-1.229693,-1.889800
40890,-0.709394,0.440071
40891,-3.158125,1.579063
40892,-2.899457,1.449729
40893,-0.378932,-0.445042
40894,-0.967322,0.123490
40895,-2.872277,1.781812
40896,1.351595,-0.535628
40897,-1.300576,-0.365341
40898,-2.056191,-1.233052
40899,-3.656250,1.579063
40900,-3.167133,0.988831
40901,-3.822291,1.911146
40902,-3.123202,0.900969
40903,-3.656250,1.579063
40904,-2.366718,-1.000000
40905,-2.336959,1.449729
40906,-3.158125,1.579063
40907,-3.650504,1.955573
40908,-3.161387,1.365341
40909,-3.826239,1.652478
40910,-1.801938,0.900969
40911,-2.941449,0.149460
40912,-3.478716,2.000000
40913,-1.824442,1.449729
40914,-1.370469,-1.000000
40915,-2.383160,1.191580
40916,-3.152379,1.955573
40917,-3.652478,1.826239
40918,-4.000000,2.000000
40919,-0.652478,0.326239
40920,-0.544316,-0.722521
40921,-2.116349,-1.634021
40922,-2.136480,0.698220
40923,-3.065499,1.781812
40924,-3.692957,1.652478
40925,-3.694931,1.911146
40926,-3.088468,0.698220
40927,-0.009807,-0.277479
40928,-3.434289,1.911146
40929,-2.100697,-0.147791
40930,-2.440004,0.142820
40931,-2.635719,0.400969
40932,-2.742943,1.911146
40933,-0.201525,0.123490
40934,-3.153395,0.440071
40935,-3.232059,0.730682
40936,-3.397582,1.449729
40937,-3.268248,1.579063
40938,-3.074730,0.149460
40939,-2.892753,0.440071
40940,-3.824265,1.781812
40941,-2.706235,1.449729
40942,-2.051596,1.911146
40943,-2.440004,0.142820
40944,-3.650504,1.955573
40945,-3.623490,1.246980
40946,-3.194833,1.652478
40947,-3.051264,1.365341
40948,-3.427775,0.988831
40949,-3.484462,1.623490
40950,-2.964384,1.191580
40951,-3.102206,1.246980
40952,-3.694931,1.911146
40953,-3.911146,1.955573
40954,-3.281713,1.826239
40955,-3.779838,1.826239
40956,-3.065499,1.781812
40957,-3.866718,2.000000
40958,-2.461033,1.955573
40959,-3.152379,1.955573
40960,0.568709,0.733052
40961,-1.727818,-1.889800
40962,-1.303596,-1.488831
40963,-0.296416,-0.074730
40964,-3.123202,0.900969
40965,-2.110972,-1.123490
40966,-1.233709,-0.623490
40967,-1.890808,-0.955573
40968,-3.528889,1.579063
40969,-3.824265,1.781812
40970,-3.692957,1.652478
40971,-3.528889,1.579063
40972,-3.065499,1.781812
40973,-3.563623,1.781812
40974,-0.654932,1.030303
40975,-3.434289,1.911146
40976,-1.420728,1.030303
40977,-1.412671,0.730682
40978,-3.911146,1.955573
40979,-3.824265,1.781812
40980,-0.985218,0.603718
40981,-2.605388,-0.134659
40982,-1.717979,0.733052
40983,-2.553446,0.149460
40984,-3.528889,1.579063
40985,-2.228125,1.365341
40986,0.821760,-0.367711
40987,-2.015156,0.455573
40988,-3.824265,1.781812
40989,-2.563163,1.030303
40990,-3.694931,1.911146
40991,-0.288960,0.149460
40992,-1.314088,-0.074730
40993,-3.528889,1.579063
40994,-3.397582,1.449729
40995,-2.964384,1.191580
40996,-3.088468,0.698220
40997,-2.899457,1.449729
40998,-2.371693,1.652478
40999,-1.917063,0.093187
41000,-1.661706,-1.634021
41001,-3.152379,1.955573
41002,-3.478716,2.000000
41003,-3.658223,1.449729
41004,-3.650504,1.955573
41005,-3.650504,1.955573
41006,-1.026723,1.074730
41007,-1.207436,0.603718
41008,-3.333174,1.320914
41009,-0.824281,-0.162592
41010,-3.397582,1.449729
41011,-0.712714,0.222521
41012,-3.152379,1.955573
41013,-0.861260,0.222521
41014,-1.955475,-0.826239
41015,-0.642527,-0.914101
41016,-3.326140,1.781812
41017,-3.658223,1.449729
41018,-1.445133,0.698220
41019,-1.133363,0.455573
41020,-1.801938,0.900969
41021,-1.279149,1.191580
41022,-2.635719,0.400969
41023,-3.779838,1.826239
41024,-3.153395,0.440071
41025,-3.694931,1.911146
41026,-0.913353,-0.365341
41027,-2.051596,1.911146
41028,-1.314088,-0.074730
41029,-3.434289,1.911146
41030,-3.692957,1.652478
41031,-2.540461,0.123490
41032,-1.474108,-1.400969
41033,-2.885719,0.900969
41034,-2.347897,0.733052
41035,-0.880142,0.440071
41036,-3.658223,1.449729
41037,-3.065499,1.781812
41038,-3.822291,1.911146
41039,-1.978621,0.733052
41040,-2.176109,0.777479
41041,-2.518736,1.074730
41042,-1.370469,-1.000000
41043,-1.955475,-0.826239
41044,-1.442336,-1.211352
41045,-1.928302,-1.488831
41046,-3.158125,1.579063
41047,-2.430339,0.123490
41048,-1.524320,-0.914101
41049,-2.394628,0.440071
41050,-3.652478,1.826239
41051,-3.911146,1.955573
41052,-3.333174,1.320914
41053,-2.334986,1.579063
41054,-2.119812,-0.109562
41055,-0.938334,-0.826239
41056,-2.835050,1.320914
41057,-2.576901,1.579063
41058,-3.232059,0.730682
41059,-1.212812,0.093187
41060,-1.762008,1.191580
41061,-3.824265,1.781812
41062,-3.065499,1.781812
41063,-1.978621,0.733052
41064,-1.733246,0.500000
41065,-3.324167,1.911146
41066,-1.198511,1.030303
41067,-4.000000,2.000000
41068,-2.349870,0.603718
41069,-0.105222,0.698220
41070,-1.960449,1.826239
41071,-3.563623,1.781812
41072,-1.890808,-0.955573
41073,-3.911146,1.955573
41074,-1.977662,0.988831
41075,-2.964384,1.191580
41076,-3.623490,1.246980
41077,-3.911146,1.955573
41078,-2.371693,1.652478
41079,-3.658223,1.449729
41080,-3.194833,1.652478
41081,-2.706235,1.449729
41082,-2.228125,1.365341
41083,-3.051264,1.365341
41084,-3.281713,1.826239
41085,-1.492359,1.781812
41086,-0.586211,-0.147791
41087,-2.964384,1.191580
41088,-2.065597,-0.826239
41089,-1.873490,-1.123490
41090,-2.885719,0.900969
41091,-2.964384,1.191580
41092,-1.254687,0.698220
41093,-3.650504,1.955573
41094,-2.367905,-0.134659
41095,-2.644197,-0.445042
41096,-2.302521,1.030303
41097,-3.484462,1.623490
41098,-2.011910,1.320914
41099,-3.563623,1.781812
41100,-3.397582,1.449729
41101,-1.801938,0.900969
41102,-3.333174,1.320914
41103,-3.692957,1.652478
41104,-3.326140,1.781812
41105,-3.152379,1.955573
41106,-3.563623,1.781812
41107,-2.993868,1.030303
41108,-2.837543,1.579063
41109,-3.623490,1.246980
41110,-3.779838,1.826239
41111,-2.872277,1.781812
41112,-3.281713,1.826239
41113,-2.141244,1.191580
41114,-2.892753,0.440071
41115,-3.866718,2.000000
41116,-2.410859,1.246980
41117,-3.779838,1.826239
41118,-3.563623,1.781812
41119,-3.167133,0.988831
41120,-3.065499,1.781812
41121,-0.237965,1.579063
41122,-2.793116,1.623490
41123,-1.681370,1.030303
41124,-3.153395,0.440071
41125,-3.427775,0.988831
41126,-2.644197,-0.445042
41127,-1.760035,1.320914
41128,-3.281713,1.826239
41129,-2.742943,1.911146
41130,-2.540461,0.123490
41131,-3.866718,2.000000
41132,-2.938128,0.142820
41133,-3.650504,1.955573
41134,-3.623490,1.246980
41135,-2.899457,1.449729
41136,-2.163198,1.623490
41137,-3.462508,1.191580
41138,-3.102206,1.246980
41139,-3.911146,1.955573
41140,-0.654932,1.030303
41141,-3.194833,1.652478
41142,-3.167133,0.988831
41143,-3.462508,1.191580
41144,-3.397582,1.449729
41145,-2.938128,0.142820
41146,-0.749532,0.698220
41147,-1.592048,0.093187
41148,-3.462508,1.191580
41149,-3.911146,1.955573
41150,-3.779838,1.826239
41151,-3.167133,0.988831
41152,-3.692957,1.652478
41153,-3.123202,0.900969
41154,-2.466259,1.191580
41155,-1.123325,0.054604
41156,-2.343556,-0.658322
41157,-2.837543,1.579063
41158,-1.568917,-1.211352
41159,-3.088468,0.698220
41160,-2.793116,1.623490
41161,-2.696708,1.652478
41162,-3.650504,1.955573
41163,-2.371693,1.652478
41164,-1.917063,0.093187
41165,-0.121614,-1.123490
41166,-0.983709,-1.123490
41167,-1.070127,-0.826239
41168,-3.365341,0.730682
41169,-3.911146,1.955573
41170,-3.911146,1.955573
41171,-1.864156,-0.367711
41172,-2.717704,0.698220
41173,-1.955475,-0.826239
41174,-2.110972,-1.123490
41175,-3.365341,0.730682
41176,-2.349870,0.603718
41177,-1.349578,0.500000
41178,-2.899457,1.449729
41179,-2.669008,0.988831
41180,-1.878417,-1.721883
41181,-2.780575,0.603718
41182,-1.070127,-0.826239
41183,-3.074730,0.149460
41184,-3.246980,1.623490
41185,-1.551938,0.400969
41186,-0.873667,-0.955573
41187,-1.944528,-1.977662
41188,-1.120429,-1.721883
41189,-1.624178,-1.488831
41190,-3.563623,1.781812
41191,-3.822291,1.911146
41192,-3.650504,1.955573
41193,-3.652478,1.826239
41194,0.238239,-0.147791
41195,-3.911146,1.955573
41196,-3.335148,1.191580
41197,-3.065499,1.781812
41198,-3.911146,1.955573
41199,-3.824265,1.781812
41200,-3.911146,1.955573
41201,-3.656250,1.579063
41202,-3.397582,1.449729
41203,-3.478716,2.000000
41204,-1.551584,-1.634021
41205,-1.413419,-0.914101
41206,-2.106074,-0.658322
41207,0.156904,-1.634021
41208,-3.652478,1.826239
41209,-3.158125,1.579063
41210,-3.563623,1.781812
41211,-3.304955,1.652478
41212,-3.161387,1.365341
41213,-3.065499,1.781812
41214,-1.171501,-0.623490
41215,-2.780575,0.603718
41216,-3.656250,1.579063
41217,-3.650504,1.955573
41218,-2.706235,1.449729
41219,-3.911146,1.955573
41220,-3.656250,1.579063
41221,-1.775215,0.326239
41222,-3.822291,1.911146
41223,-3.911146,1.955573
41224,-3.158125,1.579063
41225,-2.383160,1.191580
41226,-2.272552,1.320914
41227,-3.095692,1.320914
41228,-3.563623,1.781812
41229,-2.385621,1.030303
41230,-2.272552,1.320914
41231,-3.335148,1.191580
41232,-3.650504,1.955573
41233,-3.335148,1.191580
41234,-3.652478,1.826239
41235,1.004625,0.733052
41236,-2.144490,0.326239
41237,-2.181855,0.400969
41238,-3.824265,1.781812
41239,-2.563163,1.030303
41240,-2.964384,1.191580
41241,-3.333174,1.320914
41242,-2.837543,1.579063
41243,-2.873202,0.400969
41244,-3.692957,1.652478
41245,-1.279149,1.191580
41246,-2.793116,1.623490
41247,-3.167133,0.988831
41248,-3.955573,1.911146
41249,-2.870469,2.000000
41250,-2.644197,-0.445042
41251,-3.650504,1.955573
41252,-2.541119,0.733052
41253,-2.394628,0.440071
41254,-0.831764,-0.535628
41255,-3.563623,1.781812
41256,-3.528889,1.579063
41257,-3.563623,1.781812
41258,-3.434289,1.911146
41259,-2.899457,1.449729
41260,-3.911146,1.955573
41261,-3.484462,1.623490
41262,-1.960449,1.826239
41263,-3.779838,1.826239
41264,-2.541119,0.733052
41265,-3.123202,0.900969
41266,-3.779838,1.826239
41267,-2.899457,1.449729
41268,-2.541119,0.733052
41269,-2.993868,1.030303
41270,-3.911146,1.955573
41271,-3.650504,1.955573
41272,-3.528889,1.579063
41273,-3.167133,0.988831
41274,-1.466104,0.733052
41275,-1.847313,0.603718
41276,-0.161161,-1.488831
41277,-1.652210,-0.658322
41278,-2.100697,-0.147791
41279,-3.158125,1.579063
41280,-3.158125,1.579063
41281,-1.524320,-0.914101
41282,-3.326140,1.781812
41283,-3.326140,1.781812
41284,-2.669008,0.988831
41285,-3.824265,1.781812
41286,-3.095692,1.320914
41287,-3.326140,1.781812
41288,-3.658223,1.449729
41289,-3.822291,1.911146
41290,-3.826239,1.652478
41291,-3.650504,1.955573
41292,-2.176109,0.777479
41293,-1.945199,0.149460
41294,-1.833963,0.093187
41295,-1.198511,1.030303
41296,-3.652478,1.826239
41297,-2.874250,1.652478
41298,-2.826042,1.911146
41299,-3.911146,1.955573
41300,-3.563623,1.781812
41301,-2.385621,1.030303
41302,-3.152379,1.955573
41303,-3.650504,1.955573
41304,-2.641828,1.320914
41305,-3.490208,1.246980
41306,-2.700489,1.826239
41307,-3.167133,0.988831
41308,-3.822291,1.911146
41309,-3.161387,1.365341
41310,-3.304955,1.652478
41311,-3.427775,0.988831
41312,-3.911146,1.955573
41313,-2.541119,0.733052
41314,-3.822291,1.911146
41315,-2.383160,1.191580
41316,-3.153395,0.440071
41317,-1.864156,-0.367711
41318,-1.442336,-1.211352
41319,-2.810768,0.142820
41320,-0.438255,-0.623490
41321,-1.445881,-0.074730
41322,-0.628209,0.455573
41323,-3.866718,2.000000
41324,-3.281713,1.826239
41325,-3.434289,1.911146
41326,-2.837543,1.579063
41327,-2.873202,0.400969
41328,-2.466259,1.191580
41329,0.116318,-1.211352
41330,-2.873202,0.400969
41331,-2.644197,-0.445042
41332,-0.583781,0.500000
41333,-3.490208,1.246980
41334,-3.822291,1.911146
41335,-2.635719,0.400969
41336,-3.397582,1.449729
41337,-2.060606,1.030303
41338,-2.100697,-0.147791
41339,-3.324167,1.911146
41340,-3.563623,1.781812
41341,-1.284124,-0.134659
41342,-2.060606,1.030303
41343,-1.554958,0.777479
41344,-3.304955,1.652478
41345,-3.365341,0.730682
41346,-2.641828,1.320914
41347,-3.478716,2.000000
41348,-0.102415,-0.074730
41349,-0.250000,-1.000000
41350,-1.878417,-1.721883
41351,-0.842470,-1.889800
41352,-2.388932,-0.955573
41353,-2.793116,1.623490
41354,-2.347897,0.733052
41355,-2.302521,1.030303
41356,-2.141244,1.191580
41357,-2.526723,-0.425270
41358,1.348354,-0.826239
41359,-1.445881,-0.074730
41360,-3.123202,0.900969
41361,-2.654083,-0.425270
41362,-1.357582,-1.634021
41363,-1.551584,-1.634021
41364,-0.296416,-0.074730
41365,-2.440004,0.142820
41366,-2.670453,0.603718
41367,-2.149460,1.074730
41368,-3.658223,1.449729
41369,-2.837543,1.579063
41370,-3.484462,1.623490
41371,-3.065499,1.781812
41372,-3.326140,1.781812
41373,-3.153395,0.440071
41374,-3.563623,1.781812
41375,-3.065499,1.781812
41376,-3.484462,1.623490
41377,-1.200484,0.900969
41378,-2.885719,0.900969
41379,-2.141244,1.191580
41380,-3.123202,0.900969
41381,-2.899457,1.449729
41382,-3.051264,1.365341
41383,-3.281713,1.826239
41384,-3.246980,1.623490
41385,-1.845869,0.988831
41386,-3.326140,1.781812
41387,-2.302521,1.030303
41388,-3.427775,0.988831
41389,-1.361599,-0.367711
41390,-2.065597,-0.826239
41391,-3.051264,1.365341
41392,-3.650504,1.955573
41393,-1.933731,0.900969
41394,-1.934194,0.777479
41395,-1.727818,-1.889800
41396,-3.652478,1.826239
41397,-0.938334,-0.826239
41398,-2.311457,-0.722521
41399,-0.399093,-1.400969
41400,-2.430339,0.123490
41401,-2.098256,0.455573
41402,-3.158125,1.579063
41403,-2.002903,1.911146
41404,-3.822291,1.911146
41405,-2.873202,0.400969
41406,-3.158125,1.579063
41407,-2.208111,1.449729
41408,-1.261910,1.320914
41409,-3.652478,1.826239
41410,-3.326140,1.781812
41411,-2.669008,0.988831
41412,-2.149460,1.074730
41413,-0.974766,1.579063
41414,-3.158125,1.579063
41415,-2.941449,0.149460
41416,-2.461033,1.955573
41417,-3.652478,1.826239
41418,-3.335148,1.191580
41419,-3.824265,1.781812
41420,-3.324167,1.911146
41421,-3.563623,1.781812
41422,-2.106074,-0.658322
41423,-3.335148,1.191580
41424,-1.773241,0.455573
41425,-3.397582,1.449729
41426,-3.652478,1.826239
41427,-3.427775,0.988831
41428,-1.309583,-0.955573
41429,-2.635719,0.400969
41430,-3.158125,1.579063
41431,-2.654083,-0.425270
41432,-2.859464,-0.147791
41433,-3.167133,0.988831
41434,-3.658223,1.449729
41435,-2.700489,1.826239
41436,-2.730682,1.365341
41437,-3.333174,1.320914
41438,-2.176109,0.777479
41439,-3.397582,1.449729
41440,-3.304955,1.652478
41441,-1.423694,-1.889800
41442,-0.362971,-1.466104
41443,-3.822291,1.911146
41444,-0.226309,-0.914101
41445,-0.801938,0.400969
41446,-3.123202,0.900969
41447,-3.281713,1.826239
41448,-2.605388,-0.134659
41449,-3.194833,1.652478
41450,-0.229775,0.011169
41451,-2.394628,0.440071
41452,-3.911146,1.955573
41453,-2.899457,1.449729
41454,-3.152379,1.955573
41455,-1.116526,0.733052
41456,-0.399093,-1.400969
41457,-1.977662,0.988831
41458,-1.375695,-1.211352
41459,-3.694931,1.911146
41460,-2.859464,-0.147791
41461,-1.154522,0.988831
41462,-1.200484,0.900969
41463,-0.438255,-0.623490
41464,-2.993868,1.030303
41465,0.276467,-0.109562
41466,-3.528889,1.579063
41467,-2.964384,1.191580
41468,-3.232059,0.730682
41469,-1.648630,-0.277479
41470,-3.779838,1.826239
41471,-3.051264,1.365341
41472,-1.978621,0.733052
41473,-2.208111,1.449729
41474,-2.993868,1.030303
41475,-2.793116,1.623490
41476,-1.934194,0.777479
41477,-2.899457,1.449729
41478,-3.484462,1.623490
41479,-2.696708,1.652478
41480,-1.011473,1.652478
41481,-3.333174,1.320914
41482,-3.434289,1.911146
41483,-3.326140,1.781812
41484,-3.955573,1.911146
41485,-2.837543,1.579063
41486,-3.462508,1.191580
41487,-2.540461,0.123490
41488,-3.102206,1.246980
41489,-2.256195,-0.445042
41490,-2.874250,1.652478
41491,-1.396440,0.698220
41492,-3.215828,0.698220
41493,-3.304955,1.652478
41494,-2.163198,1.623490
41495,-1.824442,1.449729
41496,-2.700489,1.826239
41497,-3.427775,0.988831
41498,-3.563623,1.781812
41499,-2.096023,2.000000
41500,-3.824265,1.781812
41501,-3.095692,1.320914
41502,-2.374152,1.781812
41503,-3.911146,1.955573
41504,-2.883745,1.030303
41505,-2.060606,1.030303
41506,-1.945199,0.149460
41507,-2.835050,1.320914
41508,-3.333174,1.320914
41509,-1.550062,0.900969
41510,-1.695108,1.579063
41511,-2.440004,0.142820
41512,-3.194833,1.652478
41513,0.295582,-0.147791
41514,-2.466259,1.191580
41515,-3.333174,1.320914
41516,-3.065499,1.781812
41517,-3.102206,1.246980
41518,-3.563623,1.781812
41519,-2.541119,0.733052
41520,-3.434289,1.911146
41521,0.440306,0.222521
41522,-0.549693,-1.233052
41523,-2.717704,0.698220
41524,-2.383160,1.191580
41525,-3.824265,1.781812
41526,-3.911146,1.955573
41527,-3.563623,1.781812
41528,-3.326140,1.781812
41529,-2.518736,1.074730
41530,-1.914041,-0.134659
41531,-2.493959,1.246980
41532,-2.717704,0.698220
41533,-3.822291,1.911146
41534,-2.700489,1.826239
41535,-3.427775,0.988831
41536,-3.822291,1.911146
41537,-3.158125,1.579063
41538,-3.095692,1.320914
41539,-3.158125,1.579063
41540,-3.822291,1.911146
41541,-3.167133,0.988831
41542,-1.661706,-1.634021
41543,-0.229775,0.011169
41544,-2.872277,1.781812
41545,-1.906779,-0.535628
41546,-3.333174,1.320914
41547,-3.824265,1.781812
41548,-1.695108,1.579063
41549,0.104668,-0.109562
41550,-1.601453,0.500000
41551,-2.892753,0.440071
41552,-3.065499,1.781812
41553,-2.859464,-0.147791
41554,-3.656250,1.579063
41555,0.640322,0.326239
41556,-4.000000,2.000000
41557,-3.335148,1.191580
41558,-3.652478,1.826239
41559,-3.911146,1.955573
41560,-3.427775,0.988831
41561,0.035309,-0.367711
41562,-1.864156,-0.367711
41563,-2.060606,1.030303
41564,-2.430339,0.123490
41565,-2.256195,-0.445042
41566,-2.641828,1.320914
41567,-3.822291,1.911146
41568,-3.324167,1.911146
41569,-3.484462,1.623490
41570,-2.826042,1.911146
41571,-2.700489,1.826239
41572,-3.158125,1.579063
41573,-2.859464,-0.147791
41574,-3.652478,1.826239
41575,-1.168783,-0.365341
41576,-1.661706,-1.634021
41577,-1.308725,-1.123490
41578,-0.602063,-0.162592
41579,-2.670453,0.603718
41580,-3.281713,1.826239
41581,-3.065499,1.781812
41582,-3.281713,1.826239
41583,-3.563623,1.781812
41584,-3.397582,1.449729
41585,-2.394628,0.440071
41586,-2.106074,-0.658322
41587,-2.272552,1.320914
41588,-2.311457,-0.722521
41589,-1.200484,0.900969
41590,-0.044056,0.054604
41591,-0.607038,-1.488831
41592,-0.305503,-0.367711
41593,-2.367905,-0.134659
41594,-3.153395,0.440071
41595,-3.822291,1.911146
41596,-3.365341,0.730682
41597,-0.939778,-1.211352
41598,-1.836861,1.579063
41599,-2.730682,1.365341
41600,-2.669008,0.988831
41601,-1.574293,-1.721883
41602,-2.133667,-1.466104
41603,-2.938128,0.142820
41604,-2.964384,1.191580
41605,-2.635719,0.400969
41606,-2.872277,1.781812
41607,-2.466259,1.191580
41608,-2.873202,0.400969
41609,-1.577747,-1.801938
41610,-3.095692,1.320914
41611,-3.692957,1.652478
41612,-3.692957,1.652478
41613,-1.137418,-1.466104
41614,-2.347897,0.733052
41615,-2.272552,1.320914
41616,-3.153395,0.440071
41617,-1.607199,0.123490
41618,-3.911146,1.955573
41619,-1.731816,1.652478
41620,-1.261910,1.320914
41621,-3.484462,1.623490
41622,-3.490208,1.246980
41623,-2.883745,1.030303
41624,-2.176109,0.777479
41625,-1.601453,0.500000
41626,-1.396440,0.698220
41627,-2.155959,-0.425270
41628,-1.731816,1.652478
41629,-2.349870,0.603718
41630,-0.879043,-1.466104
41631,-1.634892,-0.826239
41632,-2.572099,-0.722521
41633,-2.885719,0.900969
41634,-3.779838,1.826239
41635,-3.911146,1.955573
41636,-3.911146,1.955573
41637,-3.268248,1.579063
41638,-3.779838,1.826239
41639,-3.268248,1.579063
41640,-2.670453,0.603718
41641,-3.281713,1.826239
41642,-3.397582,1.449729
41643,-3.650504,1.955573
41644,-2.343556,-0.658322
41645,-2.141244,1.191580
41646,-2.553446,0.149460
41647,-1.121986,-0.722521
41648,-2.311457,-0.722521
41649,-2.302521,1.030303
41650,-3.658223,1.449729
41651,-3.281713,1.826239
41652,-3.824265,1.781812
41653,-3.955573,1.911146
41654,-0.831764,-0.535628
41655,-2.670453,0.603718
41656,-3.484462,1.623490
41657,0.174686,0.054604
41658,-0.447472,-0.425270
41659,-2.598822,-0.147791
41660,-3.650504,1.955573
41661,-0.881639,-1.977662
41662,-2.892753,0.440071
41663,-3.246980,1.623490
41664,-3.434289,1.911146
41665,-3.779838,1.826239
41666,-3.911146,1.955573
41667,-3.563623,1.781812
41668,-3.102206,1.246980
41669,-3.694931,1.911146
41670,-3.563623,1.781812
41671,-2.938128,0.142820
41672,-3.065499,1.781812
41673,-3.824265,1.781812
41674,-3.911146,1.955573
41675,-2.892753,0.440071
41676,-1.914041,-0.134659
41677,-0.932879,0.054604
41678,-3.088468,0.698220
41679,-3.650504,1.955573
41680,-3.650504,1.955573
41681,-3.153395,0.440071
41682,-3.232059,0.730682
41683,-2.466259,1.191580
41684,-2.235810,0.730682
41685,-0.861260,0.222521
41686,-3.694931,1.911146
41687,-3.326140,1.781812
41688,-2.410859,1.246980
41689,-2.572099,-0.722521
41690,-2.872277,1.781812
41691,-3.658223,1.449729
41692,-2.540461,0.123490
41693,-3.779838,1.826239
41694,-3.232059,0.730682
41695,-3.102206,1.246980
41696,-3.123202,0.900969
41697,-3.779838,1.826239
41698,-2.670453,0.603718
41699,-3.281713,1.826239
41700,-2.015156,0.455573
41701,-3.333174,1.320914
41702,-1.375695,-1.211352
41703,-2.136480,0.698220
41704,-3.866718,2.000000
41705,-3.911146,1.955573
41706,-2.553446,0.149460
41707,-2.885719,0.900969
41708,-3.281713,1.826239
41709,-3.623490,1.246980
41710,-3.427775,0.988831
41711,-3.051264,1.365341
41712,-2.669008,0.988831
41713,-2.964384,1.191580
41714,-2.563163,1.030303
41715,-3.528889,1.579063
41716,-3.692957,1.652478
41717,-2.563163,1.030303
41718,-3.528889,1.579063
41719,-1.643120,1.191580
41720,-3.194833,1.652478
41721,-1.695108,1.579063
41722,-2.711958,1.074730
41723,-3.866718,2.000000
41724,-3.824265,1.781812
41725,-3.051264,1.365341
41726,-1.801938,0.900969
41727,-2.837543,1.579063
41728,-3.528889,1.579063
41729,-3.955573,1.911146
41730,-3.824265,1.781812
41731,-3.694931,1.911146
41732,-3.194833,1.652478
41733,-2.885719,0.900969
41734,-0.643478,-0.033258
41735,-1.734301,-1.488831
41736,-1.574293,-1.721883
41737,-0.801039,-1.488831
41738,0.304958,0.222521
41739,-1.922262,1.652478
41740,-3.826239,1.652478
41741,-3.658223,1.449729
41742,-2.892753,0.440071
41743,-1.406715,-0.277479
41744,-3.656250,1.579063
41745,-3.911146,1.955573
41746,-2.711958,1.074730
41747,-3.652478,1.826239
41748,-3.656250,1.579063
41749,-2.106074,-0.658322
41750,-2.430339,0.123490
41751,-3.652478,1.826239
41752,-3.650504,1.955573
41753,-3.335148,1.191580
41754,-3.478716,2.000000
41755,-2.859464,-0.147791
41756,-2.654083,-0.425270
41757,-2.572099,-0.722521
41758,-3.563623,1.781812
41759,-4.000000,2.000000
41760,-3.824265,1.781812
41761,-0.712714,0.222521
41762,-1.168783,-0.365341
41763,-3.088468,0.698220
41764,-3.281713,1.826239
41765,-2.228125,1.365341
41766,-3.694931,1.911146
41767,-1.813332,-0.722521
41768,-3.281713,1.826239
41769,-2.563163,1.030303
41770,-1.409351,-0.147791
41771,-3.281713,1.826239
41772,-3.824265,1.781812
41773,-3.650504,1.955573
41774,-3.434289,1.911146
41775,-3.194833,1.652478
41776,-3.268248,1.579063
41777,-2.410859,1.246980
41778,-3.911146,1.955573
41779,-3.955573,1.911146
41780,-3.955573,1.911146
41781,-1.180804,0.266948
41782,-3.462508,1.191580
41783,-3.051264,1.365341
41784,-2.136480,0.698220
41785,-1.960449,1.826239
41786,-2.576901,1.579063
41787,-3.563623,1.781812
41788,-1.775215,0.326239
41789,-1.224190,2.000000
41790,-3.779838,1.826239
41791,-3.484462,1.623490
41792,-3.051264,1.365341
41793,-0.628209,0.455573
41794,-3.563623,1.781812
41795,-3.563623,1.781812
41796,-2.109756,0.123490
41797,-0.250000,-1.000000
41798,-0.109208,0.054604
41799,-3.658223,1.449729
41800,-2.518736,1.074730
41801,-3.824265,1.781812
41802,0.040685,0.142820
41803,-0.602063,-0.162592
41804,-2.466259,1.191580
41805,-1.944528,-1.977662
41806,-3.563623,1.781812
41807,-1.836861,1.579063
41808,-0.567329,-0.365341
41809,0.144005,-0.955573
41810,-2.005777,-1.721883
41811,-2.859464,-0.147791
41812,-1.858780,0.142820
41813,-1.713557,-0.535628
41814,-2.598822,-0.147791
41815,-2.892753,0.440071
41816,-2.717704,0.698220
41817,-1.592048,0.093187
41818,-1.760035,1.320914
41819,-3.563623,1.781812
41820,-3.333174,1.320914
41821,0.016102,0.455573
41822,-0.011858,0.123490
41823,-2.347897,0.733052
41824,-3.658223,1.449729
41825,-2.383160,1.191580
41826,-0.854474,-0.623490
41827,-0.145365,0.011169
41828,-2.641828,1.320914
41829,-2.941449,0.149460
41830,-3.911146,1.955573
41831,-1.733246,0.500000
41832,-3.365341,0.730682
41833,-2.874250,1.652478
41834,-2.941449,0.149460
41835,-3.563623,1.781812
41836,-2.844057,0.730682
41837,-1.914041,-0.134659
41838,-2.106074,-0.658322
41839,-1.000000,0.500000
41840,-2.883745,1.030303
41841,-3.563623,1.781812
41842,-1.914041,-0.134659
41843,-2.256195,-0.445042
41844,-2.394628,0.440071
41845,-2.654083,-0.425270
41846,-2.106074,-0.658322
41847,-1.955475,-0.826239
41848,0.100765,-0.365341
41849,-0.578811,-0.162592
41850,-3.324167,1.911146
41851,-3.158125,1.579063
41852,-3.826239,1.652478
41853,-2.635719,0.400969
41854,-3.563623,1.781812
41855,-1.922262,1.652478
41856,-3.158125,1.579063
41857,-0.637763,-0.535628
41858,-3.194833,1.652478
41859,-3.623490,1.246980
41860,-3.692957,1.652478
41861,-2.669008,0.988831
41862,-3.462508,1.191580
41863,-3.911146,1.955573
41864,-3.563623,1.781812
41865,-1.577747,-1.801938
41866,-0.569543,-0.955573
41867,-1.280886,-1.400969
41868,-2.065597,-0.826239
41869,-3.484462,1.623490
41870,-3.095692,1.320914
41871,-2.466259,1.191580
41872,-3.088468,0.698220
41873,-3.123202,0.900969
41874,-2.109756,0.123490
41875,-3.102206,1.246980
41876,-2.644197,-0.445042
41877,-1.568917,-1.211352
41878,-2.837543,1.579063
41879,-1.636943,1.074730
41880,-3.911146,1.955573
41881,-3.397582,1.449729
41882,-3.268248,1.579063
41883,-3.650504,1.955573
41884,-3.333174,1.320914
41885,-2.302521,1.030303
41886,-2.669008,0.988831
41887,-3.427775,0.988831
41888,-2.885719,0.900969
41889,-3.153395,0.440071
41890,-3.095692,1.320914
41891,-2.065597,-0.826239
41892,-3.326140,1.781812
41893,-3.434289,1.911146
41894,-3.623490,1.246980
41895,-2.641828,1.320914
41896,-3.824265,1.781812
41897,-3.232059,0.730682
41898,-2.144490,0.326239
41899,-2.316833,-1.233052
41900,-3.528889,1.579063
41901,-2.563163,1.030303
41902,-1.914041,-0.134659
41903,-3.427775,0.988831
41904,-2.576901,1.579063
41905,-3.955573,1.911146
41906,-1.926590,-0.109562
41907,-2.572099,-0.722521
41908,-3.153395,0.440071
41909,-0.415545,-0.535628
41910,-3.462508,1.191580
41911,-3.563623,1.781812
41912,-3.281713,1.826239
41913,-0.966034,-0.162592
41914,-1.133363,0.455573
41915,-2.056191,-1.233052
41916,-2.184738,-0.367711
41917,-2.272552,1.320914
41918,-3.434289,1.911146
41919,-2.374152,1.781812
41920,-1.917063,0.093187
41921,-2.347897,0.733052
41922,-1.849772,0.733052
41923,-3.434289,1.911146
41924,-3.397582,1.449729
41925,-1.636943,1.074730
41926,-3.232059,0.730682
41927,-2.993868,1.030303
41928,-3.658223,1.449729
41929,-2.837543,1.579063
41930,-3.694931,1.911146
41931,-1.643120,1.191580
41932,-3.326140,1.781812
41933,-2.696708,1.652478
41934,-2.553446,0.149460
41935,-2.899457,1.449729
41936,-3.911146,1.955573
41937,-1.717979,0.733052
41938,-3.065499,1.781812
41939,-2.563163,1.030303
41940,-3.268248,1.579063
41941,-1.168783,-0.365341
41942,-3.866718,2.000000
41943,-1.695108,1.579063
41944,-2.184738,-0.367711
41945,-3.563623,1.781812
41946,-2.576901,1.579063
41947,-2.837543,1.579063
41948,-3.167133,0.988831
41949,-2.144490,0.326239
41950,-0.437586,-0.445042
41951,-2.343556,-0.658322
41952,-3.153395,0.440071
41953,-3.824265,1.781812
41954,-3.911146,1.955573
41955,-3.158125,1.579063
41956,-3.304955,1.652478
41957,-3.826239,1.652478
41958,-3.563623,1.781812
41959,-2.272552,1.320914
41960,-2.394628,0.440071
41961,-1.833963,0.093187
41962,-2.605388,-0.134659
41963,-1.601453,0.500000
41964,-3.158125,1.579063
41965,-2.872277,1.781812
41966,-2.060606,1.030303
41967,-3.397582,1.449729
41968,-2.334986,1.579063
41969,-1.978621,0.733052
41970,-3.152379,1.955573
41971,-1.051938,0.900969
41972,-2.110972,-1.123490
41973,-2.349870,0.603718
41974,-3.911146,1.955573
41975,-3.652478,1.826239
41976,-2.885719,0.900969
41977,-3.304955,1.652478
41978,-2.605388,-0.134659
41979,-3.427775,0.988831
41980,-3.563623,1.781812
41981,-3.824265,1.781812
41982,-2.810768,0.142820
41983,-3.304955,1.652478
41984,-3.652478,1.826239
41985,-2.700489,1.826239
41986,-1.607199,0.123490
41987,-1.944528,-1.977662
41988,-1.849772,0.733052
41989,-2.136480,0.698220
41990,-2.742943,1.911146
41991,-2.336959,1.449729
41992,-2.993868,1.030303
41993,-2.367905,-0.134659
41994,-2.540461,0.123490
41995,-3.650504,1.955573
41996,-3.194833,1.652478
41997,-2.109756,0.123490
41998,-1.988459,-1.889800
41999,-1.080402,-1.801938
42000,-0.336881,-0.826239
42001,-3.484462,1.623490
42002,-2.605388,-0.134659
42003,-1.006419,-1.211352
42004,-0.842470,-1.889800
42005,-2.885719,0.900969
42006,-2.835050,1.320914
42007,-2.015156,0.455573
42008,-0.928928,-1.233052
42009,-0.709168,-0.914101
42010,-1.833963,0.093187
42011,-3.365341,0.730682
42012,-3.158125,1.579063
42013,-3.484462,1.623490
42014,-2.383160,1.191580
42015,-3.304955,1.652478
42016,-3.158125,1.579063
42017,-3.152379,1.955573
42018,-2.242359,1.781812
42019,-2.261572,-0.955573
42020,-2.166234,-1.400969
42021,-2.367905,-0.134659
42022,-3.656250,1.579063
42023,-3.563623,1.781812
42024,-3.911146,1.955573
42025,-2.056191,-1.233052
42026,-3.822291,1.911146
42027,-3.652478,1.826239
42028,-2.793116,1.623490
42029,-2.899457,1.449729
42030,-2.334986,1.579063
42031,-0.911146,0.455573
42032,-0.170149,0.440071
42033,-3.824265,1.781812
42034,-1.593993,0.988831
42035,-2.835050,1.320914
42036,-2.993868,1.030303
42037,-3.194833,1.652478
42038,-3.194833,1.652478
42039,-2.235810,0.730682
42040,-1.180804,0.266948
42041,-1.558067,-1.233052
42042,-1.442336,-1.211352
42043,-3.822291,1.911146
42044,-2.717704,0.698220
42045,-2.730682,1.365341
42046,-2.717704,0.698220
42047,-3.123202,0.900969
42048,-3.065499,1.781812
42049,-3.304955,1.652478
42050,-3.658223,1.449729
42051,-3.652478,1.826239
42052,-3.652478,1.826239
42053,-3.335148,1.191580
42054,-3.822291,1.911146
42055,-3.152379,1.955573
42056,-2.883745,1.030303
42057,-0.246980,0.123490
42058,-2.883745,1.030303
42059,-3.563623,1.781812
42060,-3.911146,1.955573
42061,-3.652478,1.826239
42062,-2.149460,1.074730
42063,-3.484462,1.623490
42064,-3.911146,1.955573
42065,-3.123202,0.900969
42066,-3.824265,1.781812
42067,-3.335148,1.191580
42068,-3.397582,1.449729
42069,-3.652478,1.826239
42070,-2.518736,1.074730
42071,-2.383160,1.191580
42072,-2.598822,-0.147791
42073,-2.780575,0.603718
42074,-2.598822,-0.147791
42075,-2.826042,1.911146
42076,-1.000000,0.500000
42077,-1.813332,-0.722521
42078,-3.158125,1.579063
42079,-3.158125,1.579063
42080,-3.563623,1.781812
42081,-3.158125,1.579063
42082,-2.872277,1.781812
42083,-2.493959,1.246980
42084,-1.661706,-1.634021
42085,-1.558725,-0.623490
42086,-3.095692,1.320914
42087,-3.694931,1.911146
42088,-3.824265,1.781812
42089,-3.167133,0.988831
42090,-2.116349,-1.634021
42091,-3.650504,1.955573
42092,-2.337712,0.326239
42093,-2.155959,-0.425270
42094,-3.152379,1.955573
42095,-3.650504,1.955573
42096,-4.000000,2.000000
42097,-3.652478,1.826239
42098,-3.652478,1.826239
42099,-3.167133,0.988831
42100,-3.158125,1.579063
42101,-2.518736,1.074730
42102,-3.822291,1.911146
42103,-3.484462,1.623490
42104,-1.864156,-0.367711
42105,-2.518736,1.074730
42106,-2.598822,-0.147791
42107,-2.899457,1.449729
42108,-3.822291,1.911146
42109,-3.304955,1.652478
42110,-3.246980,1.623490
42111,-3.123202,0.900969
42112,-3.153395,0.440071
42113,-3.822291,1.911146
42114,-1.906779,-0.535628
42115,-0.831764,-0.535628
42116,-1.080402,-1.801938
42117,-0.983709,-1.123490
42118,-1.120429,-1.721883
42119,-2.336959,1.449729
42120,-2.572099,-0.722521
42121,-2.316833,-1.233052
42122,-3.652478,1.826239
42123,-2.383160,1.191580
42124,-3.911146,1.955573
42125,-3.911146,1.955573
42126,-2.883745,1.030303
42127,-3.335148,1.191580
42128,-1.824442,1.449729
42129,-3.158125,1.579063
42130,-2.430339,0.123490
42131,-2.383160,1.191580
42132,-3.161387,1.365341
42133,-2.349870,0.603718
42134,-3.484462,1.623490
42135,-2.163198,1.623490
42136,-2.334986,1.579063
42137,-3.650504,1.955573
42138,-2.242359,1.781812
42139,-0.712635,-0.074730
42140,-3.324167,1.911146
42141,-2.266948,-1.466104
42142,-3.333174,1.320914
42143,-3.822291,1.911146
42144,-2.431855,0.900969
42145,-2.706235,1.449729
42146,-0.766862,-0.658322
42147,-1.558067,-1.233052
42148,-3.866718,2.000000
42149,-2.837543,1.579063
42150,-2.892753,0.440071
42151,-3.268248,1.579063
42152,-3.123202,0.900969
42153,-3.152379,1.955573
42154,-1.445881,-0.074730
42155,-0.065885,-0.147791
42156,-1.858780,0.142820
42157,-3.911146,1.955573
42158,-3.563623,1.781812
42159,-3.158125,1.579063
42160,-3.335148,1.191580
42161,-1.661706,-1.634021
42162,-3.335148,1.191580
42163,-3.822291,1.911146
42164,-1.280886,-1.400969
42165,-0.346845,-1.400969
42166,-3.167133,0.988831
42167,-3.911146,1.955573
42168,-3.484462,1.623490
42169,-3.563623,1.781812
42170,-2.540461,0.123490
42171,-1.279149,1.191580
42172,-3.911146,1.955573
42173,-3.694931,1.911146
42174,-3.866718,2.000000
42175,-2.371693,1.652478
42176,-2.885719,0.900969
42177,-3.065499,1.781812
42178,-3.779838,1.826239
42179,-2.993868,1.030303
42180,-2.374152,1.781812
42181,-3.658223,1.449729
42182,-1.254687,0.698220
42183,-3.623490,1.246980
42184,-3.563623,1.781812
42185,-3.563623,1.781812
42186,-1.070127,-0.826239
42187,-1.261910,1.320914
42188,-3.955573,1.911146
42189,-2.374152,1.781812
42190,-3.824265,1.781812
42191,-3.462508,1.191580
42192,-3.692957,1.652478
42193,-0.553817,0.440071
42194,-2.598822,-0.147791
42195,-1.643120,1.191580
42196,-3.623490,1.246980
42197,-1.921819,-1.889800
42198,-2.100697,-0.147791
42199,-2.347897,0.733052
42200,-0.285640,0.142820
42201,-2.430339,0.123490
42202,-2.002903,1.911146
42203,-3.167133,0.988831
42204,-2.844057,0.730682
42205,-2.835050,1.320914
42206,-3.365341,0.730682
42207,-3.484462,1.623490
42208,-1.442336,-1.211352
42209,0.298012,0.500000
42210,-2.793116,1.623490
42211,-0.151626,1.579063
42212,-2.669008,0.988831
42213,-0.926428,-1.721883
42214,-2.337712,0.326239
42215,-2.002903,1.911146
42216,-1.813332,-0.722521
42217,-2.155959,-0.425270
42218,-2.938128,0.142820
42219,-3.095692,1.320914
42220,-3.911146,1.955573
42221,-3.397582,1.449729
42222,-2.964384,1.191580
42223,-3.326140,1.781812
42224,-3.824265,1.781812
42225,-3.779838,1.826239
42226,-3.692957,1.652478
42227,-3.563623,1.781812
42228,-3.528889,1.579063
42229,-3.333174,1.320914
42230,-3.692957,1.652478
42231,-3.650504,1.955573
42232,-3.824265,1.781812
42233,-3.268248,1.579063
42234,-3.074730,0.149460
42235,-3.268248,1.579063
42236,-3.911146,1.955573
42237,-3.528889,1.579063
42238,-0.066833,-1.233052
42239,-2.899457,1.449729
42240,-3.650504,1.955573
42241,-3.365341,0.730682
42242,-3.650504,1.955573
42243,-1.965750,-1.801938
42244,-2.176109,0.777479
42245,-2.780575,0.603718
42246,-2.176109,0.777479
42247,-3.152379,1.955573
42248,-2.144490,0.326239
42249,-3.215828,0.698220
42250,-2.964384,1.191580
42251,-2.793116,1.623490
42252,-3.051264,1.365341
42253,-3.528889,1.579063
42254,-2.892753,0.440071
42255,-2.635719,0.400969
42256,-2.541119,0.733052
42257,-1.466104,0.733052
42258,-1.977662,0.988831
42259,-3.397582,1.449729
42260,-3.434289,1.911146
42261,-3.911146,1.955573
42262,-3.623490,1.246980
42263,-3.824265,1.781812
42264,-3.484462,1.623490
42265,-2.576901,1.579063
42266,-2.119812,-0.109562
42267,-1.118740,0.142820
42268,-2.163198,1.623490
42269,-3.779838,1.826239
42270,-3.824265,1.781812
42271,-1.847313,0.603718
42272,-2.706235,1.449729
42273,-2.793116,1.623490
42274,-2.431855,0.900969
42275,-3.692957,1.652478
42276,-2.149460,1.074730
42277,-2.461033,1.955573
42278,-3.167133,0.988831
42279,-1.906779,-0.535628
42280,-1.550062,0.900969
42281,-0.966034,-0.162592
42282,-1.636943,1.074730
42283,-2.793116,1.623490
42284,-3.911146,1.955573
42285,-1.681370,1.030303
42286,-2.011910,1.320914
42287,-2.885719,0.900969
42288,-1.977662,0.988831
42289,-3.824265,1.781812
42290,-2.711958,1.074730
42291,-2.669008,0.988831
42292,-1.719513,1.246980
42293,-3.911146,1.955573
42294,-2.964384,1.191580
42295,-2.576901,1.579063
42296,-2.576901,1.579063
42297,-3.692957,1.652478
42298,-3.692957,1.652478
42299,-2.835050,1.320914
42300,-2.242359,1.781812
42301,-3.911146,1.955573
42302,-3.281713,1.826239
42303,-2.109756,0.123490
42304,-1.647948,-0.445042
42305,-1.253943,-1.233052
42306,-2.060606,1.030303
42307,-3.215828,0.698220
42308,-3.824265,1.781812
42309,-2.641828,1.320914
42310,-3.304955,1.652478
42311,-1.762008,1.191580
42312,-2.810768,0.142820
42313,-3.397582,1.449729
42314,-1.593993,0.988831
42315,-3.911146,1.955573
42316,-0.578811,-0.162592
42317,-0.415545,-0.535628
42318,-1.977662,0.988831
42319,-1.330319,-0.914101
42320,-2.964384,1.191580
42321,-3.955573,1.911146
42322,-3.911146,1.955573
42323,-3.528889,1.579063
42324,-2.347897,0.733052
42325,-1.200484,0.900969
42326,-2.837543,1.579063
42327,-2.641828,1.320914
42328,-3.779838,1.826239
42329,-2.136480,0.698220
42330,-1.977662,0.988831
42331,-3.326140,1.781812
42332,-3.462508,1.191580
42333,-3.824265,1.781812
42334,-3.528889,1.579063
42335,-2.706235,1.449729
42336,-1.789708,1.246980
42337,-1.794458,-1.889800
42338,0.146956,0.149460
42339,-1.594507,0.222521
42340,-2.383160,1.191580
42341,-3.826239,1.652478
42342,-1.396440,0.698220
42343,-2.885719,0.900969
42344,-0.259965,0.149460
42345,0.110414,0.266948
42346,-1.062213,-0.074730
42347,-0.140335,-0.147791
42348,0.166876,-0.109562
42349,-3.694931,1.911146
42350,-2.337712,0.326239
42351,-3.462508,1.191580
42352,-3.658223,1.449729
42353,-1.906779,-0.535628
42354,-2.669008,0.988831
42355,-1.849772,0.733052
42356,-1.668109,-1.400969
42357,-2.410859,1.246980
42358,-2.835050,1.320914
42359,-1.847313,0.603718
42360,-3.232059,0.730682
42361,-2.837543,1.579063
42362,-1.977662,0.988831
42363,-3.095692,1.320914
42364,-3.074730,0.149460
42365,-2.572099,-0.722521
42366,-3.528889,1.579063
42367,-3.528889,1.579063
42368,-1.877888,-1.977662
42369,-3.528889,1.579063
42370,-1.551584,-1.634021
42371,-2.184738,-0.367711
42372,-2.163198,1.623490
42373,-2.136480,0.698220
42374,-3.650504,1.955573
42375,-3.484462,1.623490
42376,-3.911146,1.955573
42377,-2.038874,-1.400969
42378,-3.824265,1.781812
42379,-1.574293,-1.721883
42380,-1.574293,-1.721883
42381,-1.309583,-0.955573
42382,-1.945199,0.149460
42383,-2.430339,0.123490
42384,-1.955475,-0.826239
42385,-2.166234,-1.400969
42386,-3.824265,1.781812
42387,-3.326140,1.781812
42388,-2.144490,0.326239
42389,-2.367905,-0.134659
42390,-3.333174,1.320914
42391,-2.184738,-0.367711
42392,-0.299901,-1.211352
42393,-1.914041,-0.134659
42394,-0.087490,0.011169
42395,-3.153395,0.440071
42396,-1.906779,-0.535628
42397,-3.462508,1.191580
42398,-2.938128,0.142820
42399,-2.644197,-0.445042
42400,-3.065499,1.781812
42401,-2.576901,1.579063
42402,-3.911146,1.955573
42403,-3.528889,1.579063
42404,-1.926590,-0.109562
42405,-3.528889,1.579063
42406,-2.870469,2.000000
42407,-2.892753,0.440071
42408,-3.955573,1.911146
42409,-1.003761,1.579063
42410,-0.652478,0.326239
42411,-1.361599,-0.367711
42412,-1.409351,-0.147791
42413,-2.873202,0.400969
42414,-2.644197,-0.445042
42415,-2.431855,0.900969
42416,-2.641828,1.320914
42417,-3.427775,0.988831
42418,-1.244415,0.988831
42419,-3.281713,1.826239
42420,-3.434289,1.911146
42421,-3.051264,1.365341
42422,-1.775215,0.326239
42423,-3.051264,1.365341
42424,-3.434289,1.911146
42425,-2.938128,0.142820
42426,-2.526723,-0.425270
42427,-2.366718,-1.000000
42428,-1.624178,-1.488831
42429,-1.155045,-0.914101
42430,-1.933731,0.900969
42431,-3.563623,1.781812
42432,-1.474108,-1.400969
42433,-0.383297,0.099031
42434,-3.268248,1.579063
42435,-3.779838,1.826239
42436,-3.911146,1.955573
42437,-3.650504,1.955573
42438,-3.088468,0.698220
42439,-3.824265,1.781812
42440,-1.330319,-0.914101
42441,-1.032469,0.698220
42442,-3.822291,1.911146
42443,-0.534266,0.400969
42444,-3.490208,1.246980
42445,-3.158125,1.579063
42446,-2.430339,0.123490
42447,-2.873202,0.400969
42448,-1.300576,-0.365341
42449,-2.669008,0.988831
42450,-3.246980,1.623490
42451,-3.158125,1.579063
42452,-3.333174,1.320914
42453,-2.883745,1.030303
42454,-2.873202,0.400969
42455,0.256769,-0.109562
42456,-3.397582,1.449729
42457,-2.541119,0.733052
42458,-2.430339,0.123490
42459,-2.635719,0.400969
42460,-3.490208,1.246980
42461,-2.430339,0.123490
42462,-2.598822,-0.147791
42463,-2.060606,1.030303
42464,-1.977662,0.988831
42465,-3.158125,1.579063
42466,-2.826042,1.911146
42467,-3.911146,1.955573
42468,-3.650504,1.955573
42469,-1.906779,-0.535628
42470,-3.333174,1.320914
42471,-3.826239,1.652478
42472,-1.384971,1.449729
42473,-4.000000,2.000000
42474,-0.712714,0.222521
42475,0.850540,-0.425270
42476,-1.928302,-1.488831
42477,-2.430339,0.123490
42478,-2.598822,-0.147791
42479,-3.822291,1.911146
42480,-2.669008,0.988831
42481,-0.938334,-0.826239
42482,0.546495,0.777479
42483,-3.326140,1.781812
42484,-2.598822,-0.147791
42485,-3.826239,1.652478
42486,-3.158125,1.579063
42487,-3.652478,1.826239
42488,-3.650504,1.955573
42489,-1.762008,1.191580
42490,-3.158125,1.579063
42491,-2.366718,-1.000000
42492,-3.911146,1.955573
42493,-3.656250,1.579063
42494,-3.652478,1.826239
42495,-3.158125,1.579063
42496,-1.773241,0.455573
42497,-3.333174,1.320914
42498,-1.926590,-0.109562
42499,-2.266948,-1.466104
42500,-3.824265,1.781812
42501,-3.065499,1.781812
42502,-1.762918,-1.211352
42503,-0.621791,-0.955573
42504,-2.311457,-0.722521
42505,-3.658223,1.449729
42506,-1.978716,-1.000000
42507,-3.650504,1.955573
42508,-3.123202,0.900969
42509,-3.623490,1.246980
42510,-1.934194,0.777479
42511,-2.272552,1.320914
42512,-3.692957,1.652478
42513,-3.484462,1.623490
42514,-2.872277,1.781812
42515,-3.911146,1.955573
42516,-3.088468,0.698220
42517,-1.760035,1.320914
42518,-0.538346,-1.889800
42519,-0.179571,1.191580
42520,-3.484462,1.623490
42521,-1.934194,0.777479
42522,-0.729953,0.093187
42523,-1.643120,1.191580
42524,-3.152379,1.955573
42525,-2.235810,0.730682
42526,-2.873202,0.400969
42527,-2.563163,1.030303
42528,-2.870469,2.000000
42529,-3.152379,1.955573
42530,-3.650504,1.955573
42531,-1.412671,0.730682
42532,-2.899457,1.449729
42533,-1.681370,1.030303
42534,-3.563623,1.781812
42535,-2.563163,1.030303
42536,-3.088468,0.698220
42537,-2.116349,-1.634021
42538,-2.374152,1.781812
42539,-0.140335,-0.147791
42540,-0.938334,-0.826239
42541,-2.371693,1.652478
42542,-2.644197,-0.445042
42543,-1.933731,0.900969
42544,-2.136480,0.698220
42545,-3.650504,1.955573
42546,-3.326140,1.781812
42547,-2.793116,1.623490
42548,-2.711958,1.074730
42549,-2.899457,1.449729
42550,-3.955573,1.911146
42551,-3.194833,1.652478
42552,0.275884,-0.147791
42553,-3.326140,1.781812
42554,-2.136480,0.698220
42555,-2.964384,1.191580
42556,-2.835050,1.320914
42557,-3.824265,1.781812
42558,-3.866718,2.000000
42559,-2.015156,0.455573
42560,-2.563163,1.030303
42561,-1.695108,1.579063
42562,-1.577747,-1.801938
42563,-1.574293,-1.721883
42564,-2.711958,1.074730
42565,-3.427775,0.988831
42566,-3.335148,1.191580
42567,-2.899457,1.449729
42568,-2.155959,-0.425270
42569,-1.550062,0.900969
42570,-2.717704,0.698220
42571,-2.256195,-0.445042
42572,-1.568917,-1.211352
42573,-1.683887,-1.977662
42574,-2.430339,0.123490
42575,-3.563623,1.781812
42576,-3.215828,0.698220
42577,-3.397582,1.449729
42578,-3.333174,1.320914
42579,-3.065499,1.781812
42580,-3.563623,1.781812
42581,-0.604474,-1.123490
42582,-0.260824,0.093187
42583,-3.123202,0.900969
42584,-3.478716,2.000000
42585,-3.822291,1.911146
42586,-3.326140,1.781812
42587,-2.872277,1.781812
42588,-3.065499,1.781812
42589,-3.478716,2.000000
42590,-3.335148,1.191580
42591,-3.563623,1.781812
42592,-3.824265,1.781812
42593,-3.490208,1.246980
42594,-2.383160,1.191580
42595,-0.860591,0.400969
42596,-3.158125,1.579063
42597,-3.822291,1.911146
42598,0.279355,-0.722521
42599,-3.152379,1.955573
42600,-3.955573,1.911146
42601,-3.051264,1.365341
42602,-3.281713,1.826239
42603,-2.272552,1.320914
42604,-2.553446,0.149460
42605,-3.563623,1.781812
42606,-1.466104,0.733052
42607,-2.892753,0.440071
42608,-2.337712,0.326239
42609,-3.434289,1.911146
42610,-2.837543,1.579063
42611,-3.281713,1.826239
42612,-3.051264,1.365341
42613,-2.526723,-0.425270
42614,-2.899457,1.449729
42615,-2.466259,1.191580
42616,-1.594507,0.222521
42617,-3.427775,0.988831
42618,-3.281713,1.826239
42619,-1.713557,-0.535628
42620,-3.824265,1.781812
42621,-2.302521,1.030303
42622,-2.899457,1.449729
42623,-3.152379,1.955573
42624,-2.541119,0.733052
42625,-3.779838,1.826239
42626,-3.528889,1.579063
42627,-3.528889,1.579063
42628,-1.648630,-0.277479
42629,-1.361599,-0.367711
42630,-3.866718,2.000000
42631,-3.824265,1.781812
42632,-3.694931,1.911146
42633,-2.563163,1.030303
42634,-2.163198,1.623490
42635,-3.281713,1.826239
42636,-2.466259,1.191580
42637,-3.333174,1.320914
42638,-2.964384,1.191580
42639,-3.484462,1.623490
42640,-2.184738,-0.367711
42641,-0.168606,-0.033258
42642,-2.669008,0.988831
42643,-3.095692,1.320914
42644,-3.158125,1.579063
42645,-3.246980,1.623490
42646,-3.324167,1.911146
42647,-2.374152,1.781812
42648,-2.844057,0.730682
42649,-3.911146,1.955573
42650,-3.335148,1.191580
42651,-3.563623,1.781812
42652,-2.261572,-0.955573
42653,-2.109756,0.123490
42654,-1.890808,-0.955573
42655,-3.824265,1.781812
42656,-3.397582,1.449729
42657,-2.563163,1.030303
42658,-3.658223,1.449729
42659,-3.281713,1.826239
42660,-3.528889,1.579063
42661,-2.696708,1.652478
42662,-3.462508,1.191580
42663,-2.302521,1.030303
42664,-2.540461,0.123490
42665,-3.528889,1.579063
42666,-1.420728,1.030303
42667,-3.650504,1.955573
42668,-1.524320,-0.914101
42669,-1.634892,-0.826239
42670,-1.845869,0.988831
42671,-3.650504,1.955573
42672,-3.692957,1.652478
42673,0.106511,0.011169
42674,-0.549693,-1.233052
42675,-2.572099,-0.722521
42676,-2.119812,-0.109562
42677,-0.831764,-0.535628
42678,-1.847313,0.603718
42679,-2.374152,1.781812
42680,-0.275975,0.123490
42681,-2.576901,1.579063
42682,-2.259209,0.777479
42683,-3.095692,1.320914
42684,-2.837543,1.579063
42685,-1.550062,0.900969
42686,-2.431855,0.900969
42687,-2.742943,1.911146
42688,0.016102,0.455573
42689,-2.311457,-0.722521
42690,-1.039708,-0.623490
42691,-3.658223,1.449729
42692,-2.641828,1.320914
42693,-3.563623,1.781812
42694,-3.326140,1.781812
42695,-2.136480,0.698220
42696,-2.540461,0.123490
42697,-2.837543,1.579063
42698,-0.544316,-0.722521
42699,-1.652210,-0.658322
42700,-3.824265,1.781812
42701,-3.822291,1.911146
42702,-3.246980,1.623490
42703,-3.652478,1.826239
42704,-3.911146,1.955573
42705,-1.132335,-0.826239
42706,-1.062213,-0.074730
42707,-3.215828,0.698220
42708,-2.493959,1.246980
42709,-3.215828,0.698220
42710,-3.335148,1.191580
42711,-2.706235,1.449729
42712,-1.550062,0.900969
42713,-2.311457,-0.722521
42714,-3.246980,1.623490
42715,-1.423694,-1.889800
42716,-2.793116,1.623490
42717,-3.167133,0.988831
42718,-2.259209,0.777479
42719,-1.303596,-1.488831
42720,-2.669008,0.988831
42721,-3.822291,1.911146
42722,-3.563623,1.781812
42723,-2.826042,1.911146
42724,-4.000000,2.000000
42725,-3.335148,1.191580
42726,-3.652478,1.826239
42727,-1.588247,1.365341
42728,-0.810020,1.191580
42729,-3.650504,1.955573
42730,-3.335148,1.191580
42731,-0.787833,-0.623490
42732,-3.397582,1.449729
42733,-3.123202,0.900969
42734,-3.152379,1.955573
42735,-2.696708,1.652478
42736,-3.152379,1.955573
42737,-1.323809,0.455573
42738,-3.528889,1.579063
42739,-3.281713,1.826239
42740,-3.333174,1.320914
42741,-2.964384,1.191580
42742,-3.658223,1.449729
42743,-2.038874,-1.400969
42744,-3.779838,1.826239
42745,-3.779838,1.826239
42746,-3.268248,1.579063
42747,-2.670453,0.603718
42748,-2.100697,-0.147791
42749,-2.870469,2.000000
42750,-2.899457,1.449729
42751,-2.964384,1.191580
42752,-2.793116,1.623490
42753,-3.692957,1.652478
42754,-2.711958,1.074730
42755,-1.978621,0.733052
42756,-1.551012,1.781812
42757,-1.169803,1.911146
42758,-1.550062,0.900969
42759,-3.694931,1.911146
42760,-3.326140,1.781812
42761,-2.635719,0.400969
42762,-2.136480,0.698220
42763,-2.336959,1.449729
42764,-3.088468,0.698220
42765,-1.873490,-1.123490
42766,-3.478716,2.000000
42767,-3.824265,1.781812
42768,-3.652478,1.826239
42769,-3.484462,1.623490
42770,-3.656250,1.579063
42771,-3.167133,0.988831
42772,-1.988459,-1.889800
42773,-0.666236,-1.634021
42774,-3.563623,1.781812
42775,-1.824442,1.449729
42776,-1.933731,0.900969
42777,-3.528889,1.579063
42778,-3.911146,1.955573
42779,-3.434289,1.911146
42780,-2.885719,0.900969
42781,-1.933731,0.900969
42782,-2.410859,1.246980
42783,-3.462508,1.191580
42784,-3.051264,1.365341
42785,-0.241532,0.054604
42786,0.023853,0.440071
42787,-2.892753,0.440071
42788,-3.326140,1.781812
42789,-3.652478,1.826239
42790,-2.883745,1.030303
42791,-3.095692,1.320914
42792,-3.656250,1.579063
42793,-2.885719,0.900969
42794,-1.207436,0.603718
42795,-3.158125,1.579063
42796,-3.563623,1.781812
42797,-1.858780,0.142820
42798,-2.116349,-1.634021
42799,-3.484462,1.623490
42800,-2.885719,0.900969
42801,-3.215828,0.698220
42802,-3.658223,1.449729
42803,-2.700489,1.826239
42804,-1.977662,0.988831
42805,-2.899457,1.449729
42806,-1.928302,-1.488831
42807,-1.878417,-1.721883
42808,-1.858780,0.142820
42809,-2.844057,0.730682
42810,-3.304955,1.652478
42811,-3.484462,1.623490
42812,-3.822291,1.911146
42813,-2.256195,-0.445042
42814,-3.123202,0.900969
42815,-3.158125,1.579063
42816,-3.427775,0.988831
42817,-3.652478,1.826239
42818,-3.911146,1.955573
42819,-3.215828,0.698220
42820,-3.658223,1.449729
42821,-2.208111,1.449729
42822,-3.658223,1.449729
42823,-3.158125,1.579063
42824,-3.158125,1.579063
42825,-2.706235,1.449729
42826,-3.158125,1.579063
42827,-3.822291,1.911146
42828,-2.493959,1.246980
42829,1.342340,1.781812
42830,0.320225,0.455573
42831,-2.011910,1.320914
42832,-2.700489,1.826239
42833,-3.326140,1.781812
42834,-3.335148,1.191580
42835,-2.941449,0.149460
42836,-2.598822,-0.147791
42837,-2.316833,-1.233052
42838,-3.826239,1.652478
42839,-2.116349,-1.634021
42840,-1.357582,-1.634021
42841,-1.592048,0.093187
42842,-3.824265,1.781812
42843,-2.015156,0.455573
42844,-1.713557,-0.535628
42845,-1.760035,1.320914
42846,-3.158125,1.579063
42847,-3.822291,1.911146
42848,-1.461364,0.730682
42849,-2.635719,0.400969
42850,-2.394628,0.440071
42851,-3.826239,1.652478
42852,-1.179763,1.911146
42853,-2.374152,1.781812
42854,-1.170844,-1.233052
42855,0.833786,1.074730
42856,-3.650504,1.955573
42857,-2.259209,0.777479
42858,-3.528889,1.579063
42859,-2.938128,0.142820
42860,-3.650504,1.955573
42861,-3.528889,1.579063
42862,-0.787833,-0.623490
42863,-1.233709,-0.623490
42864,-2.742943,1.911146
42865,-2.563163,1.030303
42866,-1.647948,-0.445042
42867,-0.576416,-0.658322
42868,-3.623490,1.246980
42869,-2.964384,1.191580
42870,-1.845869,0.988831
42871,-2.184738,-0.367711
42872,-2.837543,1.579063
42873,-3.911146,1.955573
42874,-3.694931,1.911146
42875,-3.824265,1.781812
42876,-3.779838,1.826239
42877,-1.928302,-1.488831
42878,-1.006419,-1.211352
42879,-3.563623,1.781812
42880,-1.731816,1.652478
42881,-3.656250,1.579063
42882,-3.246980,1.623490
42883,-2.793116,1.623490
42884,-2.899457,1.449729
42885,-3.427775,0.988831
42886,-0.938334,-0.826239
42887,-2.859464,-0.147791
42888,-3.158125,1.579063
42889,-3.335148,1.191580
42890,-1.922262,1.652478
42891,-3.335148,1.191580
42892,-3.152379,1.955573
42893,-1.845869,0.988831
42894,-3.652478,1.826239
42895,-2.493959,1.246980
42896,-2.859464,-0.147791
42897,-3.397582,1.449729
42898,-3.822291,1.911146
42899,-1.413419,-0.914101
42900,-2.670453,0.603718
42901,-3.427775,0.988831
42902,-3.397582,1.449729
42903,-3.779838,1.826239
42904,-3.051264,1.365341
42905,-3.281713,1.826239
42906,-3.074730,0.149460
42907,-2.835050,1.320914
42908,-3.528889,1.579063
42909,-2.885719,0.900969
42910,-1.574735,-0.425270
42911,-0.237965,1.579063
42912,-2.964384,1.191580
42913,-2.576901,1.579063
42914,-2.563163,1.030303
42915,-0.576416,-0.658322
42916,-1.198511,1.030303
42917,-2.518736,1.074730
42918,-1.207436,0.603718
42919,-2.706235,1.449729
42920,-1.300576,-0.365341
42921,-3.462508,1.191580
42922,-2.141244,1.191580
42923,-0.983709,-1.123490
42924,-0.088164,0.142820
42925,-0.911146,0.455573
42926,-1.978716,-1.000000
42927,-2.872277,1.781812
42928,-2.500000,-1.000000
42929,-3.268248,1.579063
42930,-3.694931,1.911146
42931,-3.065499,1.781812
42932,-2.964384,1.191580
42933,-3.281713,1.826239
42934,-3.824265,1.781812
42935,-3.397582,1.449729
42936,-2.892753,0.440071
42937,-2.711958,1.074730
42938,-3.434289,1.911146
42939,-3.434289,1.911146
42940,-2.899457,1.449729
42941,-2.541119,0.733052
42942,-3.563623,1.781812
42943,-3.065499,1.781812
42944,-2.371693,1.652478
42945,-2.563163,1.030303
42946,-3.866718,2.000000
42947,-3.152379,1.955573
42948,-3.650504,1.955573
42949,-2.870469,2.000000
42950,-3.397582,1.449729
42951,-2.892753,0.440071
42952,-3.194833,1.652478
42953,-3.326140,1.781812
42954,-3.153395,0.440071
42955,-2.572099,-0.722521
42956,-2.371693,1.652478
42957,-3.246980,1.623490
42958,-2.993868,1.030303
42959,-1.703282,0.440071
42960,-1.760035,1.320914
42961,-2.259209,0.777479
42962,-3.563623,1.781812
42963,-1.855707,-1.634021
42964,-3.652478,1.826239
42965,-2.367905,-0.134659
42966,-1.423694,-1.889800
42967,-3.158125,1.579063
42968,-2.810768,0.142820
42969,-3.658223,1.449729
42970,-3.822291,1.911146
42971,-2.605388,-0.134659
42972,-3.658223,1.449729
42973,-1.945199,0.149460
42974,-3.158125,1.579063
42975,-3.822291,1.911146
42976,-1.244415,0.988831
42977,-3.153395,0.440071
42978,-3.478716,2.000000
42979,-3.153395,0.440071
42980,-3.304955,1.652478
42981,-2.899457,1.449729
42982,-3.652478,1.826239
42983,-2.810768,0.142820
42984,-2.060606,1.030303
42985,-3.335148,1.191580
42986,-3.397582,1.449729
42987,-3.911146,1.955573
42988,-3.153395,0.440071
42989,-1.652210,-0.658322
42990,-3.326140,1.781812
42991,-3.427775,0.988831
42992,-3.167133,0.988831
42993,-2.316833,-1.233052
42994,-2.598822,-0.147791
42995,-2.711958,1.074730
42996,-3.478716,2.000000
42997,-1.801938,0.900969
42998,-2.872277,1.781812
42999,-3.822291,1.911146
43000,-1.858780,0.142820
43001,-2.343556,-0.658322
43002,-2.777479,-0.445042
43003,-2.176109,0.777479
43004,-3.563623,1.781812
43005,-2.717704,0.698220
43006,-3.822291,1.911146
43007,-2.383160,1.191580
43008,-2.874250,1.652478
43009,-2.717704,0.698220
43010,-1.207436,0.603718
43011,-2.430339,0.123490
43012,-2.964384,1.191580
43013,-3.051264,1.365341
43014,-1.934194,0.777479
43015,-2.870469,2.000000
43016,-3.268248,1.579063
43017,-3.153395,0.440071
43018,-0.718169,-0.658322
43019,-1.406715,-0.277479
43020,-2.144490,0.326239
43021,-2.336959,1.449729
43022,-3.563623,1.781812
43023,-3.652478,1.826239
43024,-3.563623,1.781812
43025,-1.461364,0.730682
43026,-2.116349,-1.634021
43027,-1.668109,-1.400969
43028,-2.654083,-0.425270
43029,-3.650504,1.955573
43030,-2.717704,0.698220
43031,-1.406715,-0.277479
43032,-1.734301,-1.488831
43033,-1.988459,-1.889800
43034,-1.551938,0.400969
43035,-3.650504,1.955573
43036,-3.658223,1.449729
43037,-3.484462,1.623490
43038,-3.563623,1.781812
43039,-0.151111,-0.365341
43040,-1.734301,-1.488831
43041,-1.762918,-1.211352
43042,-3.268248,1.579063
43043,-3.779838,1.826239
43044,-1.445881,-0.074730
43045,-2.367905,-0.134659
43046,-1.773241,0.455573
43047,-1.945199,0.149460
43048,-1.855707,-1.634021
43049,-1.668109,-1.400969
43050,-3.153395,0.440071
43051,-3.652478,1.826239
43052,-3.911146,1.955573
43053,-2.883745,1.030303
43054,-3.427775,0.988831
43055,-3.326140,1.781812
43056,-2.374152,1.781812
43057,-3.246980,1.623490
43058,-3.478716,2.000000
43059,-3.153395,0.440071
43060,0.096577,1.781812
43061,-1.524320,-0.914101
43062,-2.272552,1.320914
43063,-1.731816,1.652478
43064,-0.686458,-0.826239
43065,-0.709168,-0.914101
43066,1.348354,-0.826239
43067,-0.111339,-0.147791
43068,-0.195042,-0.277479
43069,-3.650504,1.955573
43070,-0.916907,-0.365341
43071,-0.186825,-0.074730
43072,-2.872277,1.781812
43073,-1.661706,-1.634021
43074,-1.080402,-1.801938
43075,-2.110972,-1.123490
43076,-1.717979,0.733052
43077,-0.109208,0.054604
43078,-2.941449,0.149460
43079,-3.095692,1.320914
43080,-3.304955,1.652478
43081,-3.397582,1.449729
43082,-3.824265,1.781812
43083,-3.246980,1.623490
43084,-3.563623,1.781812
43085,-3.652478,1.826239
43086,-3.095692,1.320914
43087,-1.406715,-0.277479
43088,-2.166234,-1.400969
43089,-1.231001,-1.634021
43090,-2.572099,-0.722521
43091,0.331531,0.440071
43092,-0.735570,1.191580
43093,-3.427775,0.988831
43094,-2.717704,0.698220
43095,-1.836861,1.579063
43096,-2.493959,1.246980
43097,-1.845869,0.988831
43098,-2.261572,-0.955573
43099,-3.153395,0.440071
43100,-3.490208,1.246980
43101,-2.056191,-1.233052
43102,-2.605388,-0.134659
43103,-3.427775,0.988831
43104,-2.883745,1.030303
43105,-3.215828,0.698220
43106,-3.563623,1.781812
43107,-2.641828,1.320914
43108,-3.397582,1.449729
43109,-3.304955,1.652478
43110,-3.333174,1.320914
43111,-2.541119,0.733052
43112,-2.383160,1.191580
43113,-2.899457,1.449729
43114,-3.304955,1.652478
43115,-3.335148,1.191580
43116,-3.158125,1.579063
43117,-2.899457,1.449729
43118,-3.911146,1.955573
43119,-2.706235,1.449729
43120,-3.563623,1.781812
43121,-3.652478,1.826239
43122,-3.158125,1.579063
43123,-3.397582,1.449729
43124,-3.656250,1.579063
43125,-3.324167,1.911146
43126,-3.652478,1.826239
43127,-3.490208,1.246980
43128,-2.872277,1.781812
43129,-2.641828,1.320914
43130,-3.658223,1.449729
43131,-3.065499,1.781812
43132,-3.563623,1.781812
43133,-3.478716,2.000000
43134,-3.324167,1.911146
43135,-2.793116,1.623490
43136,-3.484462,1.623490
43137,-2.572099,-0.722521
43138,-3.650504,1.955573
43139,-3.490208,1.246980
43140,-2.635719,0.400969
43141,-4.000000,2.000000
43142,-3.246980,1.623490
43143,-2.810768,0.142820
43144,-2.780575,0.603718
43145,-3.246980,1.623490
43146,-3.822291,1.911146
43147,-3.215828,0.698220
43148,-3.652478,1.826239
43149,-2.060606,1.030303
43150,-2.334986,1.579063
43151,-3.123202,0.900969
43152,-0.298920,0.149460
43153,-2.711958,1.074730
43154,-2.873202,0.400969
43155,-1.396440,0.698220
43156,-2.272552,1.320914
43157,-3.215828,0.698220
43158,-1.225625,-1.123490
43159,-2.141244,1.191580
43160,-3.281713,1.826239
43161,-3.563623,1.781812
43162,-2.347897,0.733052
43163,-3.333174,1.320914
43164,-3.246980,1.623490
43165,-2.859464,-0.147791
43166,-2.228125,1.365341
43167,-1.681370,1.030303
43168,-3.268248,1.579063
43169,-2.374152,1.781812
43170,-3.563623,1.781812
43171,-1.394005,0.455573
43172,-1.557314,-0.109562
43173,-1.813332,-0.722521
43174,-2.598822,-0.147791
43175,-1.314088,-0.074730
43176,-2.208111,1.449729
43177,-1.873490,-1.123490
43178,-0.834695,-0.425270
43179,-2.394628,0.440071
43180,-2.793116,1.623490
43181,-2.605388,-0.134659
43182,-2.100697,-0.147791
43183,-1.977662,0.988831
43184,-2.141244,1.191580
43185,-2.540461,0.123490
43186,-2.993868,1.030303
43187,-3.866718,2.000000
43188,-2.136480,0.698220
43189,-0.373022,1.074730
43190,-3.065499,1.781812
43191,-3.563623,1.781812
43192,-2.899457,1.449729
43193,-3.528889,1.579063
43194,-3.650504,1.955573
43195,-2.892753,0.440071
43196,-1.051938,0.900969
43197,0.489821,0.123490
43198,-1.762918,-1.211352
43199,-3.911146,1.955573
43200,-1.637893,1.955573
43201,-0.966034,-0.162592
43202,-2.051596,1.911146
43203,-3.658223,1.449729
43204,-2.302521,1.030303
43205,-3.824265,1.781812
43206,-3.153395,0.440071
43207,-0.823226,0.326239
43208,-2.347897,0.733052
43209,-2.899457,1.449729
43210,-1.921819,-1.889800
43211,-2.116349,-1.634021
43212,1.739358,-1.000000
43213,-0.787833,-0.623490
43214,-2.810768,0.142820
43215,-2.261572,-0.955573
43216,-3.123202,0.900969
43217,-3.658223,1.449729
43218,-1.137418,-1.466104
43219,-3.650504,1.955573
43220,-2.576901,1.579063
43221,-1.557314,-0.109562
43222,-2.343556,-0.658322
43223,-3.650504,1.955573
43224,-3.268248,1.579063
43225,-3.563623,1.781812
43226,-3.911146,1.955573
43227,-2.835050,1.320914
43228,-3.658223,1.449729
43229,-3.333174,1.320914
43230,-3.268248,1.579063
43231,-3.232059,0.730682
43232,-3.123202,0.900969
43233,-3.167133,0.988831
43234,-2.208111,1.449729
43235,-3.246980,1.623490
43236,-3.268248,1.579063
43237,-3.911146,1.955573
43238,-2.563163,1.030303
43239,-1.926590,-0.109562
43240,-1.118740,0.142820
43241,-1.977662,0.988831
43242,0.325184,-0.162592
43243,0.775361,1.191580
43244,-1.648630,-0.277479
43245,-2.163198,1.623490
43246,-2.635719,0.400969
43247,-2.166234,-1.400969
43248,-2.810768,0.142820
43249,-3.324167,1.911146
43250,-2.777479,-0.445042
43251,-2.106074,-0.658322
43252,-1.794458,-1.889800
43253,-3.462508,1.191580
43254,-1.003761,1.579063
43255,-3.095692,1.320914
43256,-1.551012,1.781812
43257,-2.051596,1.911146
43258,-1.072099,0.777479
43259,-2.110972,-1.123490
43260,-0.787833,-0.623490
43261,-3.563623,1.781812
43262,-1.637893,1.955573
43263,-1.349578,0.500000
43264,-2.810768,0.142820
43265,-3.123202,0.900969
43266,-3.158125,1.579063
43267,-2.835050,1.320914
43268,-3.304955,1.652478
43269,-0.211190,0.142820
43270,-2.635719,0.400969
43271,-1.690819,-1.488831
43272,-3.824265,1.781812
43273,-3.215828,0.698220
43274,-3.215828,0.698220
43275,-3.304955,1.652478
43276,-3.427775,0.988831
43277,-3.652478,1.826239
43278,-3.478716,2.000000
43279,-1.652210,-0.658322
43280,-2.256195,-0.445042
43281,-3.822291,1.911146
43282,-3.304955,1.652478
43283,-3.324167,1.911146
43284,-3.335148,1.191580
43285,-3.215828,0.698220
43286,-2.835050,1.320914
43287,-2.060606,1.030303
43288,-3.158125,1.579063
43289,-2.038874,-1.400969
43290,-1.890808,-0.955573
43291,0.027479,0.777479
43292,-2.383160,1.191580
43293,-2.343556,-0.658322
43294,-2.430339,0.123490
43295,-2.163198,1.623490
43296,-3.335148,1.191580
43297,-3.822291,1.911146
43298,-3.484462,1.623490
43299,-2.883745,1.030303
43300,-2.706235,1.449729
43301,-3.167133,0.988831
43302,-1.801938,0.900969
43303,-3.215828,0.698220
43304,-3.822291,1.911146
43305,-3.652478,1.826239
43306,-3.304955,1.652478
43307,-2.730682,1.365341
43308,-3.335148,1.191580
43309,-2.780575,0.603718
43310,-1.039051,0.266948
43311,0.437420,0.400969
43312,-3.427775,0.988831
43313,-3.102206,1.246980
43314,-3.232059,0.730682
43315,-2.892753,0.440071
43316,-3.246980,1.623490
43317,-3.866718,2.000000
43318,-3.088468,0.698220
43319,-2.051596,1.911146
43320,-2.873202,0.400969
43321,-3.623490,1.246980
43322,-1.914041,-0.134659
43323,-0.669220,1.781812
43324,-1.361599,-0.367711
43325,-3.779838,1.826239
43326,-3.694931,1.911146
43327,-3.462508,1.191580
43328,-3.692957,1.652478
43329,-2.892753,0.440071
43330,-2.431855,0.900969
43331,-2.837543,1.579063
43332,-3.911146,1.955573
43333,-1.254687,0.698220
43334,-1.466104,0.733052
43335,-2.388932,-0.955573
43336,-1.771749,-1.801938
43337,-2.166234,-1.400969
43338,-2.883745,1.030303
43339,-1.703282,0.440071
43340,-2.892753,0.440071
43341,-3.397582,1.449729
43342,-4.000000,2.000000
43343,-2.883745,1.030303
43344,-2.700489,1.826239
43345,-2.669008,0.988831
43346,-3.158125,1.579063
43347,-2.493959,1.246980
43348,-2.717704,0.698220
43349,-2.873202,0.400969
43350,-2.711958,1.074730
43351,-1.878417,-1.721883
43352,-1.988459,-1.889800
43353,-3.167133,0.988831
43354,-3.779838,1.826239
43355,-3.427775,0.988831
43356,-3.088468,0.698220
43357,-2.964384,1.191580
43358,-3.650504,1.955573
43359,-3.824265,1.781812
43360,-2.100697,-0.147791
43361,-2.431855,0.900969
43362,-3.694931,1.911146
43363,-2.872277,1.781812
43364,-3.779838,1.826239
43365,-3.152379,1.955573
43366,-2.302521,1.030303
43367,-1.534266,-1.801938
43368,0.175093,0.093187
43369,-3.652478,1.826239
43370,-3.824265,1.781812
43371,-2.793116,1.623490
43372,-1.396440,0.698220
43373,-3.335148,1.191580
43374,-2.056191,-1.233052
43375,-1.253943,-1.233052
43376,-0.584824,-0.033258
43377,-3.484462,1.623490
43378,-3.528889,1.579063
43379,-2.837543,1.579063
43380,-3.650504,1.955573
43381,-2.311457,-0.722521
43382,-1.168783,-0.365341
43383,-3.304955,1.652478
43384,-0.702281,0.603718
43385,-3.824265,1.781812
43386,0.685235,0.500000
43387,-4.000000,2.000000
43388,-2.430339,0.123490
43389,-3.158125,1.579063
43390,-3.304955,1.652478
43391,-3.397582,1.449729
43392,-3.397582,1.449729
43393,-2.461033,1.955573
43394,-0.151626,1.579063
43395,-3.427775,0.988831
43396,-3.326140,1.781812
43397,-3.095692,1.320914
43398,-3.563623,1.781812
43399,-3.822291,1.911146
43400,-2.700489,1.826239
43401,-3.826239,1.652478
43402,-2.872277,1.781812
43403,-2.706235,1.449729
43404,-2.835050,1.320914
43405,-3.824265,1.781812
43406,-2.337712,0.326239
43407,-1.466104,0.733052
43408,-2.780575,0.603718
43409,-2.005777,-1.721883
43410,-1.637893,1.955573
43411,-2.938128,0.142820
43412,-3.911146,1.955573
43413,-2.015156,0.455573
43414,-3.779838,1.826239
43415,-3.427775,0.988831
43416,-2.163198,1.623490
43417,-2.899457,1.449729
43418,-0.275975,0.123490
43419,-2.644197,-0.445042
43420,-2.993868,1.030303
43421,-1.977662,0.988831
43422,-3.658223,1.449729
43423,-3.051264,1.365341
43424,-3.563623,1.781812
43425,-2.388932,-0.955573
43426,-1.214222,1.449729
43427,-2.316833,-1.233052
43428,-3.167133,0.988831
43429,-2.810768,0.142820
43430,-2.669008,0.988831
43431,-2.872277,1.781812
43432,-3.650504,1.955573
43433,-2.730682,1.365341
43434,-3.652478,1.826239
43435,-3.652478,1.826239
43436,-3.397582,1.449729
43437,-3.167133,0.988831
43438,-3.652478,1.826239
43439,-2.334986,1.579063
43440,-3.824265,1.781812
43441,-2.208111,1.449729
43442,-2.493959,1.246980
43443,-3.563623,1.781812
43444,-2.518736,1.074730
43445,-2.669008,0.988831
43446,-1.306849,1.246980
43447,-3.652478,1.826239
43448,-3.335148,1.191580
43449,-2.883745,1.030303
43450,-1.977662,0.988831
43451,-2.892753,0.440071
43452,-3.484462,1.623490
43453,-2.641828,1.320914
43454,-3.167133,0.988831
43455,-2.730682,1.365341
43456,-3.397582,1.449729
43457,-3.563623,1.781812
43458,-1.349578,0.500000
43459,-2.302521,1.030303
43460,-2.964384,1.191580
43461,-1.303596,-1.488831
43462,-2.343556,-0.658322
43463,-2.466259,1.191580
43464,-3.824265,1.781812
43465,-1.960449,1.826239
43466,-3.694931,1.911146
43467,-2.885719,0.900969
43468,-3.102206,1.246980
43469,-2.563163,1.030303
43470,-2.038874,-1.400969
43471,-1.928302,-1.488831
43472,-1.039708,-0.623490
43473,-1.717979,0.733052
43474,-3.911146,1.955573
43475,-3.095692,1.320914
43476,-3.335148,1.191580
43477,-3.911146,1.955573
43478,-2.730682,1.365341
43479,-1.396440,0.698220
43480,-3.484462,1.623490
43481,-3.095692,1.320914
43482,-3.335148,1.191580
43483,-2.272552,1.320914
43484,-2.874250,1.652478
43485,-1.762008,1.191580
43486,-3.911146,1.955573
43487,-3.158125,1.579063
43488,-3.822291,1.911146
43489,-3.652478,1.826239
43490,-3.324167,1.911146
43491,-2.730682,1.365341
43492,-2.793116,1.623490
43493,-2.347897,0.733052
43494,-2.874250,1.652478
43495,-3.652478,1.826239
43496,-2.334986,1.579063
43497,-1.978621,0.733052
43498,-1.284124,-0.134659
43499,-0.974766,1.579063
43500,-3.335148,1.191580
43501,-2.155959,-0.425270
43502,-1.557314,-0.109562
43503,-2.038874,-1.400969
43504,-3.692957,1.652478
43505,-3.692957,1.652478
43506,-3.051264,1.365341
43507,-2.641828,1.320914
43508,-3.866718,2.000000
43509,-3.074730,0.149460
43510,-3.692957,1.652478
43511,-2.892753,0.440071
43512,-2.964384,1.191580
43513,-2.302521,1.030303
43514,-3.528889,1.579063
43515,-1.717542,-0.914101
43516,-3.650504,1.955573
43517,-2.576901,1.579063
43518,-2.141244,1.191580
43519,-2.466259,1.191580
43520,-2.540461,0.123490
43521,-1.873040,-1.211352
43522,-0.880142,0.440071
43523,-2.964384,1.191580
43524,-2.669008,0.988831
43525,-3.246980,1.623490
43526,-3.824265,1.781812
43527,-3.484462,1.623490
43528,-2.440004,0.142820
43529,-3.123202,0.900969
43530,-1.323809,0.455573
43531,-3.658223,1.449729
43532,-3.268248,1.579063
43533,-3.088468,0.698220
43534,-1.695108,1.579063
43535,-2.938128,0.142820
43536,-1.877888,-1.977662
43537,-2.859464,-0.147791
43538,-1.873490,-1.123490
43539,-1.550062,0.900969
43540,-2.106074,-0.658322
43541,-1.760035,1.320914
43542,-2.872277,1.781812
43543,-2.440004,0.142820
43544,-2.184738,-0.367711
43545,-0.492457,-0.826239
43546,-2.388932,-0.955573
43547,-3.268248,1.579063
43548,-3.397582,1.449729
43549,-0.602063,-0.162592
43550,-3.158125,1.579063
43551,-2.176109,0.777479
43552,-2.337712,0.326239
43553,-3.333174,1.320914
43554,-1.955475,-0.826239
43555,-3.824265,1.781812
43556,-2.730682,1.365341
43557,-2.730682,1.365341
43558,-2.316833,-1.233052
43559,-1.703282,0.440071
43560,-2.302521,1.030303
43561,-1.594507,0.222521
43562,-2.885719,0.900969
43563,-3.650504,1.955573
43564,-2.706235,1.449729
43565,-3.281713,1.826239
43566,-2.835050,1.320914
43567,-2.964384,1.191580
43568,-2.938128,0.142820
43569,-3.528889,1.579063
43570,-3.650504,1.955573
43571,-2.644197,-0.445042
43572,-2.605388,-0.134659
43573,-3.822291,1.911146
43574,-3.490208,1.246980
43575,-1.977662,0.988831
43576,-3.652478,1.826239
43577,-1.977662,0.988831
43578,-3.656250,1.579063
43579,-3.427775,0.988831
43580,-3.563623,1.781812
43581,-0.011858,0.123490
43582,-2.826042,1.911146
43583,-3.484462,1.623490
43584,-3.652478,1.826239
43585,-2.641828,1.320914
43586,-3.478716,2.000000
43587,-2.810768,0.142820
43588,-2.110972,-1.123490
43589,-3.333174,1.320914
43590,-1.594507,0.222521
43591,-0.600619,0.222521
43592,-2.430339,0.123490
43593,-0.834695,-0.425270
43594,-0.544316,-0.722521
43595,-2.259209,0.777479
43596,-3.095692,1.320914
43597,-3.051264,1.365341
43598,-3.232059,0.730682
43599,-3.528889,1.579063
43600,-3.528889,1.579063
43601,-2.526723,-0.425270
43602,-3.563623,1.781812
43603,-3.281713,1.826239
43604,-3.650504,1.955573
43605,-3.051264,1.365341
43606,-1.695108,1.579063
43607,-3.427775,0.988831
43608,-3.694931,1.911146
43609,-2.141244,1.191580
43610,-3.246980,1.623490
43611,-1.824442,1.449729
43612,-3.152379,1.955573
43613,-2.793116,1.623490
43614,-2.110972,-1.123490
43615,-2.272552,1.320914
43616,-3.955573,1.911146
43617,-2.872277,1.781812
43618,-2.670453,0.603718
43619,0.130578,0.142820
43620,-0.221544,-0.535628
43621,-2.635719,0.400969
43622,-3.427775,0.988831
43623,-0.207271,1.246980
43624,-0.434577,-0.109562
43625,-1.773241,0.455573
43626,-2.144490,0.326239
43627,-2.883745,1.030303
43628,-2.780575,0.603718
43629,-2.347897,0.733052
43630,-2.394628,0.440071
43631,-1.858780,0.142820
43632,-0.866720,-1.233052
43633,-2.810768,0.142820
43634,-2.780575,0.603718
43635,-2.717704,0.698220
43636,-1.762008,1.191580
43637,-2.873202,0.400969
43638,-3.822291,1.911146
43639,-3.326140,1.781812
43640,-3.158125,1.579063
43641,-2.899457,1.449729
43642,-3.333174,1.320914
43643,-3.153395,0.440071
43644,-1.773241,0.455573
43645,-2.872277,1.781812
43646,-3.246980,1.623490
43647,-1.551012,1.781812
43648,-3.826239,1.652478
43649,-2.349870,0.603718
43650,-2.730682,1.365341
43651,-3.563623,1.781812
43652,-1.690819,-1.488831
43653,-2.116349,-1.634021
43654,-1.005460,-0.955573
43655,-2.635719,0.400969
43656,-3.826239,1.652478
43657,-2.168944,1.246980
43658,-3.158125,1.579063
43659,-2.572099,-0.722521
43660,-2.096023,2.000000
43661,-2.780575,0.603718
43662,-3.911146,1.955573
43663,-1.005460,-0.955573
43664,-3.232059,0.730682
43665,-3.065499,1.781812
43666,-1.409351,-0.147791
43667,-3.658223,1.449729
43668,-3.692957,1.652478
43669,-3.563623,1.781812
43670,-2.576901,1.579063
43671,-3.692957,1.652478
43672,-2.144490,0.326239
43673,-3.153395,0.440071
43674,-2.136480,0.698220
43675,-2.899457,1.449729
43676,-3.650504,1.955573
43677,-2.793116,1.623490
43678,-2.349870,0.603718
43679,-2.385621,1.030303
43680,-2.669008,0.988831
43681,-0.151626,1.579063
43682,-2.874250,1.652478
43683,-2.641828,1.320914
43684,-2.572099,-0.722521
43685,-3.152379,1.955573
43686,-3.153395,0.440071
43687,-2.730682,1.365341
43688,-3.652478,1.826239
43689,-3.650504,1.955573
43690,-3.304955,1.652478
43691,-3.246980,1.623490
43692,-2.873202,0.400969
43693,-3.490208,1.246980
43694,-3.652478,1.826239
43695,-3.563623,1.781812
43696,-2.941449,0.149460
43697,-3.333174,1.320914
43698,-2.383160,1.191580
43699,-1.551012,1.781812
43700,-1.965750,-1.801938
43701,-3.397582,1.449729
43702,-3.824265,1.781812
43703,-3.246980,1.623490
43704,-2.098256,0.455573
43705,-3.333174,1.320914
43706,-2.706235,1.449729
43707,-1.179763,1.911146
43708,-3.824265,1.781812
43709,-3.650504,1.955573
43710,-1.858780,0.142820
43711,-3.824265,1.781812
43712,-3.478716,2.000000
43713,-3.563623,1.781812
43714,-3.333174,1.320914
43715,-2.374152,1.781812
43716,-0.317668,1.911146
43717,-3.123202,0.900969
43718,-2.176109,0.777479
43719,-1.396440,0.698220
43720,-2.176109,0.777479
43721,-3.215828,0.698220
43722,-2.541119,0.733052
43723,-1.794458,-1.889800
43724,-1.155045,-0.914101
43725,-2.430339,0.123490
43726,-3.824265,1.781812
43727,-3.824265,1.781812
43728,-3.365341,0.730682
43729,-3.822291,1.911146
43730,-3.158125,1.579063
43731,-3.563623,1.781812
43732,-3.158125,1.579063
43733,-2.885719,0.900969
43734,-0.880142,0.440071
43735,2.014396,-0.658322
43736,-0.490512,-1.721883
43737,-2.844057,0.730682
43738,-3.427775,0.988831
43739,-3.478716,2.000000
43740,-2.430339,0.123490
43741,-2.883745,1.030303
43742,-3.304955,1.652478
43743,-3.427775,0.988831
43744,-3.652478,1.826239
43745,-1.928302,-1.488831
43746,-2.099031,-1.801938
43747,-3.051264,1.365341
43748,-2.837543,1.579063
43749,-3.623490,1.246980
43750,-2.899457,1.449729
43751,-2.466259,1.191580
43752,-3.281713,1.826239
43753,-3.528889,1.579063
43754,-3.528889,1.579063
43755,-2.540461,0.123490
43756,-2.870469,2.000000
43757,-3.397582,1.449729
43758,-1.965750,-1.801938
43759,-3.123202,0.900969
43760,-3.563623,1.781812
43761,-3.650504,1.955573
43762,-3.427775,0.988831
43763,-3.324167,1.911146
43764,-2.717704,0.698220
43765,-1.945199,0.149460
43766,-3.065499,1.781812
43767,-1.524320,-0.914101
43768,-3.158125,1.579063
43769,-3.656250,1.579063
43770,-2.810768,0.142820
43771,-3.326140,1.781812
43772,-1.977662,0.988831
43773,-2.641828,1.320914
43774,-2.826042,1.911146
43775,-2.835050,1.320914
43776,-2.826042,1.911146
43777,-3.158125,1.579063
43778,-2.430339,0.123490
43779,-2.385621,1.030303
43780,-3.246980,1.623490
43781,-3.478716,2.000000
43782,-2.430339,0.123490
43783,-3.824265,1.781812
43784,-2.874250,1.652478
43785,-3.153395,0.440071
43786,-2.256195,-0.445042
43787,-2.119812,-0.109562
43788,-3.167133,0.988831
43789,-2.777479,-0.445042
43790,-3.658223,1.449729
43791,-2.367905,-0.134659
43792,-3.333174,1.320914
43793,-3.911146,1.955573
43794,-3.692957,1.652478
43795,-2.670453,0.603718
43796,-2.669008,0.988831
43797,-3.333174,1.320914
43798,-2.576901,1.579063
43799,-0.578811,-0.162592
43800,-3.194833,1.652478
43801,-3.779838,1.826239
43802,-3.051264,1.365341
43803,-1.492359,1.781812
43804,-3.779838,1.826239
43805,-2.337712,0.326239
43806,-2.892753,0.440071
43807,-3.658223,1.449729
43808,-3.484462,1.623490
43809,-1.978621,0.733052
43810,-3.779838,1.826239
43811,-3.955573,1.911146
43812,-3.650504,1.955573
43813,-2.899457,1.449729
43814,-3.484462,1.623490
43815,-3.528889,1.579063
43816,-3.123202,0.900969
43817,-3.123202,0.900969
43818,-1.361599,-0.367711
43819,-2.859464,-0.147791
43820,-2.835050,1.320914
43821,-3.694931,1.911146
43822,-3.333174,1.320914
43823,-3.484462,1.623490
43824,-3.824265,1.781812
43825,-2.892753,0.440071
43826,-2.873202,0.400969
43827,-3.268248,1.579063
43828,-2.899457,1.449729
43829,-2.669008,0.988831
43830,-2.116349,-1.634021
43831,-1.200484,0.900969
43832,-1.466104,0.733052
43833,-0.366526,-1.466104
43834,-2.883745,1.030303
43835,-1.624178,-1.488831
43836,-2.015156,0.455573
43837,-2.337712,0.326239
43838,-3.333174,1.320914
43839,-1.594507,0.222521
43840,-3.246980,1.623490
43841,-2.410859,1.246980
43842,-3.779838,1.826239
43843,0.676779,-1.801938
43844,-2.430339,0.123490
43845,-1.601453,0.500000
43846,-2.334986,1.579063
43847,-2.294861,-0.367711
43848,-1.731816,1.652478
43849,-3.304955,1.652478
43850,-3.324167,1.911146
43851,-3.656250,1.579063
43852,-3.822291,1.911146
43853,-3.065499,1.781812
43854,-1.955475,-0.826239
43855,-3.333174,1.320914
43856,-1.652210,-0.658322
43857,-3.065499,1.781812
43858,-3.161387,1.365341
43859,-2.717704,0.698220
43860,-2.885719,0.900969
43861,-3.652478,1.826239
43862,-3.911146,1.955573
43863,-1.864156,-0.367711
43864,-3.335148,1.191580
43865,-2.793116,1.623490
43866,-3.304955,1.652478
43867,-3.826239,1.652478
43868,-3.158125,1.579063
43869,-1.928302,-1.488831
43870,-1.275116,0.455573
43871,-3.427775,0.988831
43872,-3.324167,1.911146
43873,-0.652478,0.326239
43874,-3.490208,1.246980
43875,-1.306849,1.246980
43876,-2.261572,-0.955573
43877,-0.298920,0.149460
43878,-2.430339,0.123490
43879,-3.215828,0.698220
43880,-2.706235,1.449729
43881,-2.541119,0.733052
43882,-2.873202,0.400969
43883,-3.563623,1.781812
43884,-3.822291,1.911146
43885,-2.149460,1.074730
43886,-2.793116,1.623490
43887,-3.095692,1.320914
43888,-2.374152,1.781812
43889,-3.652478,1.826239
43890,-3.215828,0.698220
43891,-3.065499,1.781812
43892,-3.822291,1.911146
43893,-3.822291,1.911146
43894,-3.335148,1.191580
43895,-3.490208,1.246980
43896,-2.347897,0.733052
43897,-2.256195,-0.445042
43898,-2.883745,1.030303
43899,-3.158125,1.579063
43900,-2.367905,-0.134659
43901,-2.874250,1.652478
43902,-3.822291,1.911146
43903,-3.656250,1.579063
43904,-3.152379,1.955573
43905,-3.650504,1.955573
43906,-3.658223,1.449729
43907,-1.731816,1.652478
43908,-2.541119,0.733052
43909,-3.824265,1.781812
43910,-3.824265,1.781812
43911,-3.484462,1.623490
43912,-2.810768,0.142820
43913,-1.773241,0.455573
43914,-1.306849,1.246980
43915,-3.656250,1.579063
43916,-2.541119,0.733052
43917,-3.427775,0.988831
43918,-2.385621,1.030303
43919,-2.700489,1.826239
43920,2.000000,-1.000000
43921,-3.158125,1.579063
43922,-3.397582,1.449729
43923,-3.153395,0.440071
43924,-2.641828,1.320914
43925,-0.650969,0.099031
43926,-2.168944,1.246980
43927,-2.883745,1.030303
43928,-2.343556,-0.658322
43929,-3.652478,1.826239
43930,-2.493959,1.246980
43931,-3.152379,1.955573
43932,-3.822291,1.911146
43933,-0.246980,0.123490
43934,1.279663,1.074730
43935,-2.669008,0.988831
43936,-3.779838,1.826239
43937,-3.095692,1.320914
43938,-2.011910,1.320914
43939,-3.462508,1.191580
43940,-2.184738,-0.367711
43941,-3.051264,1.365341
43942,-1.960449,1.826239
43943,-3.152379,1.955573
43944,-3.692957,1.652478
43945,-2.598822,-0.147791
43946,-2.563163,1.030303
43947,-1.849772,0.733052
43948,-3.065499,1.781812
43949,-3.462508,1.191580
43950,-3.650504,1.955573
43951,-3.563623,1.781812
43952,-3.911146,1.955573
43953,-3.152379,1.955573
43954,-2.899457,1.449729
43955,-3.824265,1.781812
43956,-3.779838,1.826239
43957,-3.824265,1.781812
43958,-3.955573,1.911146
43959,-2.228125,1.365341
43960,-3.065499,1.781812
43961,-2.181855,0.400969
43962,-1.690819,-1.488831
43963,-2.874250,1.652478
43964,-1.977662,0.988831
43965,-1.717542,-0.914101
43966,-3.484462,1.623490
43967,-2.826042,1.911146
43968,-2.883745,1.030303
43969,-3.911146,1.955573
43970,0.249707,0.603718
43971,-1.231001,-1.634021
43972,-3.246980,1.623490
43973,-1.032469,0.698220
43974,-3.324167,1.911146
43975,-3.652478,1.826239
43976,-2.385621,1.030303
43977,-3.397582,1.449729
43978,-3.095692,1.320914
43979,-2.885719,0.900969
43980,-3.822291,1.911146
43981,-3.484462,1.623490
43982,-2.941449,0.149460
43983,-3.911146,1.955573
43984,-2.383160,1.191580
43985,-2.892753,0.440071
43986,-3.333174,1.320914
43987,-3.650504,1.955573
43988,-3.658223,1.449729
43989,-3.822291,1.911146
43990,-1.284124,-0.134659
43991,-3.324167,1.911146
43992,-3.822291,1.911146
43993,-3.158125,1.579063
43994,-2.844057,0.730682
43995,-1.775215,0.326239
43996,-3.911146,1.955573
43997,-3.478716,2.000000
43998,-1.922262,1.652478
43999,-3.822291,1.911146
44000,-3.324167,1.911146
44001,-2.337712,0.326239
44002,-3.822291,1.911146
44003,-2.518736,1.074730
44004,-2.208111,1.449729
44005,-2.635719,0.400969
44006,-3.365341,0.730682
44007,-1.413419,-0.914101
44008,-1.120429,-1.721883
44009,-0.493902,-1.211352
44010,-2.181855,0.400969
44011,-2.553446,0.149460
44012,-1.210838,0.222521
44013,-3.462508,1.191580
44014,-2.163198,1.623490
44015,-3.397582,1.449729
44016,-3.232059,0.730682
44017,-2.899457,1.449729
44018,-3.694931,1.911146
44019,-3.123202,0.900969
44020,-2.116349,-1.634021
44021,-0.298846,-0.722521
44022,-2.015156,0.455573
44023,-2.669008,0.988831
44024,-3.824265,1.781812
44025,-2.835050,1.320914
44026,-3.246980,1.623490
44027,-2.837543,1.579063
44028,-3.123202,0.900969
44029,-3.246980,1.623490
44030,-3.528889,1.579063
44031,-3.528889,1.579063
44032,-2.576901,1.579063
44033,-2.015156,0.455573
44034,-3.623490,1.246980
44035,-3.268248,1.579063
44036,-3.779838,1.826239
44037,-2.669008,0.988831
44038,-1.254687,0.698220
44039,-1.727818,-1.889800
44040,-0.779516,-0.535628
44041,-1.906779,-0.535628
44042,-1.733246,0.500000
44043,-3.484462,1.623490
44044,-2.899457,1.449729
44045,-2.885719,0.900969
44046,-2.899457,1.449729
44047,-2.837543,1.579063
44048,-3.528889,1.579063
44049,-3.528889,1.579063
44050,-1.801938,0.900969
44051,-1.121986,-0.722521
44052,-3.152379,1.955573
44053,-3.650504,1.955573
44054,-3.484462,1.623490
44055,-3.866718,2.000000
44056,-2.410859,1.246980
44057,-2.696708,1.652478
44058,-3.824265,1.781812
44059,-3.051264,1.365341
44060,-1.169803,1.911146
44061,-2.938128,0.142820
44062,-1.551938,0.400969
44063,-2.670453,0.603718
44064,-3.333174,1.320914
44065,-2.885719,0.900969
44066,-1.643120,1.191580
44067,-2.793116,1.623490
44068,-1.878417,-1.721883
44069,-3.490208,1.246980
44070,-2.730682,1.365341
44071,-3.911146,1.955573
44072,-2.316833,-1.233052
44073,-2.892753,0.440071
44074,-2.835050,1.320914
44075,-3.335148,1.191580
44076,-3.397582,1.449729
44077,-3.158125,1.579063
44078,-3.826239,1.652478
44079,-3.335148,1.191580
44080,-2.385621,1.030303
44081,-3.365341,0.730682
44082,-2.430339,0.123490
44083,-1.080402,-1.801938
44084,-1.762918,-1.211352
44085,-0.985218,0.603718
44086,-2.109756,0.123490
44087,-2.793116,1.623490
44088,-0.880142,0.440071
44089,-0.589531,0.730682
44090,-2.272552,1.320914
44091,-3.281713,1.826239
44092,-2.993868,1.030303
44093,-3.779838,1.826239
44094,-2.136480,0.698220
44095,-2.711958,1.074730
44096,-3.153395,0.440071
44097,-2.374152,1.781812
44098,-3.650504,1.955573
44099,-3.153395,0.440071
44100,-0.652478,0.326239
44101,-1.811776,-1.721883
44102,-3.397582,1.449729
44103,-2.136480,0.698220
44104,-2.347897,0.733052
44105,-3.911146,1.955573
44106,-3.335148,1.191580
44107,-3.158125,1.579063
44108,-2.883745,1.030303
44109,-3.335148,1.191580
44110,-3.656250,1.579063
44111,-2.166234,-1.400969
44112,-0.873502,-0.445042
44113,-3.335148,1.191580
44114,-1.044797,-0.109562
44115,-2.100697,-0.147791
44116,-2.598822,-0.147791
44117,-2.541119,0.733052
44118,-2.096023,2.000000
44119,-3.563623,1.781812
44120,-2.394628,0.440071
44121,-3.656250,1.579063
44122,-3.658223,1.449729
44123,-3.563623,1.781812
44124,-3.153395,0.440071
44125,-1.284124,-0.134659
44126,-1.836861,1.579063
44127,-2.334986,1.579063
44128,-3.563623,1.781812
44129,-2.367905,-0.134659
44130,-2.859464,-0.147791
44131,-2.941449,0.149460
44132,-2.635719,0.400969
44133,-1.406715,-0.277479
44134,-3.484462,1.623490
44135,-1.275116,0.455573
44136,-1.836861,1.579063
44137,-2.706235,1.449729
44138,-2.336959,1.449729
44139,-1.813332,-0.722521
44140,-3.397582,1.449729
44141,-3.095692,1.320914
44142,-1.878417,-1.721883
44143,-3.822291,1.911146
44144,-2.883745,1.030303
44145,-1.762008,1.191580
44146,-1.977662,0.988831
44147,-3.167133,0.988831
44148,-2.181855,0.400969
44149,-3.065499,1.781812
44150,-3.478716,2.000000
44151,-3.652478,1.826239
44152,-3.365341,0.730682
44153,-2.883745,1.030303
44154,-2.859464,-0.147791
44155,-2.859464,-0.147791
44156,-3.246980,1.623490
44157,-2.334986,1.579063
44158,-2.793116,1.623490
44159,-4.000000,2.000000
44160,-2.700489,1.826239
44161,-1.978621,0.733052
44162,-2.367905,-0.134659
44163,-3.158125,1.579063
44164,-2.669008,0.988831
44165,-3.326140,1.781812
44166,-3.652478,1.826239
44167,-3.123202,0.900969
44168,-3.656250,1.579063
44169,-3.656250,1.579063
44170,-3.824265,1.781812
44171,-3.152379,1.955573
44172,-1.588247,1.365341
44173,-2.899457,1.449729
44174,-2.334986,1.579063
44175,-2.883745,1.030303
44176,-2.711958,1.074730
44177,-2.941449,0.149460
44178,-3.324167,1.911146
44179,-2.899457,1.449729
44180,-3.656250,1.579063
44181,-2.394628,0.440071
44182,-2.605388,-0.134659
44183,-3.397582,1.449729
44184,-3.123202,0.900969
44185,-1.922262,1.652478
44186,-2.717704,0.698220
44187,-2.598822,-0.147791
44188,-3.822291,1.911146
44189,-3.822291,1.911146
44190,-0.702281,0.603718
44191,-1.878417,-1.721883
44192,-1.462714,0.222521
44193,-3.333174,1.320914
44194,-2.208111,1.449729
44195,-2.964384,1.191580
44196,-3.123202,0.900969
44197,-1.445133,0.698220
44198,-0.272214,-0.955573
44199,-0.528520,0.777479
44200,-3.478716,2.000000
44201,-3.822291,1.911146
44202,-2.493959,1.246980
44203,-3.158125,1.579063
44204,-1.624178,-1.488831
44205,-2.873202,0.400969
44206,-3.528889,1.579063
44207,-3.911146,1.955573
44208,-2.870469,2.000000
44209,-2.116349,-1.634021
44210,-2.311457,-0.722521
44211,-3.324167,1.911146
44212,-2.383160,1.191580
44213,-2.899457,1.449729
44214,-0.285640,0.142820
44215,0.421965,-1.123490
44216,-0.864659,-0.365341
44217,-1.801938,0.900969
44218,-3.153395,0.440071
44219,-2.163198,1.623490
44220,-2.883745,1.030303
44221,-0.880142,0.440071
44222,-2.826042,1.911146
44223,-3.324167,1.911146
44224,-2.100697,-0.147791
44225,-3.563623,1.781812
44226,-3.335148,1.191580
44227,-3.095692,1.320914
44228,-2.899457,1.449729
44229,-1.683887,-1.977662
44230,-3.333174,1.320914
44231,-2.826042,1.911146
44232,-2.149460,1.074730
44233,-3.335148,1.191580
44234,-3.335148,1.191580
44235,-0.472729,-0.033258
44236,-3.434289,1.911146
44237,-3.650504,1.955573
44238,-3.434289,1.911146
44239,-2.641828,1.320914
44240,-3.824265,1.781812
44241,-3.911146,1.955573
44242,-2.706235,1.449729
44243,-3.563623,1.781812
44244,-3.232059,0.730682
44245,-2.181855,0.400969
44246,-3.051264,1.365341
44247,-3.088468,0.698220
44248,-3.866718,2.000000
44249,-2.541119,0.733052
44250,-3.246980,1.623490
44251,-3.434289,1.911146
44252,-2.394628,0.440071
44253,-1.855707,-1.634021
44254,-0.427724,0.054604
44255,-0.260824,0.093187
44256,-3.652478,1.826239
44257,-2.002903,1.911146
44258,-3.826239,1.652478
44259,-1.813332,-0.722521
44260,-0.864659,-0.365341
44261,-1.168783,-0.365341
44262,-1.551012,1.781812
44263,-1.275116,0.455573
44264,-3.158125,1.579063
44265,-3.656250,1.579063
44266,-2.706235,1.449729
44267,-3.826239,1.652478
44268,-3.324167,1.911146
44269,-2.272552,1.320914
44270,-1.928302,-1.488831
44271,-2.394628,0.440071
44272,-3.326140,1.781812
44273,-4.000000,2.000000
44274,-3.490208,1.246980
44275,-1.836861,1.579063
44276,-3.826239,1.652478
44277,-3.246980,1.623490
44278,-2.793116,1.623490
44279,-3.397582,1.449729
44280,-1.731816,1.652478
44281,-1.207436,0.603718
44282,-1.375695,-1.211352
44283,-2.518736,1.074730
44284,-1.878417,-1.721883
44285,-2.311457,-0.722521
44286,-1.801938,0.900969
44287,-3.490208,1.246980
44288,-3.652478,1.826239
44289,-3.304955,1.652478
44290,-2.374152,1.781812
44291,-2.669008,0.988831
44292,-2.730682,1.365341
44293,-3.658223,1.449729
44294,-2.810768,0.142820
44295,-3.650504,1.955573
44296,-1.207436,0.603718
44297,-0.169409,-0.109562
44298,-1.978621,0.733052
44299,-1.420728,1.030303
44300,-3.462508,1.191580
44301,-3.268248,1.579063
44302,-3.528889,1.579063
44303,-3.650504,1.955573
44304,-3.694931,1.911146
44305,-3.088468,0.698220
44306,-2.371693,1.652478
44307,-1.072099,0.777479
44308,-2.873202,0.400969
44309,-3.658223,1.449729
44310,-3.246980,1.623490
44311,-3.824265,1.781812
44312,-3.333174,1.320914
44313,-3.232059,0.730682
44314,-0.288010,1.911146
44315,-0.378932,-0.445042
44316,-2.176109,0.777479
44317,-3.326140,1.781812
44318,-2.343556,-0.658322
44319,-3.484462,1.623490
44320,-3.246980,1.623490
44321,-3.123202,0.900969
44322,-2.060606,1.030303
44323,-1.813332,-0.722521
44324,-3.824265,1.781812
44325,-3.824265,1.781812
44326,-3.658223,1.449729
44327,-1.945199,0.149460
44328,-3.246980,1.623490
44329,-1.955475,-0.826239
44330,-3.333174,1.320914
44331,-2.261572,-0.955573
44332,-2.294861,-0.367711
44333,-3.563623,1.781812
44334,-2.717704,0.698220
44335,-2.605388,-0.134659
44336,-3.167133,0.988831
44337,-2.430339,0.123490
44338,-0.700386,1.030303
44339,-1.171501,-0.623490
44340,-2.964384,1.191580
44341,-3.051264,1.365341
44342,-3.326140,1.781812
44343,-3.528889,1.579063
44344,-2.466259,1.191580
44345,-1.933731,0.900969
44346,-2.242359,1.781812
44347,-2.670453,0.603718
44348,-1.647948,-0.445042
44349,-2.899457,1.449729
44350,-3.153395,0.440071
44351,-3.563623,1.781812
44352,-3.333174,1.320914
44353,-2.706235,1.449729
44354,-3.692957,1.652478
44355,-3.563623,1.781812
44356,-3.658223,1.449729
44357,-3.658223,1.449729
44358,-2.670453,0.603718
44359,-3.779838,1.826239
44360,-2.540461,0.123490
44361,-3.088468,0.698220
44362,-1.934194,0.777479
44363,-3.051264,1.365341
44364,-3.911146,1.955573
44365,-3.866718,2.000000
44366,-2.302521,1.030303
44367,-3.246980,1.623490
44368,-3.281713,1.826239
44369,-1.847313,0.603718
44370,-1.180804,0.266948
44371,-2.964384,1.191580
44372,-3.268248,1.579063
44373,-2.235810,0.730682
44374,-1.977662,0.988831
44375,-1.048700,0.730682
44376,-3.051264,1.365341
44377,-2.964384,1.191580
44378,-3.051264,1.365341
44379,-2.181855,0.400969
44380,-2.110972,-1.123490
44381,-3.194833,1.652478
44382,-3.152379,1.955573
44383,-3.333174,1.320914
44384,-3.397582,1.449729
44385,-3.694931,1.911146
44386,-1.890808,-0.955573
44387,-3.051264,1.365341
44388,-3.102206,1.246980
44389,-3.658223,1.449729
44390,-3.779838,1.826239
44391,-2.343556,-0.658322
44392,-3.123202,0.900969
44393,-3.650504,1.955573
44394,-3.484462,1.623490
44395,-1.845869,0.988831
44396,-3.427775,0.988831
44397,-3.692957,1.652478
44398,-3.563623,1.781812
44399,-3.281713,1.826239
44400,-2.374152,1.781812
44401,-3.232059,0.730682
44402,-2.347897,0.733052
44403,-2.133667,-1.466104
44404,-1.051938,0.900969
44405,1.279663,1.074730
44406,0.432157,-0.535628
44407,-1.917063,0.093187
44408,-2.410859,1.246980
44409,-2.993868,1.030303
44410,-3.528889,1.579063
44411,-3.333174,1.320914
44412,-2.526723,-0.425270
44413,-2.964384,1.191580
44414,-2.706235,1.449729
44415,-3.650504,1.955573
44416,-2.605388,-0.134659
44417,-3.153395,0.440071
44418,-0.600619,0.222521
44419,-2.993868,1.030303
44420,-1.703282,0.440071
44421,-3.911146,1.955573
44422,-2.541119,0.733052
44423,-2.793116,1.623490
44424,-1.933731,0.900969
44425,-2.553446,0.149460
44426,-1.330319,-0.914101
44427,-3.102206,1.246980
44428,-2.100697,-0.147791
44429,-1.652210,-0.658322
44430,-1.169803,1.911146
44431,-3.167133,0.988831
44432,-3.692957,1.652478
44433,-2.605388,-0.134659
44434,-3.911146,1.955573
44435,-3.333174,1.320914
44436,-2.367905,-0.134659
44437,-1.170844,-1.233052
44438,-1.244415,0.988831
44439,-0.447247,0.730682
44440,-0.367567,0.455573
44441,-2.598822,-0.147791
44442,-1.607199,0.123490
44443,-1.461364,0.730682
44444,-2.670453,0.603718
44445,-1.703282,0.440071
44446,-2.410859,1.246980
44447,-1.934194,0.777479
44448,-1.254687,0.698220
44449,-3.232059,0.730682
44450,-3.434289,1.911146
44451,-3.528889,1.579063
44452,-2.711958,1.074730
44453,-3.051264,1.365341
44454,-3.528889,1.579063
44455,-3.281713,1.826239
44456,-3.088468,0.698220
44457,-3.563623,1.781812
44458,-2.302521,1.030303
44459,-2.541119,0.733052
44460,-1.643120,1.191580
44461,-2.572099,-0.722521
44462,-2.208111,1.449729
44463,-2.272552,1.320914
44464,-3.102206,1.246980
44465,-3.095692,1.320914
44466,-2.706235,1.449729
44467,-2.440004,0.142820
44468,-1.384971,1.449729
44469,-3.911146,1.955573
44470,-3.692957,1.652478
44471,-2.670453,0.603718
44472,-3.397582,1.449729
44473,-2.938128,0.142820
44474,-2.641828,1.320914
44475,-1.934194,0.777479
44476,-3.123202,0.900969
44477,-3.528889,1.579063
44478,-1.394005,0.455573
44479,-3.462508,1.191580
44480,-3.563623,1.781812
44481,-3.563623,1.781812
44482,-3.694931,1.911146
44483,-3.167133,0.988831
44484,-1.811776,-1.721883
44485,-0.787833,-0.623490
44486,-2.038874,-1.400969
44487,-3.824265,1.781812
44488,-3.123202,0.900969
44489,-2.641828,1.320914
44490,-3.692957,1.652478
44491,-3.462508,1.191580
44492,-2.899457,1.449729
44493,-2.835050,1.320914
44494,-1.323809,0.455573
44495,-2.141244,1.191580
44496,-3.281713,1.826239
44497,-3.232059,0.730682
44498,-3.434289,1.911146
44499,-2.572099,-0.722521
44500,-3.397582,1.449729
44501,-2.394628,0.440071
44502,-3.268248,1.579063
44503,-2.885719,0.900969
44504,-3.153395,0.440071
44505,-1.978621,0.733052
44506,-2.136480,0.698220
44507,-3.694931,1.911146
44508,-3.484462,1.623490
44509,-2.837543,1.579063
44510,-2.374152,1.781812
44511,-1.155045,-0.914101
44512,-2.302521,1.030303
44513,-3.692957,1.652478
44514,-3.824265,1.781812
44515,-3.333174,1.320914
44516,-3.484462,1.623490
44517,-3.528889,1.579063
44518,-3.333174,1.320914
44519,-3.434289,1.911146
44520,-3.694931,1.911146
44521,-3.528889,1.579063
44522,-3.824265,1.781812
44523,-2.371693,1.652478
44524,-3.658223,1.449729
44525,-2.136480,0.698220
44526,-3.462508,1.191580
44527,-2.144490,0.326239
44528,-3.955573,1.911146
44529,-3.692957,1.652478
44530,-1.466104,0.733052
44531,-0.816833,0.266948
44532,-3.563623,1.781812
44533,-0.913353,-0.365341
44534,-3.824265,1.781812
44535,-3.650504,1.955573
44536,-3.824265,1.781812
44537,-2.835050,1.320914
44538,-1.978716,-1.000000
44539,-0.985218,0.603718
44540,-2.885719,0.900969
44541,-3.658223,1.449729
44542,-3.102206,1.246980
44543,-3.051264,1.365341
44544,-2.706235,1.449729
44545,-3.123202,0.900969
44546,-1.086885,-1.400969
44547,-3.268248,1.579063
44548,-3.563623,1.781812
44549,-3.650504,1.955573
44550,-2.964384,1.191580
44551,-2.742943,1.911146
44552,-2.109756,0.123490
44553,-3.694931,1.911146
44554,-1.934194,0.777479
44555,-1.284124,-0.134659
44556,-0.709622,0.099031
44557,-2.394628,0.440071
44558,-3.694931,1.911146
44559,-3.528889,1.579063
44560,-2.635719,0.400969
44561,-3.955573,1.911146
44562,-3.955573,1.911146
44563,-2.374152,1.781812
44564,-2.110972,-1.123490
44565,-2.576901,1.579063
44566,-2.872277,1.781812
44567,-3.333174,1.320914
44568,-2.119812,-0.109562
44569,-3.324167,1.911146
44570,-3.911146,1.955573
44571,-3.911146,1.955573
44572,-3.167133,0.988831
44573,-3.123202,0.900969
44574,-3.490208,1.246980
44575,-3.822291,1.911146
44576,-3.158125,1.579063
44577,-3.478716,2.000000
44578,-3.822291,1.911146
44579,-3.326140,1.781812
44580,-2.859464,-0.147791
44581,-3.563623,1.781812
44582,-3.652478,1.826239
44583,-3.824265,1.781812
44584,-3.158125,1.579063
44585,-3.161387,1.365341
44586,-3.153395,0.440071
44587,-3.911146,1.955573
44588,-2.168944,1.246980
44589,-3.652478,1.826239
44590,-2.383160,1.191580
44591,-3.656250,1.579063
44592,-3.656250,1.579063
44593,-3.152379,1.955573
44594,-3.656250,1.579063
44595,-3.563623,1.781812
44596,-3.911146,1.955573
44597,-2.883745,1.030303
44598,-3.215828,0.698220
44599,-1.977662,0.988831
44600,-0.458468,1.320914
44601,-2.100697,-0.147791
44602,-2.208111,1.449729
44603,-1.592048,0.093187
44604,-3.246980,1.623490
44605,-3.088468,0.698220
44606,-3.484462,1.623490
44607,-3.434289,1.911146
44608,-2.892753,0.440071
44609,-2.259209,0.777479
44610,-2.563163,1.030303
44611,-3.779838,1.826239
44612,-3.152379,1.955573
44613,-3.281713,1.826239
44614,-3.528889,1.579063
44615,0.284793,-1.889800
44616,-2.136480,0.698220
44617,-2.993868,1.030303
44618,-1.849772,0.733052
44619,-2.576901,1.579063
44620,-1.643120,1.191580
44621,-0.549693,-1.233052
44622,-1.524320,-0.914101
44623,-2.056191,-1.233052
44624,-1.396440,0.698220
44625,-2.793116,1.623490
44626,-3.822291,1.911146
44627,-3.563623,1.781812
44628,-2.844057,0.730682
44629,-3.822291,1.911146
44630,-3.826239,1.652478
44631,-3.484462,1.623490
44632,-1.554958,0.777479
44633,-2.294861,-0.367711
44634,-3.658223,1.449729
44635,-1.824442,1.449729
44636,-3.281713,1.826239
44637,-3.102206,1.246980
44638,-3.167133,0.988831
44639,-2.056191,-1.233052
44640,-2.541119,0.733052
44641,-1.849772,0.733052
44642,-3.462508,1.191580
44643,-2.337712,0.326239
44644,-2.711958,1.074730
44645,-0.494415,-1.977662
44646,-1.928302,-1.488831
44647,-2.038874,-1.400969
44648,-3.397582,1.449729
44649,-1.977662,0.988831
44650,-2.136480,0.698220
44651,-2.553446,0.149460
44652,-1.794458,-1.889800
44653,-0.186388,-1.721883
44654,-2.394628,0.440071
44655,-3.955573,1.911146
44656,-2.235810,0.730682
44657,-3.397582,1.449729
44658,-2.242359,1.781812
44659,-2.518736,1.074730
44660,-1.233709,-0.623490
44661,-3.246980,1.623490
44662,-2.056191,-1.233052
44663,-3.528889,1.579063
44664,-3.658223,1.449729
44665,-3.779838,1.826239
44666,-1.845869,0.988831
44667,-3.694931,1.911146
44668,-0.700307,0.733052
44669,-3.779838,1.826239
44670,-3.152379,1.955573
44671,-3.281713,1.826239
44672,-1.254687,0.698220
44673,-2.563163,1.030303
44674,-3.232059,0.730682
44675,-3.694931,1.911146
44676,-3.528889,1.579063
44677,-1.384971,1.449729
44678,-1.279149,1.191580
44679,-3.692957,1.652478
44680,-3.563623,1.781812
44681,-3.528889,1.579063
44682,-1.375695,-1.211352
44683,-2.060606,1.030303
44684,-3.563623,1.781812
44685,-2.541119,0.733052
44686,-3.365341,0.730682
44687,-2.654083,-0.425270
44688,-2.654083,-0.425270
44689,-3.650504,1.955573
44690,-3.911146,1.955573
44691,-3.652478,1.826239
44692,-3.650504,1.955573
44693,-1.442336,-1.211352
44694,-2.706235,1.449729
44695,-3.652478,1.826239
44696,-3.822291,1.911146
44697,-0.801938,0.400969
44698,-4.000000,2.000000
44699,-2.635719,0.400969
44700,-3.427775,0.988831
44701,-2.011910,1.320914
44702,-0.000125,-0.033258
44703,-2.670453,0.603718
44704,-3.462508,1.191580
44705,-2.669008,0.988831
44706,-2.873202,0.400969
44707,-3.102206,1.246980
44708,-3.911146,1.955573
44709,-3.281713,1.826239
44710,-2.993868,1.030303
44711,-2.711958,1.074730
44712,-2.541119,0.733052
44713,-1.647948,-0.445042
44714,-2.563163,1.030303
44715,-2.526723,-0.425270
44716,-1.849772,0.733052
44717,0.437420,0.400969
44718,1.828201,-0.914101
44719,-2.518736,1.074730
44720,-3.692957,1.652478
44721,-3.528889,1.579063
44722,-3.167133,0.988831
44723,-3.563623,1.781812
44724,-3.246980,1.623490
44725,-0.586211,-0.147791
44726,-3.694931,1.911146
44727,-2.576901,1.579063
44728,-2.576901,1.579063
44729,-2.110972,-1.123490
44730,-3.152379,1.955573
44731,-2.993868,1.030303
44732,-3.281713,1.826239
44733,-1.789708,1.246980
44734,-3.824265,1.781812
44735,-3.528889,1.579063
44736,-1.210838,0.222521
44737,-2.149460,1.074730
44738,-2.100697,-0.147791
44739,-3.484462,1.623490
44740,-3.427775,0.988831
44741,-2.119812,-0.109562
44742,-1.717979,0.733052
44743,-3.826239,1.652478
44744,-3.824265,1.781812
44745,-1.977662,0.988831
44746,-1.022292,-0.658322
44747,-1.168783,-0.365341
44748,-0.121614,-1.123490
44749,-2.367905,-0.134659
44750,-3.335148,1.191580
44751,-0.810020,1.191580
44752,-1.551938,0.400969
44753,-3.335148,1.191580
44754,-3.563623,1.781812
44755,-3.152379,1.955573
44756,-2.343556,-0.658322
44757,-1.988459,-1.889800
44758,-2.015156,0.455573
44759,-3.427775,0.988831
44760,-2.837543,1.579063
44761,-3.427775,0.988831
44762,-0.367567,0.455573
44763,-2.526723,-0.425270
44764,-3.484462,1.623490
44765,-2.899457,1.449729
44766,-1.847313,0.603718
44767,-1.026723,1.074730
44768,-1.643120,1.191580
44769,-2.993868,1.030303
44770,-3.051264,1.365341
44771,-3.650504,1.955573
44772,-2.141244,1.191580
44773,-3.232059,0.730682
44774,-1.978621,0.733052
44775,-3.650504,1.955573
44776,-1.254687,0.698220
44777,-1.121986,-0.722521
44778,-3.268248,1.579063
44779,-3.692957,1.652478
44780,-3.779838,1.826239
44781,-3.563623,1.781812
44782,-3.397582,1.449729
44783,-2.873202,0.400969
44784,-1.847313,0.603718
44785,-3.268248,1.579063
44786,-2.938128,0.142820
44787,-2.837543,1.579063
44788,-2.938128,0.142820
44789,0.511702,-0.535628
44790,-0.642527,-0.914101
44791,-3.153395,0.440071
44792,-3.427775,0.988831
44793,-0.854474,-0.623490
44794,-0.503178,1.449729
44795,-2.717704,0.698220
44796,-3.158125,1.579063
44797,-2.493959,1.246980
44798,-2.826042,1.911146
44799,-2.711958,1.074730
44800,-3.326140,1.781812
44801,-3.304955,1.652478
44802,-2.641828,1.320914
44803,-2.810768,0.142820
44804,-1.801938,0.900969
44805,-2.635719,0.400969
44806,-2.106074,-0.658322
44807,-3.658223,1.449729
44808,-3.335148,1.191580
44809,-1.836861,1.579063
44810,-3.333174,1.320914
44811,-3.656250,1.579063
44812,-3.158125,1.579063
44813,-3.563623,1.781812
44814,-2.874250,1.652478
44815,-3.822291,1.911146
44816,-2.383160,1.191580
44817,-2.706235,1.449729
44818,-2.141244,1.191580
44819,-2.141244,1.191580
44820,-2.184738,-0.367711
44821,-2.873202,0.400969
44822,-3.824265,1.781812
44823,-3.268248,1.579063
44824,-3.692957,1.652478
44825,-2.410859,1.246980
44826,-2.711958,1.074730
44827,-3.866718,2.000000
44828,-2.870469,2.000000
44829,-2.440004,0.142820
44830,-3.246980,1.623490
44831,-3.779838,1.826239
44832,-3.462508,1.191580
44833,-1.890808,-0.955573
44834,-3.152379,1.955573
44835,-3.102206,1.246980
44836,-2.374152,1.781812
44837,-2.837543,1.579063
44838,-3.484462,1.623490
44839,-3.955573,1.911146
44840,-3.194833,1.652478
44841,-0.373022,1.074730
44842,-1.878417,-1.721883
44843,-0.824281,-0.162592
44844,-2.892753,0.440071
44845,-2.700489,1.826239
44846,-1.445881,-0.074730
44847,-2.181855,0.400969
44848,-1.933731,0.900969
44849,-2.168944,1.246980
44850,-3.246980,1.623490
44851,-2.883745,1.030303
44852,-3.335148,1.191580
44853,-3.656250,1.579063
44854,-3.158125,1.579063
44855,-2.374152,1.781812
44856,-1.554958,0.777479
44857,-3.158125,1.579063
44858,-2.337712,0.326239
44859,-2.149460,1.074730
44860,-3.826239,1.652478
44861,-2.844057,0.730682
44862,-2.056191,-1.233052
44863,0.884738,-0.162592
44864,-2.870469,2.000000
44865,-2.228125,1.365341
44866,-2.141244,1.191580
44867,-2.394628,0.440071
44868,-3.281713,1.826239
44869,-1.978621,0.733052
44870,-0.276723,-0.425270
44871,-3.333174,1.320914
44872,-4.000000,2.000000
44873,-3.304955,1.652478
44874,-2.859464,-0.147791
44875,-3.826239,1.652478
44876,-1.836861,1.579063
44877,-2.176109,0.777479
44878,-1.914041,-0.134659
44879,-3.652478,1.826239
44880,-1.207436,0.603718
44881,-1.236955,-1.488831
44882,-3.563623,1.781812
44883,-3.326140,1.781812
44884,-1.475625,-0.623490
44885,-1.914041,-0.134659
44886,-1.275116,0.455573
44887,-3.158125,1.579063
44888,-3.095692,1.320914
44889,-1.212812,0.093187
44890,-2.541119,0.733052
44891,-0.765763,0.730682
44892,-0.710661,0.054604
44893,-3.397582,1.449729
44894,-3.563623,1.781812
44895,-2.334986,1.579063
44896,-3.563623,1.781812
44897,-3.153395,0.440071
44898,-2.176109,0.777479
44899,-1.713557,-0.535628
44900,-1.731730,-0.277479
44901,-2.872277,1.781812
44902,1.143365,0.455573
44903,-3.427775,0.988831
44904,-2.780575,0.603718
44905,-3.397582,1.449729
44906,-2.835050,1.320914
44907,-1.864156,-0.367711
44908,-1.833963,0.093187
44909,-3.324167,1.911146
44910,-2.374152,1.781812
44911,-3.427775,0.988831
44912,-3.397582,1.449729
44913,-4.000000,2.000000
44914,-3.335148,1.191580
44915,-2.060606,1.030303
44916,-3.652478,1.826239
44917,-3.123202,0.900969
44918,-1.261910,1.320914
44919,-1.978621,0.733052
44920,-2.859464,-0.147791
44921,-2.349870,0.603718
44922,-3.658223,1.449729
44923,-1.945199,0.149460
44924,-2.493959,1.246980
44925,-3.215828,0.698220
44926,-3.326140,1.781812
44927,-0.560521,1.449729
44928,-2.100697,-0.147791
44929,-0.983709,-1.123490
44930,-1.690819,-1.488831
44931,-3.563623,1.781812
44932,-3.232059,0.730682
44933,-2.144490,0.326239
44934,-2.526723,-0.425270
44935,-3.194833,1.652478
44936,-3.692957,1.652478
44937,-3.088468,0.698220
44938,-1.928302,-1.488831
44939,-2.859464,-0.147791
44940,-1.275116,0.455573
44941,-3.158125,1.579063
44942,-1.977662,0.988831
44943,-3.911146,1.955573
44944,-1.922262,1.652478
44945,-3.822291,1.911146
44946,-2.700489,1.826239
44947,-3.427775,0.988831
44948,-2.430339,0.123490
44949,-3.152379,1.955573
44950,-3.304955,1.652478
44951,-3.161387,1.365341
44952,-2.394628,0.440071
44953,-3.658223,1.449729
44954,-3.158125,1.579063
44955,-3.304955,1.652478
44956,-3.158125,1.579063
44957,-3.065499,1.781812
44958,-2.873202,0.400969
44959,-2.056191,-1.233052
44960,-3.324167,1.911146
44961,-1.557314,-0.109562
44962,-4.000000,2.000000
44963,-3.397582,1.449729
44964,-2.859464,-0.147791
44965,-3.065499,1.781812
44966,-2.654083,-0.425270
44967,-4.000000,2.000000
44968,-1.413198,1.623490
44969,-0.496114,1.320914
44970,-2.181855,0.400969
44971,-3.652478,1.826239
44972,-2.883745,1.030303
44973,-3.658223,1.449729
44974,-3.658223,1.449729
44975,-3.656250,1.579063
44976,-3.304955,1.652478
44977,-3.335148,1.191580
44978,-2.383160,1.191580
44979,-1.849772,0.733052
44980,-2.899457,1.449729
44981,-3.484462,1.623490
44982,-3.652478,1.826239
44983,-1.384971,1.449729
44984,-1.762008,1.191580
44985,-0.272214,-0.955573
44986,0.016102,0.455573
44987,-3.281713,1.826239
44988,-3.065499,1.781812
44989,-3.650504,1.955573
44990,-2.347897,0.733052
44991,-3.326140,1.781812
44992,-3.281713,1.826239
44993,-1.775215,0.326239
44994,-2.311457,-0.722521
44995,-3.427775,0.988831
44996,-1.027479,-0.277479
44997,-2.899457,1.449729
44998,-2.316833,-1.233052
44999,-2.859464,-0.147791
45000,-3.065499,1.781812
45001,-2.635719,0.400969
45002,-3.434289,1.911146
45003,-1.330319,-0.914101
45004,-1.601453,0.500000
45005,-4.000000,2.000000
45006,-2.242359,1.781812
45007,-1.212812,0.093187
45008,-0.621791,-0.955573
45009,-2.337712,0.326239
45010,-3.281713,1.826239
45011,-1.934194,0.777479
45012,-3.779838,1.826239
45013,-3.824265,1.781812
45014,-3.563623,1.781812
45015,-3.281713,1.826239
45016,-3.658223,1.449729
45017,-1.934194,0.777479
45018,-2.870469,2.000000
45019,-3.194833,1.652478
45020,-3.153395,0.440071
45021,-2.711958,1.074730
45022,-3.650504,1.955573
45023,-1.977662,0.988831
45024,-3.051264,1.365341
45025,-3.194833,1.652478
45026,-3.650504,1.955573
45027,-3.779838,1.826239
45028,-2.141244,1.191580
45029,-3.152379,1.955573
45030,-0.932879,0.054604
45031,-2.141244,1.191580
45032,-2.899457,1.449729
45033,-3.397582,1.449729
45034,-3.462508,1.191580
45035,-3.779838,1.826239
45036,-3.563623,1.781812
45037,-3.824265,1.781812
45038,-3.563623,1.781812
45039,-2.885719,0.900969
45040,-3.824265,1.781812
45041,-3.088468,0.698220
45042,-3.281713,1.826239
45043,-3.694931,1.911146
45044,-0.688917,1.781812
45045,-2.742943,1.911146
45046,-1.681370,1.030303
45047,-1.794458,-1.889800
45048,-1.236955,-1.488831
45049,-1.845869,0.988831
45050,-2.461033,1.955573
45051,-2.941449,0.149460
45052,-2.892753,0.440071
45053,0.216102,0.011169
45054,1.445042,-0.722521
45055,0.413119,1.652478
45056,-2.964384,1.191580
45057,0.275884,-0.147791
45058,-2.141244,1.191580
45059,-3.102206,1.246980
45060,-2.641828,1.320914
45061,-3.281713,1.826239
45062,-3.824265,1.781812
45063,-3.955573,1.911146
45064,-3.658223,1.449729
45065,-3.824265,1.781812
45066,-1.760035,1.320914
45067,-3.658223,1.449729
45068,-3.281713,1.826239
45069,-1.574293,-1.721883
45070,-1.813332,-0.722521
45071,-3.324167,1.911146
45072,-3.246980,1.623490
45073,-3.658223,1.449729
45074,-3.167133,0.988831
45075,-2.641828,1.320914
45076,-3.652478,1.826239
45077,-1.864156,-0.367711
45078,-0.911146,0.455573
45079,-1.906779,-0.535628
45080,-1.858780,0.142820
45081,-3.478716,2.000000
45082,-2.700489,1.826239
45083,-0.109208,0.054604
45084,-2.116349,-1.634021
45085,-3.824265,1.781812
45086,-2.635719,0.400969
45087,-2.572099,-0.722521
45088,-0.145365,0.011169
45089,-1.149815,1.320914
45090,-3.462508,1.191580
45091,-2.706235,1.449729
45092,-1.643120,1.191580
45093,-2.119812,-0.109562
45094,-3.065499,1.781812
45095,-3.692957,1.652478
45096,-3.563623,1.781812
45097,-3.911146,1.955573
45098,-2.563163,1.030303
45099,-3.232059,0.730682
45100,-3.065499,1.781812
45101,-2.837543,1.579063
45102,0.016102,0.455573
45103,-0.528520,0.777479
45104,-1.554958,0.777479
45105,-2.385621,1.030303
45106,-3.652478,1.826239
45107,-3.563623,1.781812
45108,-2.430339,0.123490
45109,-1.922262,1.652478
45110,-3.215828,0.698220
45111,-0.346845,-1.400969
45112,-3.826239,1.652478
45113,-1.824442,1.449729
45114,-3.658223,1.449729
45115,-0.285640,0.142820
45116,-2.810768,0.142820
45117,-3.326140,1.781812
45118,-2.166234,-1.400969
45119,-3.167133,0.988831
45120,-3.161387,1.365341
45121,-3.563623,1.781812
45122,-3.490208,1.246980
45123,-3.911146,1.955573
45124,-1.836861,1.579063
45125,-2.119812,-0.109562
45126,0.130578,0.142820
45127,-1.836861,1.579063
45128,-2.166234,-1.400969
45129,-2.598822,-0.147791
45130,-2.700489,1.826239
45131,-1.864156,-0.367711
45132,0.788874,0.900969
45133,-2.311457,-0.722521
45134,-1.733246,0.500000
45135,-0.576416,-0.658322
45136,-1.988459,-1.889800
45137,-2.136480,0.698220
45138,-3.824265,1.781812
45139,-3.397582,1.449729
45140,-3.365341,0.730682
45141,-3.911146,1.955573
45142,-2.385621,1.030303
45143,-2.176109,0.777479
45144,-1.022292,-0.658322
45145,-3.158125,1.579063
45146,-2.098256,0.455573
45147,-1.864156,-0.367711
45148,-3.397582,1.449729
45149,-3.397582,1.449729
45150,-2.272552,1.320914
45151,-3.158125,1.579063
45152,-1.461364,0.730682
45153,-3.326140,1.781812
45154,-3.652478,1.826239
45155,-2.780575,0.603718
45156,-3.826239,1.652478
45157,-2.430339,0.123490
45158,-3.427775,0.988831
45159,-2.899457,1.449729
45160,-1.775215,0.326239
45161,-0.847680,1.246980
45162,-1.396440,0.698220
45163,-2.155959,-0.425270
45164,-2.899457,1.449729
45165,-2.874250,1.652478
45166,-1.858780,0.142820
45167,-3.158125,1.579063
45168,-3.652478,1.826239
45169,-3.333174,1.320914
45170,-3.365341,0.730682
45171,-3.246980,1.623490
45172,-2.385621,1.030303
45173,-0.458468,1.320914
45174,-1.773241,0.455573
45175,-2.883745,1.030303
45176,-2.654083,-0.425270
45177,-3.490208,1.246980
45178,-2.810768,0.142820
45179,-3.658223,1.449729
45180,-3.158125,1.579063
45181,-2.383160,1.191580
45182,-2.844057,0.730682
45183,-3.656250,1.579063
45184,-2.336959,1.449729
45185,-0.252485,-0.162592
45186,-3.434289,1.911146
45187,-1.695108,1.579063
45188,-2.440004,0.142820
45189,-2.859464,-0.147791
45190,-3.333174,1.320914
45191,-2.742943,1.911146
45192,-3.694931,1.911146
45193,-3.650504,1.955573
45194,-2.272552,1.320914
45195,-1.574735,-0.425270
45196,-1.634892,-0.826239
45197,-2.576901,1.579063
45198,-2.106074,-0.658322
45199,-3.397582,1.449729
45200,-3.866718,2.000000
45201,-3.326140,1.781812
45202,-3.866718,2.000000
45203,-1.231001,-1.634021
45204,-2.343556,-0.658322
45205,-2.347897,0.733052
45206,-3.215828,0.698220
45207,-2.110972,-1.123490
45208,-3.427775,0.988831
45209,-3.065499,1.781812
45210,-3.246980,1.623490
45211,-3.365341,0.730682
45212,-3.652478,1.826239
45213,-2.374152,1.781812
45214,-3.822291,1.911146
45215,-1.731730,-0.277479
45216,-2.700489,1.826239
45217,-3.911146,1.955573
45218,-3.652478,1.826239
45219,-1.070127,-0.826239
45220,-1.170844,-1.233052
45221,-1.762918,-1.211352
45222,-1.762918,-1.211352
45223,-1.906779,-0.535628
45224,-0.276723,-0.425270
45225,-3.088468,0.698220
45226,0.042115,1.191580
45227,-0.121146,-0.425270
45228,-3.304955,1.652478
45229,-3.478716,2.000000
45230,-3.304955,1.652478
45231,-2.700489,1.826239
45232,-3.652478,1.826239
45233,-3.484462,1.623490
45234,-3.158125,1.579063
45235,-1.922262,1.652478
45236,-3.335148,1.191580
45237,-3.324167,1.911146
45238,-2.641828,1.320914
45239,-3.478716,2.000000
45240,-1.207436,0.603718
45241,-1.154522,0.988831
45242,-2.711958,1.074730
45243,-2.176109,0.777479
45244,-2.349870,0.603718
45245,-1.270918,0.730682
45246,-1.652210,-0.658322
45247,-3.490208,1.246980
45248,-3.158125,1.579063
45249,-3.652478,1.826239
45250,-3.652478,1.826239
45251,-2.334986,1.579063
45252,-2.144490,0.326239
45253,-3.397582,1.449729
45254,-3.397582,1.449729
45255,-2.060606,1.030303
45256,-3.658223,1.449729
45257,0.110414,0.266948
45258,-2.870469,2.000000
45259,-1.492359,1.781812
45260,-1.637893,1.955573
45261,-2.119812,-0.109562
45262,-3.153395,0.440071
45263,-3.911146,1.955573
45264,-3.051264,1.365341
45265,-3.462508,1.191580
45266,-3.246980,1.623490
45267,-1.169803,1.911146
45268,-1.229693,-1.889800
45269,-3.528889,1.579063
45270,-3.563623,1.781812
45271,-3.088468,0.698220
45272,-0.586211,-0.147791
45273,-3.051264,1.365341
45274,-3.427775,0.988831
45275,-1.877888,-1.977662
45276,-2.541119,0.733052
45277,-3.484462,1.623490
45278,-1.945199,0.149460
45279,-2.899457,1.449729
45280,-2.644197,-0.445042
45281,-3.167133,0.988831
45282,-3.650504,1.955573
45283,-3.563623,1.781812
45284,-3.281713,1.826239
45285,-3.563623,1.781812
45286,-3.153395,0.440071
45287,-2.641828,1.320914
45288,-2.337712,0.326239
45289,-2.859464,-0.147791
45290,-2.065597,-0.826239
45291,-0.295600,0.142820
45292,0.149460,-0.074730
45293,-2.700489,1.826239
45294,-2.572099,-0.722521
45295,-3.652478,1.826239
45296,-3.656250,1.579063
45297,0.253099,0.326239
45298,-0.911146,0.455573
45299,-1.855707,-1.634021
45300,-2.347897,0.733052
45301,-2.780575,0.603718
45302,-1.624178,-1.488831
45303,-0.366526,-1.466104
45304,-2.641828,1.320914
45305,-3.911146,1.955573
45306,-2.242359,1.781812
45307,-2.572099,-0.722521
45308,-3.490208,1.246980
45309,-1.396440,0.698220
45310,-3.822291,1.911146
45311,-3.246980,1.623490
45312,-2.493959,1.246980
45313,-1.406715,-0.277479
45314,-3.304955,1.652478
45315,-3.153395,0.440071
45316,-3.652478,1.826239
45317,-3.484462,1.623490
45318,-3.658223,1.449729
45319,-2.394628,0.440071
45320,-1.713557,-0.535628
45321,-2.098256,0.455573
45322,-3.153395,0.440071
45323,-3.563623,1.781812
45324,-3.490208,1.246980
45325,-1.344281,-0.535628
45326,-2.572099,-0.722521
45327,-1.357582,-1.634021
45328,-2.730682,1.365341
45329,-3.822291,1.911146
45330,-3.652478,1.826239
45331,-2.899457,1.449729
45332,-2.208111,1.449729
45333,-3.563623,1.781812
45334,-3.563623,1.781812
45335,-2.835050,1.320914
45336,-3.153395,0.440071
45337,0.020611,-0.074730
45338,1.846479,-0.826239
45339,-1.413198,1.623490
45340,-3.102206,1.246980
45341,-3.658223,1.449729
45342,-2.635719,0.400969
45343,-3.123202,0.900969
45344,-3.563623,1.781812
45345,-2.870469,2.000000
45346,-3.167133,0.988831
45347,-3.866718,2.000000
45348,-2.119812,-0.109562
45349,-3.281713,1.826239
45350,-2.302521,1.030303
45351,-3.528889,1.579063
45352,-3.866718,2.000000
45353,-2.641828,1.320914
45354,-2.015156,0.455573
45355,-2.696708,1.652478
45356,-1.988459,-1.889800
45357,-3.462508,1.191580
45358,-3.434289,1.911146
45359,-3.911146,1.955573
45360,-3.650504,1.955573
45361,-2.793116,1.623490
45362,-3.866718,2.000000
45363,-1.934194,0.777479
45364,-3.397582,1.449729
45365,-2.371693,1.652478
45366,-2.892753,0.440071
45367,-3.326140,1.781812
45368,-3.462508,1.191580
45369,-3.911146,1.955573
45370,-3.326140,1.781812
45371,-3.563623,1.781812
45372,-3.528889,1.579063
45373,-2.466259,1.191580
45374,-3.694931,1.911146
45375,-2.576901,1.579063
45376,-1.551012,1.781812
45377,-2.015156,0.455573
45378,-3.779838,1.826239
45379,-3.694931,1.911146
45380,-2.051596,1.911146
45381,-3.650504,1.955573
45382,-3.911146,1.955573
45383,-3.152379,1.955573
45384,-2.572099,-0.722521
45385,-2.100697,-0.147791
45386,-2.706235,1.449729
45387,-3.051264,1.365341
45388,-3.268248,1.579063
45389,-3.694931,1.911146
45390,-2.635719,0.400969
45391,-2.410859,1.246980
45392,-2.742943,1.911146
45393,-3.779838,1.826239
45394,-3.694931,1.911146
45395,-3.694931,1.911146
45396,-3.911146,1.955573
45397,-3.866718,2.000000
45398,-3.824265,1.781812
45399,-2.394628,0.440071
45400,-1.775215,0.326239
45401,-2.641828,1.320914
45402,-2.576901,1.579063
45403,-3.123202,0.900969
45404,-3.088468,0.698220
45405,-3.153395,0.440071
45406,-0.985218,0.603718
45407,-0.434577,-0.109562
45408,-2.349870,0.603718
45409,-2.144490,0.326239
45410,-3.563623,1.781812
45411,-3.088468,0.698220
45412,-3.528889,1.579063
45413,-3.563623,1.781812
45414,-2.899457,1.449729
45415,-3.692957,1.652478
45416,-3.658223,1.449729
45417,-2.431855,0.900969
45418,-3.658223,1.449729
45419,-2.553446,0.149460
45420,-2.181855,0.400969
45421,-1.634892,-0.826239
45422,-1.636943,1.074730
45423,-3.563623,1.781812
45424,-1.934194,0.777479
45425,-2.541119,0.733052
45426,-1.648630,-0.277479
45427,-1.210838,0.222521
45428,-1.551584,-1.634021
45429,-2.184738,-0.367711
45430,-2.576901,1.579063
45431,-1.733246,0.500000
45432,-1.330319,-0.914101
45433,-4.000000,2.000000
45434,-0.431016,0.698220
45435,-3.658223,1.449729
45436,-2.272552,1.320914
45437,-3.656250,1.579063
45438,-3.484462,1.623490
45439,-1.442336,-1.211352
45440,-2.149460,1.074730
45441,-2.176109,0.777479
45442,-1.275116,0.455573
45443,-2.706235,1.449729
45444,-3.822291,1.911146
45445,-2.461033,1.955573
45446,-3.158125,1.579063
45447,-3.824265,1.781812
45448,-2.883745,1.030303
45449,-3.215828,0.698220
45450,-3.324167,1.911146
45451,-3.563623,1.781812
45452,-3.152379,1.955573
45453,-2.717704,0.698220
45454,-3.656250,1.579063
45455,-3.658223,1.449729
45456,-3.822291,1.911146
45457,-2.383160,1.191580
45458,-3.652478,1.826239
45459,-2.518736,1.074730
45460,-2.883745,1.030303
45461,-2.641828,1.320914
45462,-2.793116,1.623490
45463,-2.383160,1.191580
45464,-3.563623,1.781812
45465,-2.011910,1.320914
45466,-3.324167,1.911146
45467,-3.484462,1.623490
45468,-2.181855,0.400969
45469,-2.844057,0.730682
45470,-1.550062,0.900969
45471,-2.109756,0.123490
45472,-3.095692,1.320914
45473,-3.095692,1.320914
45474,-2.136480,0.698220
45475,-3.167133,0.988831
45476,-1.044797,-0.109562
45477,-0.128499,0.093187
45478,-3.484462,1.623490
45479,-2.835050,1.320914
45480,-1.593993,0.988831
45481,-3.232059,0.730682
45482,-2.065597,-0.826239
45483,-2.892753,0.440071
45484,-3.563623,1.781812
45485,-3.397582,1.449729
45486,-2.576901,1.579063
45487,-3.650504,1.955573
45488,-3.692957,1.652478
45489,-3.692957,1.652478
45490,-3.102206,1.246980
45491,-1.492359,1.781812
45492,-3.065499,1.781812
45493,-3.152379,1.955573
45494,-2.526723,-0.425270
45495,-2.461033,1.955573
45496,-1.551012,1.781812
45497,-1.824442,1.449729
45498,-3.333174,1.320914
45499,-1.357582,-1.634021
45500,-3.365341,0.730682
45501,-2.899457,1.449729
45502,-2.336959,1.449729
45503,-1.120429,-1.721883
45504,-3.246980,1.623490
45505,-3.246980,1.623490
45506,-3.462508,1.191580
45507,-3.563623,1.781812
45508,-2.302521,1.030303
45509,-3.065499,1.781812
45510,-3.427775,0.988831
45511,-2.670453,0.603718
45512,-2.038874,-1.400969
45513,-0.207271,1.246980
45514,-2.242359,1.781812
45515,-3.658223,1.449729
45516,-2.654083,-0.425270
45517,-3.658223,1.449729
45518,-3.911146,1.955573
45519,-2.826042,1.911146
45520,-3.658223,1.449729
45521,-2.119812,-0.109562
45522,-2.060606,1.030303
45523,-1.762008,1.191580
45524,-1.762008,1.191580
45525,-1.977662,0.988831
45526,-3.490208,1.246980
45527,-3.656250,1.579063
45528,-3.484462,1.623490
45529,-2.261572,-0.955573
45530,-2.641828,1.320914
45531,-3.326140,1.781812
45532,-3.161387,1.365341
45533,-3.650504,1.955573
45534,-3.824265,1.781812
45535,-3.658223,1.449729
45536,-2.883745,1.030303
45537,-3.822291,1.911146
45538,-3.427775,0.988831
45539,-2.872277,1.781812
45540,-3.246980,1.623490
45541,-2.835050,1.320914
45542,-3.650504,1.955573
45543,-3.215828,0.698220
45544,-2.730682,1.365341
45545,-2.844057,0.730682
45546,-3.656250,1.579063
45547,-3.215828,0.698220
45548,-1.462714,0.222521
45549,-2.874250,1.652478
45550,-3.563623,1.781812
45551,-3.652478,1.826239
45552,-3.658223,1.449729
45553,-1.858780,0.142820
45554,-3.335148,1.191580
45555,-0.847680,1.246980
45556,-3.153395,0.440071
45557,-3.095692,1.320914
45558,-3.065499,1.781812
45559,-3.397582,1.449729
45560,-2.730682,1.365341
45561,-3.304955,1.652478
45562,-3.161387,1.365341
45563,-0.534124,-0.134659
45564,-3.335148,1.191580
45565,-3.911146,1.955573
45566,-3.658223,1.449729
45567,-3.652478,1.826239
45568,-3.304955,1.652478
45569,-1.550062,0.900969
45570,-1.588247,1.365341
45571,-3.563623,1.781812
45572,-2.700489,1.826239
45573,-0.974766,1.579063
45574,-1.833963,0.093187
45575,-2.793116,1.623490
45576,-2.334986,1.579063
45577,-3.335148,1.191580
45578,-4.000000,2.000000
45579,-3.304955,1.652478
45580,-1.762008,1.191580
45581,-1.534266,-1.801938
45582,-1.873490,-1.123490
45583,-3.215828,0.698220
45584,-2.256195,-0.445042
45585,-3.650504,1.955573
45586,-3.490208,1.246980
45587,-3.065499,1.781812
45588,-2.872277,1.781812
45589,-2.242359,1.781812
45590,-3.822291,1.911146
45591,-3.304955,1.652478
45592,-3.167133,0.988831
45593,-3.911146,1.955573
45594,-2.337712,0.326239
45595,-3.123202,0.900969
45596,-1.824442,1.449729
45597,-3.397582,1.449729
45598,-1.000000,0.500000
45599,0.001651,0.440071
45600,-3.304955,1.652478
45601,-3.911146,1.955573
45602,-2.883745,1.030303
45603,-3.826239,1.652478
45604,-1.384971,1.449729
45605,-2.670453,0.603718
45606,-3.484462,1.623490
45607,-2.576901,1.579063
45608,-3.268248,1.579063
45609,-3.484462,1.623490
45610,-2.337712,0.326239
45611,-2.899457,1.449729
45612,-2.964384,1.191580
45613,-2.518736,1.074730
45614,-2.899457,1.449729
45615,-2.837543,1.579063
45616,-1.574735,-0.425270
45617,-2.696708,1.652478
45618,-1.928302,-1.488831
45619,-2.837543,1.579063
45620,-3.427775,0.988831
45621,-3.268248,1.579063
45622,-3.152379,1.955573
45623,-2.899457,1.449729
45624,-3.194833,1.652478
45625,-2.136480,0.698220
45626,0.239354,-0.074730
45627,-3.427775,0.988831
45628,-2.964384,1.191580
45629,-1.934194,0.777479
45630,-1.466104,0.733052
45631,-2.119812,-0.109562
45632,-2.149460,1.074730
45633,-1.149815,1.320914
45634,-3.333174,1.320914
45635,-3.095692,1.320914
45636,-3.484462,1.623490
45637,-3.484462,1.623490
45638,-3.528889,1.579063
45639,-2.964384,1.191580
45640,-3.955573,1.911146
45641,-3.692957,1.652478
45642,-3.397582,1.449729
45643,-3.955573,1.911146
45644,-3.051264,1.365341
45645,-2.302521,1.030303
45646,-3.911146,1.955573
45647,-3.650504,1.955573
45648,-3.563623,1.781812
45649,-2.641828,1.320914
45650,-1.934194,0.777479
45651,-2.563163,1.030303
45652,-1.855707,-1.634021
45653,-1.955475,-0.826239
45654,-2.793116,1.623490
45655,-3.623490,1.246980
45656,-3.074730,0.149460
45657,-2.870469,2.000000
45658,-0.712714,0.222521
45659,-3.167133,0.988831
45660,-3.623490,1.246980
45661,-3.528889,1.579063
45662,-2.136480,0.698220
45663,-1.594507,0.222521
45664,-3.484462,1.623490
45665,-3.692957,1.652478
45666,-2.563163,1.030303
45667,-1.824442,1.449729
45668,-3.434289,1.911146
45669,-3.563623,1.781812
45670,-3.528889,1.579063
45671,-3.194833,1.652478
45672,-2.964384,1.191580
45673,-3.333174,1.320914
45674,-3.528889,1.579063
45675,-3.824265,1.781812
45676,-1.180804,0.266948
45677,-2.155959,-0.425270
45678,-3.088468,0.698220
45679,-3.658223,1.449729
45680,-1.005460,-0.955573
45681,-3.658223,1.449729
45682,-3.281713,1.826239
45683,-2.892753,0.440071
45684,-2.793116,1.623490
45685,0.719201,-0.162592
45686,-2.644197,-0.445042
45687,-2.670453,0.603718
45688,-0.078499,0.123490
45689,-3.650504,1.955573
45690,-3.232059,0.730682
45691,-3.152379,1.955573
45692,-3.484462,1.623490
45693,-2.742943,1.911146
45694,-1.978621,0.733052
45695,0.166219,-1.000000
45696,-1.877888,-1.977662
45697,-2.572099,-0.722521
45698,-3.065499,1.781812
45699,-0.246980,0.123490
45700,-3.563623,1.781812
45701,-3.652478,1.826239
45702,-3.158125,1.579063
45703,0.269318,-0.134659
45704,-2.654083,-0.425270
45705,-2.810768,0.142820
45706,-3.152379,1.955573
45707,-3.650504,1.955573
45708,-2.730682,1.365341
45709,-1.442336,-1.211352
45710,-3.161387,1.365341
45711,-3.563623,1.781812
45712,-2.060606,1.030303
45713,-3.335148,1.191580
45714,-3.324167,1.911146
45715,-3.335148,1.191580
45716,-2.899457,1.449729
45717,-2.098256,0.455573
45718,-3.158125,1.579063
45719,-3.158125,1.579063
45720,-3.652478,1.826239
45721,-3.652478,1.826239
45722,-1.588247,1.365341
45723,-3.158125,1.579063
45724,-3.123202,0.900969
45725,-2.261572,-0.955573
45726,-3.824265,1.781812
45727,-3.397582,1.449729
45728,-2.899457,1.449729
45729,-3.652478,1.826239
45730,-3.822291,1.911146
45731,-2.899457,1.449729
45732,-3.484462,1.623490
45733,-3.161387,1.365341
45734,-2.272552,1.320914
45735,-0.458468,1.320914
45736,-2.717704,0.698220
45737,-2.540461,0.123490
45738,-2.670453,0.603718
45739,-3.268248,1.579063
45740,-2.235810,0.730682
45741,-3.246980,1.623490
45742,-2.136480,0.698220
45743,-2.302521,1.030303
45744,-2.526723,-0.425270
45745,-3.462508,1.191580
45746,-3.326140,1.781812
45747,-3.281713,1.826239
45748,-3.397582,1.449729
45749,-2.563163,1.030303
45750,-2.964384,1.191580
45751,-2.563163,1.030303
45752,-3.824265,1.781812
45753,-3.326140,1.781812
45754,-3.095692,1.320914
45755,-3.051264,1.365341
45756,-3.484462,1.623490
45757,-2.696708,1.652478
45758,-3.779838,1.826239
45759,-0.666236,-1.634021
45760,-3.397582,1.449729
45761,-2.993868,1.030303
45762,-1.466104,0.733052
45763,-2.892753,0.440071
45764,-3.623490,1.246980
45765,-2.038874,-1.400969
45766,-2.367905,-0.134659
45767,-2.964384,1.191580
45768,-3.866718,2.000000
45769,-3.563623,1.781812
45770,-2.598822,-0.147791
45771,0.859756,-0.623490
45772,-2.572099,-0.722521
45773,-2.670453,0.603718
45774,-2.272552,1.320914
45775,-3.866718,2.000000
45776,-1.977662,0.988831
45777,-3.779838,1.826239
45778,-3.427775,0.988831
45779,-2.541119,0.733052
45780,-3.427775,0.988831
45781,-2.742943,1.911146
45782,-3.528889,1.579063
45783,-2.144490,0.326239
45784,-1.039051,0.266948
45785,-2.060606,1.030303
45786,-3.333174,1.320914
45787,-3.333174,1.320914
45788,-3.324167,1.911146
45789,-3.652478,1.826239
45790,-3.484462,1.623490
45791,-3.123202,0.900969
45792,-2.347897,0.733052
45793,-2.518736,1.074730
45794,-1.849772,0.733052
45795,-3.326140,1.781812
45796,-3.652478,1.826239
45797,-2.572099,-0.722521
45798,-3.324167,1.911146
45799,-2.717704,0.698220
45800,-2.780575,0.603718
45801,-2.367905,-0.134659
45802,-2.347897,0.733052
45803,-3.335148,1.191580
45804,-1.149815,1.320914
45805,-3.153395,0.440071
45806,-3.656250,1.579063
45807,-3.650504,1.955573
45808,-3.656250,1.579063
45809,-3.656250,1.579063
45810,-3.824265,1.781812
45811,0.263556,-0.955573
45812,-4.000000,2.000000
45813,-2.826042,1.911146
45814,-3.397582,1.449729
45815,-1.636943,1.074730
45816,-3.397582,1.449729
45817,-3.658223,1.449729
45818,-2.337712,0.326239
45819,-1.713557,-0.535628
45820,-2.711958,1.074730
45821,-2.810768,0.142820
45822,-1.845869,0.988831
45823,-3.563623,1.781812
45824,-2.155959,-0.425270
45825,-2.641828,1.320914
45826,-3.304955,1.652478
45827,-2.635719,0.400969
45828,-3.326140,1.781812
45829,-3.652478,1.826239
45830,-3.161387,1.365341
45831,-2.430339,0.123490
45832,-2.166234,-1.400969
45833,-1.978621,0.733052
45834,-3.822291,1.911146
45835,-0.121146,-0.425270
45836,0.084793,0.054604
45837,-3.694931,1.911146
45838,-2.563163,1.030303
45839,-3.563623,1.781812
45840,-1.977662,0.988831
45841,-3.153395,0.440071
45842,-3.650504,1.955573
45843,-3.824265,1.781812
45844,-2.431855,0.900969
45845,-2.598822,-0.147791
45846,-2.366718,-1.000000
45847,-2.256195,-0.445042
45848,-3.824265,1.781812
45849,-3.652478,1.826239
45850,-3.824265,1.781812
45851,-2.706235,1.449729
45852,-1.229693,-1.889800
45853,-1.524320,-0.914101
45854,-3.304955,1.652478
45855,-3.652478,1.826239
45856,-2.872277,1.781812
45857,-3.484462,1.623490
45858,-2.366718,-1.000000
45859,-3.658223,1.449729
45860,-1.397882,0.603718
45861,-3.911146,1.955573
45862,-3.304955,1.652478
45863,-3.652478,1.826239
45864,-3.911146,1.955573
45865,-0.911146,0.455573
45866,-3.304955,1.652478
45867,-3.822291,1.911146
45868,-3.095692,1.320914
45869,-3.658223,1.449729
45870,-2.272552,1.320914
45871,-2.711958,1.074730
45872,-1.262697,0.326239
45873,-1.965750,-1.801938
45874,-3.335148,1.191580
45875,-1.977662,0.988831
45876,-3.153395,0.440071
45877,-0.102415,-0.074730
45878,-0.816833,0.266948
45879,-3.462508,1.191580
45880,-3.528889,1.579063
45881,-3.434289,1.911146
45882,-3.051264,1.365341
45883,-3.462508,1.191580
45884,-3.563623,1.781812
45885,-3.692957,1.652478
45886,-1.906779,-0.535628
45887,-2.540461,0.123490
45888,-2.388932,-0.955573
45889,-3.911146,1.955573
45890,-2.065597,-0.826239
45891,-1.813332,-0.722521
45892,-2.144490,0.326239
45893,-3.194833,1.652478
45894,-2.261572,-0.955573
45895,-3.158125,1.579063
45896,-3.065499,1.781812
45897,-1.423694,-1.889800
45898,-3.158125,1.579063
45899,-3.824265,1.781812
45900,-3.652478,1.826239
45901,-2.826042,1.911146
45902,-3.822291,1.911146
45903,-2.518736,1.074730
45904,-1.775215,0.326239
45905,-3.563623,1.781812
45906,-3.158125,1.579063
45907,-3.911146,1.955573
45908,-1.977662,0.988831
45909,0.219124,-0.109562
45910,-0.604474,-1.123490
45911,-1.284124,-0.134659
45912,-0.983709,-1.123490
45913,-1.120429,-1.721883
45914,-3.088468,0.698220
45915,-2.316833,-1.233052
45916,-2.670453,0.603718
45917,-3.694931,1.911146
45918,-2.837543,1.579063
45919,-3.563623,1.781812
45920,-3.694931,1.911146
45921,-1.703282,0.440071
45922,-0.044541,-0.074730
45923,-1.928302,-1.488831
45924,-3.427775,0.988831
45925,-1.588247,1.365341
45926,-2.060606,1.030303
45927,-2.383160,1.191580
45928,-3.822291,1.911146
45929,-3.563623,1.781812
45930,-1.236955,-1.488831
45931,-0.834695,-0.425270
45932,-2.119812,-0.109562
45933,-2.163198,1.623490
45934,-2.366718,-1.000000
45935,-1.811776,-1.721883
45936,-3.246980,1.623490
45937,-3.194833,1.652478
45938,-2.793116,1.623490
45939,-2.242359,1.781812
45940,-3.095692,1.320914
45941,-2.181855,0.400969
45942,-2.644197,-0.445042
45943,-2.711958,1.074730
45944,-2.383160,1.191580
45945,-3.911146,1.955573
45946,-3.652478,1.826239
45947,-3.246980,1.623490
45948,-3.656250,1.579063
45949,-3.650504,1.955573
45950,-3.167133,0.988831
45951,-3.478716,2.000000
45952,-3.650504,1.955573
45953,-3.822291,1.911146
45954,-3.563623,1.781812
45955,-3.563623,1.781812
45956,-3.397582,1.449729
45957,-3.095692,1.320914
45958,-2.347897,0.733052
45959,-2.266948,-1.466104
45960,-3.333174,1.320914
45961,-3.095692,1.320914
45962,-2.742943,1.911146
45963,-2.837543,1.579063
45964,-2.302521,1.030303
45965,-2.872277,1.781812
45966,-3.692957,1.652478
45967,-3.434289,1.911146
45968,-3.779838,1.826239
45969,-3.650504,1.955573
45970,-3.281713,1.826239
45971,-1.977662,0.988831
45972,-1.690819,-1.488831
45973,-0.212537,0.054604
45974,-1.442336,-1.211352
45975,-1.917063,0.093187
45976,-3.246980,1.623490
45977,-2.793116,1.623490
45978,-3.484462,1.623490
45979,-1.133363,0.455573
45980,-3.866718,2.000000
45981,-2.598822,-0.147791
45982,-3.563623,1.781812
45983,-3.397582,1.449729
45984,-2.541119,0.733052
45985,-2.540461,0.123490
45986,-2.835050,1.320914
45987,-2.993868,1.030303
45988,-1.254687,0.698220
45989,-1.977662,0.988831
45990,-3.088468,0.698220
45991,-3.153395,0.440071
45992,-3.427775,0.988831
45993,-0.983709,-1.123490
45994,-1.928302,-1.488831
45995,-3.623490,1.246980
45996,-3.281713,1.826239
45997,-2.563163,1.030303
45998,-0.643478,-0.033258
45999,-0.123151,-0.033258
46000,-1.361599,-0.367711
46001,-0.966034,-0.162592
46002,-3.095692,1.320914
46003,-3.246980,1.623490
46004,-3.563623,1.781812
46005,-3.824265,1.781812
46006,-2.015156,0.455573
46007,-3.232059,0.730682
46008,-2.272552,1.320914
46009,-1.873040,-1.211352
46010,-2.669008,0.988831
46011,-2.349870,0.603718
46012,-3.563623,1.781812
46013,-2.844057,0.730682
46014,-3.652478,1.826239
46015,-1.775215,0.326239
46016,-1.154522,0.988831
46017,-2.383160,1.191580
46018,-1.384971,1.449729
46019,-3.324167,1.911146
46020,-3.822291,1.911146
46021,-2.780575,0.603718
46022,-2.810768,0.142820
46023,-3.658223,1.449729
46024,-3.153395,0.440071
46025,-2.383160,1.191580
46026,-2.176109,0.777479
46027,-1.760035,1.320914
46028,-0.854474,-0.623490
46029,-1.445881,-0.074730
46030,-2.374152,1.781812
46031,-2.810768,0.142820
46032,-1.801938,0.900969
46033,-3.822291,1.911146
46034,-3.167133,0.988831
46035,-3.911146,1.955573
46036,-2.835050,1.320914
46037,-2.873202,0.400969
46038,-0.462714,-0.277479
46039,-2.883745,1.030303
46040,-3.397582,1.449729
46041,-2.780575,0.603718
46042,-3.652478,1.826239
46043,-1.762918,-1.211352
46044,-0.709168,-0.914101
46045,-3.490208,1.246980
46046,-3.822291,1.911146
46047,-2.367905,-0.134659
46048,-3.911146,1.955573
46049,-3.656250,1.579063
46050,-3.161387,1.365341
46051,-2.717704,0.698220
46052,-1.921819,-1.889800
46053,-3.397582,1.449729
46054,-3.051264,1.365341
46055,-2.964384,1.191580
46056,-2.576901,1.579063
46057,-3.167133,0.988831
46058,-3.528889,1.579063
46059,-2.644197,-0.445042
46060,-1.977662,0.988831
46061,-3.563623,1.781812
46062,-2.011910,1.320914
46063,-1.558067,-1.233052
46064,-2.870469,2.000000
46065,-1.637893,1.955573
46066,-2.670453,0.603718
46067,-2.641828,1.320914
46068,-2.109756,0.123490
46069,-2.572099,-0.722521
46070,-1.847313,0.603718
46071,-3.911146,1.955573
46072,-3.955573,1.911146
46073,-3.824265,1.781812
46074,-3.153395,0.440071
46075,-1.695108,1.579063
46076,-1.179763,1.911146
46077,-0.039708,-1.123490
46078,-3.158125,1.579063
46079,-0.735570,1.191580
46080,-2.493959,1.246980
46081,-1.396440,0.698220
46082,-3.161387,1.365341
46083,-1.731730,-0.277479
46084,-1.727818,-1.889800
46085,-2.700489,1.826239
46086,-3.824265,1.781812
46087,-2.430339,0.123490
46088,-3.365341,0.730682
46089,-2.859464,-0.147791
46090,-1.423694,-1.889800
46091,-1.734301,-1.488831
46092,-3.563623,1.781812
46093,-1.933731,0.900969
46094,-2.563163,1.030303
46095,-3.427775,0.988831
46096,-3.650504,1.955573
46097,-2.371693,1.652478
46098,-3.095692,1.320914
46099,-3.779838,1.826239
46100,-2.964384,1.191580
46101,-2.870469,2.000000
46102,-3.658223,1.449729
46103,-3.246980,1.623490
46104,-2.899457,1.449729
46105,-3.326140,1.781812
46106,-2.563163,1.030303
46107,-3.692957,1.652478
46108,-3.692957,1.652478
46109,-3.397582,1.449729
46110,-0.860591,0.400969
46111,-3.623490,1.246980
46112,-2.518736,1.074730
46113,-2.835050,1.320914
46114,-2.259209,0.777479
46115,-3.692957,1.652478
46116,-3.484462,1.623490
46117,-3.194833,1.652478
46118,-3.484462,1.623490
46119,0.102598,0.123490
46120,-2.371693,1.652478
46121,-1.601453,0.500000
46122,-0.586211,-0.147791
46123,-3.153395,0.440071
46124,-2.394628,0.440071
46125,-2.119812,-0.109562
46126,-2.993868,1.030303
46127,-3.692957,1.652478
46128,-3.694931,1.911146
46129,-3.824265,1.781812
46130,-3.232059,0.730682
46131,-1.225625,-1.123490
46132,-1.466104,0.733052
46133,-3.826239,1.652478
46134,-0.544620,-0.277479
46135,-2.056191,-1.233052
46136,-3.123202,0.900969
46137,-1.634892,-0.826239
46138,-0.388818,-0.425270
46139,-2.119812,-0.109562
46140,-3.281713,1.826239
46141,-3.563623,1.781812
46142,-3.866718,2.000000
46143,-2.670453,0.603718
46144,-2.641828,1.320914
46145,-3.484462,1.623490
46146,-3.623490,1.246980
46147,-3.095692,1.320914
46148,-2.110972,-1.123490
46149,-3.088468,0.698220
46150,-2.367905,-0.134659
46151,0.001504,0.400969
46152,-2.015156,0.455573
46153,-3.692957,1.652478
46154,-2.635719,0.400969
46155,-3.824265,1.781812
46156,-3.051264,1.365341
46157,-2.837543,1.579063
46158,-1.934194,0.777479
46159,-2.228125,1.365341
46160,-2.119812,-0.109562
46161,-3.365341,0.730682
46162,-3.563623,1.781812
46163,-0.186374,0.093187
46164,0.770019,-1.211352
46165,-3.650504,1.955573
46166,-3.281713,1.826239
46167,-3.095692,1.320914
46168,-1.845869,0.988831
46169,-2.430339,0.123490
46170,-3.215828,0.698220
46171,-3.563623,1.781812
46172,-4.000000,2.000000
46173,-3.658223,1.449729
46174,-3.650504,1.955573
46175,-2.641828,1.320914
46176,-2.706235,1.449729
46177,-3.167133,0.988831
46178,-3.153395,0.440071
46179,-2.541119,0.733052
46180,-3.824265,1.781812
46181,-2.635719,0.400969
46182,-1.384971,1.449729
46183,-2.176109,0.777479
46184,-3.658223,1.449729
46185,-3.158125,1.579063
46186,-3.658223,1.449729
46187,-2.711958,1.074730
46188,-2.641828,1.320914
46189,-3.826239,1.652478
46190,-1.179763,1.911146
46191,-1.412671,0.730682
46192,-0.628209,0.455573
46193,-3.694931,1.911146
46194,-3.563623,1.781812
46195,-3.824265,1.781812
46196,-3.658223,1.449729
46197,-3.623490,1.246980
46198,-3.694931,1.911146
46199,-3.563623,1.781812
46200,-3.462508,1.191580
46201,-2.259209,0.777479
46202,-2.964384,1.191580
46203,-2.635719,0.400969
46204,-3.658223,1.449729
46205,-3.065499,1.781812
46206,-0.237965,1.579063
46207,-2.259209,0.777479
46208,-3.326140,1.781812
46209,-2.706235,1.449729
46210,-3.281713,1.826239
46211,-2.208111,1.449729
46212,-1.977662,0.988831
46213,-1.824442,1.449729
46214,-3.434289,1.911146
46215,-2.793116,1.623490
46216,-1.116526,0.733052
46217,-2.109756,0.123490
46218,-2.859464,-0.147791
46219,0.146956,0.149460
46220,-2.872277,1.781812
46221,-3.158125,1.579063
46222,-2.872277,1.781812
46223,-1.955475,-0.826239
46224,-1.357582,-1.634021
46225,-2.119812,-0.109562
46226,-2.311457,-0.722521
46227,-3.427775,0.988831
46228,-3.658223,1.449729
46229,-3.397582,1.449729
46230,-3.167133,0.988831
46231,-2.572099,-0.722521
46232,-3.333174,1.320914
46233,-2.541119,0.733052
46234,-3.911146,1.955573
46235,-2.440004,0.142820
46236,-1.648630,-0.277479
46237,-3.397582,1.449729
46238,-2.742943,1.911146
46239,-2.641828,1.320914
46240,-2.964384,1.191580
46241,-1.413198,1.623490
46242,-3.194833,1.652478
46243,-3.692957,1.652478
46244,-3.779838,1.826239
46245,-2.388932,-0.955573
46246,-1.466104,0.733052
46247,-1.361599,-0.367711
46248,-1.330319,-0.914101
46249,-2.872277,1.781812
46250,-2.228125,1.365341
46251,-2.572099,-0.722521
46252,-1.027479,-0.277479
46253,-2.883745,1.030303
46254,-2.060606,1.030303
46255,-2.899457,1.449729
46256,-3.656250,1.579063
46257,-2.700489,1.826239
46258,-2.635719,0.400969
46259,-2.572099,-0.722521
46260,-3.397582,1.449729
46261,-3.563623,1.781812
46262,-2.700489,1.826239
46263,-3.123202,0.900969
46264,-1.032469,0.698220
46265,-1.858780,0.142820
46266,-3.427775,0.988831
46267,-2.826042,1.911146
46268,-2.669008,0.988831
46269,-3.822291,1.911146
46270,-3.333174,1.320914
46271,-1.855707,-1.634021
46272,0.328724,-1.977662
46273,0.043404,0.400969
46274,-3.123202,0.900969
46275,-2.166234,-1.400969
46276,-1.557314,-0.109562
46277,-3.563623,1.781812
46278,-0.521367,-0.277479
46279,-1.855707,-1.634021
46280,-0.722906,-0.365341
46281,-3.528889,1.579063
46282,-2.208111,1.449729
46283,-3.650504,1.955573
46284,-2.670453,0.603718
46285,-3.427775,0.988831
46286,-3.462508,1.191580
46287,-3.232059,0.730682
46288,-3.528889,1.579063
46289,-1.855707,-1.634021
46290,-1.574293,-1.721883
46291,-1.933731,0.900969
46292,-3.434289,1.911146
46293,-3.563623,1.781812
46294,-2.461033,1.955573
46295,-3.167133,0.988831
46296,-2.576901,1.579063
46297,-0.729953,0.093187
46298,-3.434289,1.911146
46299,-3.123202,0.900969
46300,-3.051264,1.365341
46301,-2.964384,1.191580
46302,-2.466259,1.191580
46303,0.001504,0.400969
46304,-1.928302,-1.488831
46305,-1.185762,-1.977662
46306,1.102957,-1.801938
46307,-1.977662,0.988831
46308,-1.873490,-1.123490
46309,-3.194833,1.652478
46310,-2.837543,1.579063
46311,-3.650504,1.955573
46312,-3.563623,1.781812
46313,-3.911146,1.955573
46314,-2.337712,0.326239
46315,-1.977662,0.988831
46316,-2.670453,0.603718
46317,-2.837543,1.579063
46318,-3.528889,1.579063
46319,-3.528889,1.579063
46320,-2.605388,-0.134659
46321,-2.892753,0.440071
46322,-3.326140,1.781812
46323,-3.088468,0.698220
46324,-2.311457,-0.722521
46325,-3.268248,1.579063
46326,-3.194833,1.652478
46327,-3.268248,1.579063
46328,-3.563623,1.781812
46329,-2.015156,0.455573
46330,-3.694931,1.911146
46331,-3.153395,0.440071
46332,-3.650504,1.955573
46333,-2.576901,1.579063
46334,-3.088468,0.698220
46335,-2.337712,0.326239
46336,-1.210838,0.222521
46337,-1.180804,0.266948
46338,-3.167133,0.988831
46339,-2.670453,0.603718
46340,-1.593993,0.988831
46341,-3.232059,0.730682
46342,-2.885719,0.900969
46343,-3.095692,1.320914
46344,-2.670453,0.603718
46345,-3.824265,1.781812
46346,-2.993868,1.030303
46347,-3.779838,1.826239
46348,-3.434289,1.911146
46349,-0.932879,0.054604
46350,-2.742943,1.911146
46351,-2.576901,1.579063
46352,-3.692957,1.652478
46353,-3.152379,1.955573
46354,-0.766862,-0.658322
46355,-1.574293,-1.721883
46356,-1.445881,-0.074730
46357,-3.563623,1.781812
46358,-3.658223,1.449729
46359,-3.194833,1.652478
46360,-1.330319,-0.914101
46361,-1.394005,0.455573
46362,-2.518736,1.074730
46363,-3.563623,1.781812
46364,-2.899457,1.449729
46365,-1.445133,0.698220
46366,-2.466259,1.191580
46367,-3.824265,1.781812
46368,-3.563623,1.781812
46369,-3.563623,1.781812
46370,-2.431855,0.900969
46371,-2.837543,1.579063
46372,-2.500000,-1.000000
46373,-2.430339,0.123490
46374,-2.366718,-1.000000
46375,-3.397582,1.449729
46376,-3.563623,1.781812
46377,-3.158125,1.579063
46378,-3.824265,1.781812
46379,-3.478716,2.000000
46380,-3.427775,0.988831
46381,-2.461033,1.955573
46382,-0.298920,0.149460
46383,-2.730682,1.365341
46384,-2.155959,-0.425270
46385,-1.988459,-1.889800
46386,-2.598822,-0.147791
46387,-2.941449,0.149460
46388,-1.244415,0.988831
46389,-3.397582,1.449729
46390,-2.060606,1.030303
46391,-1.314088,-0.074730
46392,-2.899457,1.449729
46393,-3.365341,0.730682
46394,-2.119812,-0.109562
46395,-1.168783,-0.365341
46396,-2.119812,-0.109562
46397,-2.873202,0.400969
46398,-3.652478,1.826239
46399,-3.650504,1.955573
46400,-3.652478,1.826239
46401,-2.793116,1.623490
46402,-1.733246,0.500000
46403,-3.158125,1.579063
46404,-2.366718,-1.000000
46405,-1.921819,-1.889800
46406,-2.644197,-0.445042
46407,-1.229693,-1.889800
46408,-3.528889,1.579063
46409,-3.650504,1.955573
46410,-1.890808,-0.955573
46411,-3.911146,1.955573
46412,-3.246980,1.623490
46413,-3.153395,0.440071
46414,-3.911146,1.955573
46415,-3.692957,1.652478
46416,-2.938128,0.142820
46417,-3.281713,1.826239
46418,-3.434289,1.911146
46419,-3.650504,1.955573
46420,-3.268248,1.579063
46421,-3.658223,1.449729
46422,-3.194833,1.652478
46423,-2.388932,-0.955573
46424,-1.978716,-1.000000
46425,-0.602063,-0.162592
46426,-3.333174,1.320914
46427,-3.824265,1.781812
46428,-3.484462,1.623490
46429,-3.153395,0.440071
46430,-2.388932,-0.955573
46431,-3.167133,0.988831
46432,-1.960449,1.826239
46433,-3.333174,1.320914
46434,-2.899457,1.449729
46435,-3.484462,1.623490
46436,-2.938128,0.142820
46437,-3.824265,1.781812
46438,-2.431855,0.900969
46439,-2.576901,1.579063
46440,-2.563163,1.030303
46441,-3.427775,0.988831
46442,-2.541119,0.733052
46443,-1.801938,0.900969
46444,-0.503178,1.449729
46445,-3.528889,1.579063
46446,-3.152379,1.955573
46447,-3.528889,1.579063
46448,-3.692957,1.652478
46449,-2.742943,1.911146
46450,-1.906779,-0.535628
46451,-0.311666,0.326239
46452,-0.219815,0.011169
46453,0.231673,-0.134659
46454,-3.152379,1.955573
46455,-2.883745,1.030303
46456,-3.650504,1.955573
46457,-1.601453,0.500000
46458,-3.484462,1.623490
46459,-2.810768,0.142820
46460,-2.141244,1.191580
46461,-3.326140,1.781812
46462,-1.934194,0.777479
46463,-3.051264,1.365341
46464,-1.977662,0.988831
46465,-2.899457,1.449729
46466,-3.528889,1.579063
46467,-3.563623,1.781812
46468,-3.694931,1.911146
46469,-3.123202,0.900969
46470,-1.877888,-1.977662
46471,-1.955475,-0.826239
46472,-2.670453,0.603718
46473,-2.235810,0.730682
46474,-3.563623,1.781812
46475,-3.563623,1.781812
46476,-2.742943,1.911146
46477,-1.762918,-1.211352
46478,-0.102415,-0.074730
46479,-3.304955,1.652478
46480,-3.324167,1.911146
46481,-2.899457,1.449729
46482,-3.167133,0.988831
46483,-2.717704,0.698220
46484,-3.484462,1.623490
46485,-3.304955,1.652478
46486,-1.624178,-1.488831
46487,-0.916907,-0.365341
46488,-1.027479,-0.277479
46489,-2.518736,1.074730
46490,-3.955573,1.911146
46491,-3.434289,1.911146
46492,-3.623490,1.246980
46493,-3.650504,1.955573
46494,-1.574735,-0.425270
46495,-2.302521,1.030303
46496,-2.109756,0.123490
46497,-3.490208,1.246980
46498,-2.641828,1.320914
46499,-3.335148,1.191580
46500,-3.065499,1.781812
46501,-1.922262,1.652478
46502,-1.127350,1.826239
46503,-0.911146,0.455573
46504,-2.873202,0.400969
46505,-2.430339,0.123490
46506,-1.039708,-0.623490
46507,-3.427775,0.988831
46508,-2.311457,-0.722521
46509,-2.116349,-1.634021
46510,-3.658223,1.449729
46511,-2.461033,1.955573
46512,-3.822291,1.911146
46513,-3.563623,1.781812
46514,-3.822291,1.911146
46515,-3.490208,1.246980
46516,-2.116349,-1.634021
46517,-2.440004,0.142820
46518,-2.184738,-0.367711
46519,-1.027479,-0.277479
46520,-2.060606,1.030303
46521,-1.775215,0.326239
46522,-3.304955,1.652478
46523,-2.383160,1.191580
46524,-3.281713,1.826239
46525,-2.711958,1.074730
46526,-3.623490,1.246980
46527,-3.281713,1.826239
46528,-0.288960,0.149460
46529,-2.394628,0.440071
46530,-1.636943,1.074730
46531,-2.440004,0.142820
46532,-3.563623,1.781812
46533,-1.637893,1.955573
46534,-2.711958,1.074730
46535,-3.102206,1.246980
46536,-1.155045,-0.914101
46537,-3.866718,2.000000
46538,-1.719513,1.246980
46539,1.115691,-0.955573
46540,-3.152379,1.955573
46541,-2.835050,1.320914
46542,-2.669008,0.988831
46543,-3.268248,1.579063
46544,-3.563623,1.781812
46545,-3.102206,1.246980
46546,-1.413198,1.623490
46547,-3.102206,1.246980
46548,-3.152379,1.955573
46549,-2.015156,0.455573
46550,-2.540461,0.123490
46551,-3.462508,1.191580
46552,-2.461033,1.955573
46553,-3.434289,1.911146
46554,-1.261910,1.320914
46555,-2.259209,0.777479
46556,-3.824265,1.781812
46557,-2.872277,1.781812
46558,-2.670453,0.603718
46559,-3.153395,0.440071
46560,-1.419626,-1.123490
46561,-0.967322,0.123490
46562,-2.742943,1.911146
46563,-3.232059,0.730682
46564,-2.540461,0.123490
46565,-3.153395,0.440071
46566,-1.717979,0.733052
46567,-3.326140,1.781812
46568,-2.892753,0.440071
46569,-3.911146,1.955573
46570,-3.153395,0.440071
46571,-3.427775,0.988831
46572,-3.051264,1.365341
46573,-3.246980,1.623490
46574,-2.343556,-0.658322
46575,-1.661706,-1.634021
46576,-1.794458,-1.889800
46577,-1.727818,-1.889800
46578,-2.311457,-0.722521
46579,-3.650504,1.955573
46580,-2.383160,1.191580
46581,-3.826239,1.652478
46582,-2.844057,0.730682
46583,-2.883745,1.030303
46584,-3.158125,1.579063
46585,-2.294861,-0.367711
46586,-1.574293,-1.721883
46587,-1.121986,-0.722521
46588,-2.065597,-0.826239
46589,-2.605388,-0.134659
46590,-3.088468,0.698220
46591,-3.484462,1.623490
46592,-3.167133,0.988831
46593,-2.837543,1.579063
46594,-1.261910,1.320914
46595,-3.779838,1.826239
46596,-3.658223,1.449729
46597,-3.484462,1.623490
46598,-3.694931,1.911146
46599,-3.911146,1.955573
46600,-3.152379,1.955573
46601,-0.493902,-1.211352
46602,-1.833963,0.093187
46603,-2.383160,1.191580
46604,-3.824265,1.781812
46605,-1.731816,1.652478
46606,-0.350619,-0.277479
46607,0.497515,-0.162592
46608,-1.933731,0.900969
46609,-2.410859,1.246980
46610,-2.870469,2.000000
46611,-1.314088,-0.074730
46612,-0.190819,0.011169
46613,-1.137418,-1.466104
46614,-2.873202,0.400969
46615,-1.849772,0.733052
46616,-3.563623,1.781812
46617,-1.824442,1.449729
46618,-3.326140,1.781812
46619,-2.706235,1.449729
46620,-0.801938,0.400969
46621,-2.466259,1.191580
46622,-2.899457,1.449729
46623,-3.434289,1.911146
46624,-3.484462,1.623490
46625,-3.563623,1.781812
46626,-2.993868,1.030303
46627,-3.397582,1.449729
46628,-3.692957,1.652478
46629,-3.095692,1.320914
46630,-2.302521,1.030303
46631,-3.866718,2.000000
46632,-2.208111,1.449729
46633,-3.563623,1.781812
46634,-2.228125,1.365341
46635,-3.152379,1.955573
46636,-3.268248,1.579063
46637,-2.228125,1.365341
46638,-3.074730,0.149460
46639,-2.938128,0.142820
46640,-3.333174,1.320914
46641,-1.965750,-1.801938
46642,-1.275116,0.455573
46643,-1.922262,1.652478
46644,-2.096023,2.000000
46645,-3.824265,1.781812
46646,-1.396440,0.698220
46647,-2.430339,0.123490
46648,-2.873202,0.400969
46649,-1.306849,1.246980
46650,-1.306849,1.246980
46651,-1.474108,-1.400969
46652,-2.859464,-0.147791
46653,-2.669008,0.988831
46654,-3.397582,1.449729
46655,-2.242359,1.781812
46656,-3.194833,1.652478
46657,-2.184738,-0.367711
46658,-2.553446,0.149460
46659,-3.095692,1.320914
46660,-2.899457,1.449729
46661,-3.333174,1.320914
46662,-3.246980,1.623490
46663,-3.563623,1.781812
46664,-3.397582,1.449729
46665,-3.281713,1.826239
46666,-3.065499,1.781812
46667,-2.938128,0.142820
46668,-3.692957,1.652478
46669,-3.824265,1.781812
46670,-3.051264,1.365341
46671,-3.692957,1.652478
46672,-0.241532,0.054604
46673,-2.576901,1.579063
46674,-1.445133,0.698220
46675,-3.123202,0.900969
46676,-3.528889,1.579063
46677,-3.462508,1.191580
46678,-3.692957,1.652478
46679,-0.666236,-1.634021
46680,-3.246980,1.623490
46681,-2.133667,-1.466104
46682,-1.906779,-0.535628
46683,-1.917063,0.093187
46684,0.064088,-0.425270
46685,-2.540461,0.123490
46686,-0.001041,-0.277479
46687,-1.550062,0.900969
46688,-0.586211,-0.147791
46689,-2.835050,1.320914
46690,-2.885719,0.900969
46691,-3.304955,1.652478
46692,-3.652478,1.826239
46693,-0.272729,0.988831
46694,-3.652478,1.826239
46695,-3.822291,1.911146
46696,-3.658223,1.449729
46697,-2.899457,1.449729
46698,-3.161387,1.365341
46699,-2.730682,1.365341
46700,-0.248496,0.900969
46701,0.556302,0.222521
46702,-3.658223,1.449729
46703,-3.824265,1.781812
46704,-3.434289,1.911146
46705,-3.326140,1.781812
46706,0.289016,-0.134659
46707,-3.866718,2.000000
46708,-2.993868,1.030303
46709,-2.837543,1.579063
46710,-2.576901,1.579063
46711,-3.824265,1.781812
46712,-2.964384,1.191580
46713,-2.576901,1.579063
46714,-2.964384,1.191580
46715,-2.228125,1.365341
46716,-0.728444,-1.634021
46717,-2.461033,1.955573
46718,-1.731730,-0.277479
46719,-2.872277,1.781812
46720,-3.656250,1.579063
46721,-2.176109,0.777479
46722,-3.158125,1.579063
46723,-3.333174,1.320914
46724,-3.563623,1.781812
46725,0.417869,0.440071
46726,-2.641828,1.320914
46727,-2.228125,1.365341
46728,-2.938128,0.142820
46729,-3.650504,1.955573
46730,-2.993868,1.030303
46731,-3.911146,1.955573
46732,-3.692957,1.652478
46733,-3.065499,1.781812
46734,-2.337712,0.326239
46735,-2.208111,1.449729
46736,-3.246980,1.623490
46737,-3.866718,2.000000
46738,-2.964384,1.191580
46739,-3.268248,1.579063
46740,-3.824265,1.781812
46741,-3.397582,1.449729
46742,-3.462508,1.191580
46743,-2.228125,1.365341
46744,-1.648630,-0.277479
46745,-2.337712,0.326239
46746,-3.051264,1.365341
46747,-3.563623,1.781812
46748,-3.152379,1.955573
46749,-2.431855,0.900969
46750,-1.550062,0.900969
46751,-3.123202,0.900969
46752,-3.650504,1.955573
46753,-2.892753,0.440071
46754,-3.427775,0.988831
46755,-3.427775,0.988831
46756,-2.466259,1.191580
46757,-2.259209,0.777479
46758,-2.993868,1.030303
46759,-3.528889,1.579063
46760,-3.232059,0.730682
46761,-3.650504,1.955573
46762,-3.397582,1.449729
46763,-2.367905,-0.134659
46764,-0.621791,-0.955573
46765,-1.794458,-1.889800
46766,-1.727818,-1.889800
46767,-2.518736,1.074730
46768,-3.281713,1.826239
46769,-3.658223,1.449729
46770,-3.658223,1.449729
46771,-3.824265,1.781812
46772,-3.528889,1.579063
46773,-2.518736,1.074730
46774,-3.563623,1.781812
46775,-2.964384,1.191580
46776,-2.394628,0.440071
46777,-3.167133,0.988831
46778,-2.553446,0.149460
46779,-1.988459,-1.889800
46780,-0.066833,-1.233052
46781,-1.773241,0.455573
46782,-2.810768,0.142820
46783,-3.652478,1.826239
46784,-0.202183,0.733052
46785,-3.528889,1.579063
46786,-1.978621,0.733052
46787,-2.742943,1.911146
46788,-2.644197,-0.445042
46789,-1.906779,-0.535628
46790,-3.692957,1.652478
46791,-1.801938,0.900969
46792,-0.709394,0.440071
46793,-2.572099,-0.722521
46794,-1.965750,-1.801938
46795,-2.844057,0.730682
46796,-2.572099,-0.722521
46797,-2.844057,0.730682
46798,-3.484462,1.623490
46799,-2.176109,0.777479
46800,-3.246980,1.623490
46801,-0.926428,-1.721883
46802,-0.140335,-0.147791
46803,-1.445133,0.698220
46804,-3.167133,0.988831
46805,-3.563623,1.781812
46806,-3.563623,1.781812
46807,-3.779838,1.826239
46808,-2.336959,1.449729
46809,-0.186388,-1.721883
46810,-0.130454,-0.109562
46811,-3.335148,1.191580
46812,-3.650504,1.955573
46813,-2.431855,0.900969
46814,-2.096023,2.000000
46815,-2.883745,1.030303
46816,-2.461033,1.955573
46817,-2.883745,1.030303
46818,-2.899457,1.449729
46819,-2.349870,0.603718
46820,-3.656250,1.579063
46821,-2.780575,0.603718
46822,-3.490208,1.246980
46823,-2.641828,1.320914
46824,-3.563623,1.781812
46825,-3.563623,1.781812
46826,-2.872277,1.781812
46827,-3.656250,1.579063
46828,-2.899457,1.449729
46829,-3.822291,1.911146
46830,-2.835050,1.320914
46831,-2.261572,-0.955573
46832,-3.911146,1.955573
46833,-3.065499,1.781812
46834,-2.899457,1.449729
46835,-2.780575,0.603718
46836,-3.652478,1.826239
46837,-3.335148,1.191580
46838,-3.158125,1.579063
46839,-2.654083,-0.425270
46840,-3.335148,1.191580
46841,-2.899457,1.449729
46842,-3.652478,1.826239
46843,-3.652478,1.826239
46844,-2.899457,1.449729
46845,-1.309583,-0.955573
46846,-2.176109,0.777479
46847,-3.826239,1.652478
46848,-3.824265,1.781812
46849,-2.635719,0.400969
46850,-3.478716,2.000000
46851,-3.822291,1.911146
46852,-3.824265,1.781812
46853,-3.652478,1.826239
46854,-3.065499,1.781812
46855,-1.198511,1.030303
46856,-2.883745,1.030303
46857,-2.941449,0.149460
46858,-1.253943,-1.233052
46859,-2.337712,0.326239
46860,-0.669220,1.781812
46861,-3.779838,1.826239
46862,-3.484462,1.623490
46863,-3.528889,1.579063
46864,-0.584824,-0.033258
46865,-2.670453,0.603718
46866,-0.867905,1.365341
46867,-2.635719,0.400969
46868,-2.696708,1.652478
46869,-3.065499,1.781812
46870,-2.885719,0.900969
46871,1.025798,-0.955573
46872,-0.072451,-0.134659
46873,-2.144490,0.326239
46874,-3.478716,2.000000
46875,-3.153395,0.440071
46876,-1.717979,0.733052
46877,-1.445881,-0.074730
46878,-1.906779,-0.535628
46879,-3.246980,1.623490
46880,-3.866718,2.000000
46881,-2.696708,1.652478
46882,-2.835050,1.320914
46883,-3.692957,1.652478
46884,-3.484462,1.623490
46885,-2.540461,0.123490
46886,-1.762918,-1.211352
46887,-1.917063,0.093187
46888,-3.397582,1.449729
46889,-2.242359,1.781812
46890,-2.892753,0.440071
46891,-3.866718,2.000000
46892,-3.281713,1.826239
46893,-2.711958,1.074730
46894,-3.065499,1.781812
46895,-2.526723,-0.425270
46896,-1.210838,0.222521
46897,-2.635719,0.400969
46898,-3.462508,1.191580
46899,-0.492457,-0.826239
46900,0.131183,-0.162592
46901,-3.528889,1.579063
46902,-2.563163,1.030303
46903,-3.153395,0.440071
46904,-3.911146,1.955573
46905,-3.462508,1.191580
46906,-2.938128,0.142820
46907,-3.246980,1.623490
46908,-3.268248,1.579063
46909,-3.051264,1.365341
46910,-3.397582,1.449729
46911,-2.302521,1.030303
46912,-3.051264,1.365341
46913,-2.993868,1.030303
46914,-2.366718,-1.000000
46915,-2.294861,-0.367711
46916,-2.343556,-0.658322
46917,-2.431855,0.900969
46918,-3.324167,1.911146
46919,-3.333174,1.320914
46920,-3.152379,1.955573
46921,-3.824265,1.781812
46922,-3.158125,1.579063
46923,-2.810768,0.142820
46924,-3.652478,1.826239
46925,-2.872277,1.781812
46926,-1.833963,0.093187
46927,-1.855707,-1.634021
46928,-0.686069,-0.722521
46929,0.117217,-0.134659
46930,-3.335148,1.191580
46931,-2.941449,0.149460
46932,-2.383160,1.191580
46933,-2.899457,1.449729
46934,-3.304955,1.652478
46935,-3.822291,1.911146
46936,-3.563623,1.781812
46937,-3.656250,1.579063
46938,-3.824265,1.781812
46939,-1.977662,0.988831
46940,-3.824265,1.781812
46941,-3.333174,1.320914
46942,-3.563623,1.781812
46943,-1.864156,-0.367711
46944,-3.822291,1.911146
46945,-2.176109,0.777479
46946,-3.658223,1.449729
46947,-1.762008,1.191580
46948,-3.246980,1.623490
46949,-3.304955,1.652478
46950,-3.563623,1.781812
46951,-2.899457,1.449729
46952,-2.883745,1.030303
46953,-1.878417,-1.721883
46954,-3.484462,1.623490
46955,-2.334986,1.579063
46956,-2.168944,1.246980
46957,-3.324167,1.911146
46958,-2.366718,-1.000000
46959,-3.652478,1.826239
46960,-1.212812,0.093187
46961,-3.167133,0.988831
46962,-3.822291,1.911146
46963,-3.158125,1.579063
46964,-2.430339,0.123490
46965,-3.822291,1.911146
46966,-3.478716,2.000000
46967,-3.484462,1.623490
46968,-2.873202,0.400969
46969,-2.366718,-1.000000
46970,-1.727818,-1.889800
46971,-3.333174,1.320914
46972,-2.654083,-0.425270
46973,-2.065597,-0.826239
46974,-1.643120,1.191580
46975,-2.065597,-0.826239
46976,-3.462508,1.191580
46977,-2.837543,1.579063
46978,-3.692957,1.652478
46979,-3.427775,0.988831
46980,-3.911146,1.955573
46981,-1.928302,-1.488831
46982,-2.015156,0.455573
46983,-2.899457,1.449729
46984,-2.367905,-0.134659
46985,-2.892753,0.440071
46986,-2.394628,0.440071
46987,-2.242359,1.781812
46988,-3.528889,1.579063
46989,-3.824265,1.781812
46990,-2.859464,-0.147791
46991,-2.872277,1.781812
46992,-3.955573,1.911146
46993,-3.911146,1.955573
46994,-3.658223,1.449729
46995,-2.576901,1.579063
46996,-2.466259,1.191580
46997,-2.184738,-0.367711
46998,-3.167133,0.988831
46999,-1.643120,1.191580
47000,-3.650504,1.955573
47001,-2.410859,1.246980
47002,-3.694931,1.911146
47003,-3.866718,2.000000
47004,-1.847313,0.603718
47005,-1.695108,1.579063
47006,-2.410859,1.246980
47007,-3.153395,0.440071
47008,-2.872277,1.781812
47009,-2.518736,1.074730
47010,-2.670453,0.603718
47011,-3.779838,1.826239
47012,-2.302521,1.030303
47013,-2.885719,0.900969
47014,-1.960449,1.826239
47015,-3.955573,1.911146
47016,-2.541119,0.733052
47017,-3.650504,1.955573
47018,-1.801938,0.900969
47019,-2.141244,1.191580
47020,-1.279149,1.191580
47021,-2.635719,0.400969
47022,-3.268248,1.579063
47023,-3.153395,0.440071
47024,-3.650504,1.955573
47025,-1.878417,-1.721883
47026,-2.136480,0.698220
47027,-3.095692,1.320914
47028,-3.462508,1.191580
47029,-1.574735,-0.425270
47030,-1.636943,1.074730
47031,-3.824265,1.781812
47032,-3.088468,0.698220
47033,-2.316833,-1.233052
47034,-0.686458,-0.826239
47035,-1.933731,0.900969
47036,-1.132335,-0.826239
47037,-1.032469,0.698220
47038,-2.098256,0.455573
47039,-3.826239,1.652478
47040,-2.518736,1.074730
47041,-2.334986,1.579063
47042,-3.161387,1.365341
47043,-2.106074,-0.658322
47044,-3.158125,1.579063
47045,-2.793116,1.623490
47046,-3.563623,1.781812
47047,-2.060606,1.030303
47048,-2.899457,1.449729
47049,-3.335148,1.191580
47050,-3.822291,1.911146
47051,-4.000000,2.000000
47052,-1.568917,-1.211352
47053,-3.563623,1.781812
47054,-2.899457,1.449729
47055,-3.335148,1.191580
47056,-2.367905,-0.134659
47057,-1.170753,0.149460
47058,-1.168783,-0.365341
47059,-3.281713,1.826239
47060,-3.167133,0.988831
47061,-3.623490,1.246980
47062,-1.690819,-1.488831
47063,-3.692957,1.652478
47064,-2.859464,-0.147791
47065,-3.281713,1.826239
47066,-3.427775,0.988831
47067,-3.397582,1.449729
47068,-1.357582,-1.634021
47069,-0.336881,-0.826239
47070,-0.368582,0.440071
47071,-1.845869,0.988831
47072,0.339445,1.191580
47073,0.249707,0.603718
47074,1.255297,-0.535628
47075,-3.095692,1.320914
47076,-1.690819,-1.488831
47077,-1.713557,-0.535628
47078,-3.478716,2.000000
47079,-3.652478,1.826239
47080,-3.335148,1.191580
47081,-3.652478,1.826239
47082,-1.607199,0.123490
47083,-2.166234,-1.400969
47084,-3.650504,1.955573
47085,-1.813332,-0.722521
47086,-0.272214,-0.955573
47087,0.837569,1.191580
47088,-0.259965,0.149460
47089,-3.911146,1.955573
47090,-3.158125,1.579063
47091,-3.824265,1.781812
47092,-2.826042,1.911146
47093,-2.334986,1.579063
47094,-3.658223,1.449729
47095,-3.490208,1.246980
47096,-1.551012,1.781812
47097,-3.563623,1.781812
47098,-3.826239,1.652478
47099,-2.899457,1.449729
47100,-1.717542,-0.914101
47101,-1.690819,-1.488831
47102,-2.641828,1.320914
47103,-1.577747,-1.801938
47104,-1.168783,-0.365341
47105,-2.711958,1.074730
47106,-2.874250,1.652478
47107,-1.551012,1.781812
47108,-1.406715,-0.277479
47109,-1.928302,-1.488831
47110,-3.326140,1.781812
47111,-2.837543,1.579063
47112,-3.955573,1.911146
47113,-3.268248,1.579063
47114,-2.938128,0.142820
47115,0.640322,0.326239
47116,-3.088468,0.698220
47117,-3.658223,1.449729
47118,-3.281713,1.826239
47119,-2.872277,1.781812
47120,-2.993868,1.030303
47121,-2.563163,1.030303
47122,-3.563623,1.781812
47123,-2.526723,-0.425270
47124,-1.690819,-1.488831
47125,-2.793116,1.623490
47126,-3.246980,1.623490
47127,-2.430339,0.123490
47128,-3.215828,0.698220
47129,-3.650504,1.955573
47130,-2.641828,1.320914
47131,-1.198511,1.030303
47132,-2.793116,1.623490
47133,-0.221544,-0.535628
47134,-1.574293,-1.721883
47135,-0.926428,-1.721883
47136,-0.447472,-0.425270
47137,-0.911146,0.455573
47138,-2.133667,-1.466104
47139,-2.065597,-0.826239
47140,-1.568917,-1.211352
47141,0.185908,-0.535628
47142,1.445042,-0.722521
47143,-3.955573,1.911146
47144,-3.528889,1.579063
47145,-1.988459,-1.889800
47146,-1.170753,0.149460
47147,-3.152379,1.955573
47148,-2.706235,1.449729
47149,-3.779838,1.826239
47150,-2.835050,1.320914
47151,-2.605388,-0.134659
47152,-2.576901,1.579063
47153,-3.326140,1.781812
47154,-2.899457,1.449729
47155,-2.706235,1.449729
47156,-2.388932,-0.955573
47157,-2.835050,1.320914
47158,-3.065499,1.781812
47159,-3.824265,1.781812
47160,-2.793116,1.623490
47161,-1.072099,0.777479
47162,-3.281713,1.826239
47163,-3.658223,1.449729
47164,-1.960449,1.826239
47165,-3.911146,1.955573
47166,-2.038874,-1.400969
47167,-0.916907,-0.365341
47168,-1.955475,-0.826239
47169,-1.375695,-1.211352
47170,-3.102206,1.246980
47171,-3.194833,1.652478
47172,-3.650504,1.955573
47173,-1.349189,0.603718
47174,-3.563623,1.781812
47175,-1.551938,0.400969
47176,-3.246980,1.623490
47177,-2.347897,0.733052
47178,-2.015156,0.455573
47179,-3.528889,1.579063
47180,-1.244415,0.988831
47181,-1.323809,0.455573
47182,-1.088404,-0.914101
47183,-0.880142,0.440071
47184,-3.427775,0.988831
47185,-2.793116,1.623490
47186,-4.000000,2.000000
47187,-2.717704,0.698220
47188,-2.337712,0.326239
47189,-3.095692,1.320914
47190,-1.524320,-0.914101
47191,-3.911146,1.955573
47192,-3.161387,1.365341
47193,-2.885719,0.900969
47194,-2.730682,1.365341
47195,-3.397582,1.449729
47196,-0.756100,1.955573
47197,-0.496114,1.320914
47198,-1.988459,-1.889800
47199,-0.602063,-0.162592
47200,-2.899457,1.449729
47201,-3.528889,1.579063
47202,-3.152379,1.955573
47203,-3.326140,1.781812
47204,-2.598822,-0.147791
47205,-3.065499,1.781812
47206,-3.281713,1.826239
47207,-3.051264,1.365341
47208,-1.977662,0.988831
47209,-1.554958,0.777479
47210,-3.335148,1.191580
47211,-2.844057,0.730682
47212,-3.123202,0.900969
47213,-3.304955,1.652478
47214,-2.181855,0.400969
47215,-1.833963,0.093187
47216,-3.161387,1.365341
47217,-3.650504,1.955573
47218,-2.885719,0.900969
47219,-2.641828,1.320914
47220,-3.652478,1.826239
47221,-3.246980,1.623490
47222,-3.652478,1.826239
47223,-2.872277,1.781812
47224,-2.717704,0.698220
47225,-3.824265,1.781812
47226,-3.563623,1.781812
47227,-3.246980,1.623490
47228,-3.304955,1.652478
47229,-3.656250,1.579063
47230,-3.161387,1.365341
47231,-1.771749,-1.801938
47232,-2.155959,-0.425270
47233,-1.207436,0.603718
47234,-1.811776,-1.721883
47235,-1.014727,-0.162592
47236,-0.864659,-0.365341
47237,-1.423694,-1.889800
47238,-1.005460,-0.955573
47239,-3.824265,1.781812
47240,-2.859464,-0.147791
47241,-2.431855,0.900969
47242,-3.434289,1.911146
47243,-2.892753,0.440071
47244,-2.576901,1.579063
47245,-3.074730,0.149460
47246,-3.194833,1.652478
47247,-2.208111,1.449729
47248,-3.563623,1.781812
47249,-3.246980,1.623490
47250,-2.641828,1.320914
47251,1.124714,1.449729
47252,-1.824442,1.449729
47253,-3.268248,1.579063
47254,-3.167133,0.988831
47255,-3.232059,0.730682
47256,-1.044797,-0.109562
47257,-3.335148,1.191580
47258,-2.717704,0.698220
47259,-3.304955,1.652478
47260,-3.822291,1.911146
47261,-2.242359,1.781812
47262,-2.859464,-0.147791
47263,-2.540461,0.123490
47264,-3.333174,1.320914
47265,-3.397582,1.449729
47266,-3.051264,1.365341
47267,-3.051264,1.365341
47268,-3.563623,1.781812
47269,-3.911146,1.955573
47270,-3.326140,1.781812
47271,-1.169803,1.911146
47272,-3.650504,1.955573
47273,-2.015156,0.455573
47274,-2.835050,1.320914
47275,-2.964384,1.191580
47276,-2.837543,1.579063
47277,-3.563623,1.781812
47278,-1.668109,-1.400969
47279,-2.337712,0.326239
47280,-3.158125,1.579063
47281,-2.641828,1.320914
47282,-2.899457,1.449729
47283,-1.461364,0.730682
47284,-2.098256,0.455573
47285,-0.873667,-0.955573
47286,-3.652478,1.826239
47287,-2.872277,1.781812
47288,-3.335148,1.191580
47289,-0.855884,0.733052
47290,-1.207436,0.603718
47291,-3.563623,1.781812
47292,-1.132335,-0.826239
47293,-3.333174,1.320914
47294,-3.911146,1.955573
47295,-3.123202,0.900969
47296,-2.176109,0.777479
47297,-3.822291,1.911146
47298,-2.493959,1.246980
47299,-2.654083,-0.425270
47300,-2.859464,-0.147791
47301,-2.706235,1.449729
47302,-2.098256,0.455573
47303,-3.822291,1.911146
47304,-4.000000,2.000000
47305,-2.337712,0.326239
47306,-2.106074,-0.658322
47307,-0.311666,0.326239
47308,-1.890808,-0.955573
47309,-1.928302,-1.488831
47310,-3.955573,1.911146
47311,-1.917063,0.093187
47312,-2.563163,1.030303
47313,-3.427775,0.988831
47314,-3.955573,1.911146
47315,-2.641828,1.320914
47316,-3.955573,1.911146
47317,-0.214510,0.149460
47318,-3.824265,1.781812
47319,-3.095692,1.320914
47320,-3.563623,1.781812
47321,-1.695108,1.579063
47322,-3.911146,1.955573
47323,-3.779838,1.826239
47324,-2.669008,0.988831
47325,-1.648630,-0.277479
47326,-1.681370,1.030303
47327,-3.281713,1.826239
47328,-3.281713,1.826239
47329,-3.658223,1.449729
47330,-1.637893,1.955573
47331,-2.711958,1.074730
47332,-3.427775,0.988831
47333,-3.123202,0.900969
47334,-3.088468,0.698220
47335,-2.993868,1.030303
47336,-2.706235,1.449729
47337,-3.427775,0.988831
47338,0.023853,0.440071
47339,-1.877888,-1.977662
47340,-2.837543,1.579063
47341,-3.281713,1.826239
47342,-2.859464,-0.147791
47343,-2.696708,1.652478
47344,-2.899457,1.449729
47345,-2.670453,0.603718
47346,-2.835050,1.320914
47347,-3.866718,2.000000
47348,-2.553446,0.149460
47349,-3.779838,1.826239
47350,-3.692957,1.652478
47351,-3.779838,1.826239
47352,-3.088468,0.698220
47353,-2.337712,0.326239
47354,-3.911146,1.955573
47355,-0.983709,-1.123490
47356,-0.109208,0.054604
47357,-1.396440,0.698220
47358,-3.650504,1.955573
47359,-1.284124,-0.134659
47360,-2.635719,0.400969
47361,-2.383160,1.191580
47362,-0.854474,-0.623490
47363,-2.872277,1.781812
47364,-2.168944,1.246980
47365,-1.945199,0.149460
47366,-3.652478,1.826239
47367,-3.826239,1.652478
47368,-3.123202,0.900969
47369,-1.314088,-0.074730
47370,-3.158125,1.579063
47371,-2.163198,1.623490
47372,-3.326140,1.781812
47373,-3.563623,1.781812
47374,-2.168944,1.246980
47375,-2.311457,-0.722521
47376,-2.367905,-0.134659
47377,-1.771749,-1.801938
47378,-1.300576,-0.365341
47379,-0.721721,-0.367711
47380,-3.652478,1.826239
47381,-0.011858,0.123490
47382,-0.913353,-0.365341
47383,-1.551012,1.781812
47384,-3.281713,1.826239
47385,-0.932879,0.054604
47386,-0.721721,-0.367711
47387,-2.002903,1.911146
47388,-3.656250,1.579063
47389,-2.873202,0.400969
47390,-4.000000,2.000000
47391,-1.745664,-1.466104
47392,-1.568917,-1.211352
47393,-2.316833,-1.233052
47394,0.568195,-0.033258
47395,-1.253943,-1.233052
47396,-2.541119,0.733052
47397,-3.824265,1.781812
47398,-3.215828,0.698220
47399,-2.780575,0.603718
47400,-3.152379,1.955573
47401,-3.365341,0.730682
47402,-3.427775,0.988831
47403,-1.207436,0.603718
47404,-3.822291,1.911146
47405,-1.044797,-0.109562
47406,-3.490208,1.246980
47407,-1.637893,1.955573
47408,-3.824265,1.781812
47409,-3.652478,1.826239
47410,-3.304955,1.652478
47411,-2.430339,0.123490
47412,-3.326140,1.781812
47413,-1.396440,0.698220
47414,-0.500689,-0.365341
47415,-1.423694,-1.889800
47416,-3.490208,1.246980
47417,-2.777479,-0.445042
47418,-1.557314,-0.109562
47419,-2.641828,1.320914
47420,-3.563623,1.781812
47421,-2.873202,0.400969
47422,-2.717704,0.698220
47423,-2.706235,1.449729
47424,-3.652478,1.826239
47425,-2.826042,1.911146
47426,-1.922262,1.652478
47427,-2.294861,-0.367711
47428,-1.824442,1.449729
47429,-4.000000,2.000000
47430,-3.822291,1.911146
47431,-3.095692,1.320914
47432,-2.826042,1.911146
47433,-3.824265,1.781812
47434,-2.349870,0.603718
47435,-1.864156,-0.367711
47436,-2.844057,0.730682
47437,-3.822291,1.911146
47438,-1.833963,0.093187
47439,-3.822291,1.911146
47440,-3.822291,1.911146
47441,-1.492359,1.781812
47442,-0.168606,-0.033258
47443,-3.158125,1.579063
47444,-3.824265,1.781812
47445,-3.095692,1.320914
47446,-3.365341,0.730682
47447,-0.855884,0.733052
47448,-3.365341,0.730682
47449,-3.650504,1.955573
47450,-2.883745,1.030303
47451,-2.208111,1.449729
47452,-2.144490,0.326239
47453,-2.367905,-0.134659
47454,-3.215828,0.698220
47455,-2.711958,1.074730
47456,-3.158125,1.579063
47457,-2.780575,0.603718
47458,-3.397582,1.449729
47459,-3.326140,1.781812
47460,-2.654083,-0.425270
47461,-2.644197,-0.445042
47462,-3.434289,1.911146
47463,-3.152379,1.955573
47464,-2.635719,0.400969
47465,-3.088468,0.698220
47466,-3.650504,1.955573
47467,-2.563163,1.030303
47468,-2.872277,1.781812
47469,-3.051264,1.365341
47470,-2.141244,1.191580
47471,-3.462508,1.191580
47472,-2.311457,-0.722521
47473,-2.302521,1.030303
47474,-3.484462,1.623490
47475,-3.123202,0.900969
47476,-0.709622,0.099031
47477,-2.181855,0.400969
47478,-1.878417,-1.721883
47479,-3.826239,1.652478
47480,-3.652478,1.826239
47481,-2.334986,1.579063
47482,-3.652478,1.826239
47483,-3.153395,0.440071
47484,-3.397582,1.449729
47485,-1.384971,1.449729
47486,-3.158125,1.579063
47487,-3.563623,1.781812
47488,-3.304955,1.652478
47489,-3.652478,1.826239
47490,-2.669008,0.988831
47491,-3.324167,1.911146
47492,-2.899457,1.449729
47493,-3.123202,0.900969
47494,-2.430339,0.123490
47495,-0.860591,0.400969
47496,-3.095692,1.320914
47497,-1.836861,1.579063
47498,-0.771367,0.222521
47499,-3.652478,1.826239
47500,-1.717979,0.733052
47501,0.175738,1.623490
47502,-0.765763,0.730682
47503,-2.383160,1.191580
47504,0.961131,-0.826239
47505,-2.844057,0.730682
47506,-2.873202,0.400969
47507,-3.650504,1.955573
47508,-2.431855,0.900969
47509,-2.256195,-0.445042
47510,-3.563623,1.781812
47511,-3.152379,1.955573
47512,-3.161387,1.365341
47513,-3.478716,2.000000
47514,-2.899457,1.449729
47515,-3.652478,1.826239
47516,-3.652478,1.826239
47517,-2.700489,1.826239
47518,-3.658223,1.449729
47519,-1.906779,-0.535628
47520,-1.088404,-0.914101
47521,-3.824265,1.781812
47522,-2.717704,0.698220
47523,-2.859464,-0.147791
47524,-0.027125,-0.109562
47525,-3.652478,1.826239
47526,-0.650969,0.099031
47527,-0.285935,0.123490
47528,-1.229497,0.266948
47529,-2.430339,0.123490
47530,-3.824265,1.781812
47531,-1.965750,-1.801938
47532,-2.941449,0.149460
47533,-3.911146,1.955573
47534,-3.563623,1.781812
47535,-0.143651,0.123490
47536,-3.324167,1.911146
47537,-1.906779,-0.535628
47538,-2.572099,-0.722521
47539,-1.965750,-1.801938
47540,-2.899457,1.449729
47541,-3.694931,1.911146
47542,-2.553446,0.149460
47543,-0.336881,-0.826239
47544,-3.650504,1.955573
47545,-2.938128,0.142820
47546,-3.123202,0.900969
47547,-1.349189,0.603718
47548,-3.427775,0.988831
47549,-3.650504,1.955573
47550,-2.837543,1.579063
47551,-2.964384,1.191580
47552,-1.801938,0.900969
47553,0.764641,-1.977662
47554,-3.232059,0.730682
47555,-3.694931,1.911146
47556,-3.563623,1.781812
47557,-2.461033,1.955573
47558,-3.123202,0.900969
47559,-2.964384,1.191580
47560,-3.123202,0.900969
47561,-3.397582,1.449729
47562,-2.641828,1.320914
47563,-3.658223,1.449729
47564,-2.870469,2.000000
47565,-2.242359,1.781812
47566,-1.050429,1.652478
47567,-3.232059,0.730682
47568,-2.899457,1.449729
47569,-3.692957,1.652478
47570,-2.964384,1.191580
47571,-3.658223,1.449729
47572,-2.670453,0.603718
47573,-3.563623,1.781812
47574,-3.397582,1.449729
47575,-2.109756,0.123490
47576,-2.065597,-0.826239
47577,-3.692957,1.652478
47578,-3.658223,1.449729
47579,-2.635719,0.400969
47580,-3.911146,1.955573
47581,-2.964384,1.191580
47582,-1.906779,-0.535628
47583,-1.945199,0.149460
47584,-2.810768,0.142820
47585,-2.337712,0.326239
47586,-3.158125,1.579063
47587,-2.873202,0.400969
47588,-2.635719,0.400969
47589,-1.357582,-1.634021
47590,-0.842470,-1.889800
47591,-3.304955,1.652478
47592,-3.333174,1.320914
47593,-1.396440,0.698220
47594,-3.824265,1.781812
47595,-3.822291,1.911146
47596,-3.335148,1.191580
47597,-2.780575,0.603718
47598,-1.877888,-1.977662
47599,-2.993868,1.030303
47600,-3.281713,1.826239
47601,-1.933731,0.900969
47602,-3.955573,1.911146
47603,-3.462508,1.191580
47604,-2.184738,-0.367711
47605,-1.601453,0.500000
47606,-3.779838,1.826239
47607,-2.899457,1.449729
47608,-3.563623,1.781812
47609,-3.694931,1.911146
47610,-3.528889,1.579063
47611,-3.650504,1.955573
47612,-1.551012,1.781812
47613,-1.524320,-0.914101
47614,-1.557314,-0.109562
47615,-1.643120,1.191580
47616,-3.281713,1.826239
47617,-2.711958,1.074730
47618,-2.119812,-0.109562
47619,-3.563623,1.781812
47620,-3.528889,1.579063
47621,-3.528889,1.579063
47622,-2.837543,1.579063
47623,-3.153395,0.440071
47624,-3.824265,1.781812
47625,-2.899457,1.449729
47626,-3.397582,1.449729
47627,-3.563623,1.781812
47628,-3.694931,1.911146
47629,-2.885719,0.900969
47630,-2.541119,0.733052
47631,-2.742943,1.911146
47632,-1.801938,0.900969
47633,-2.110972,-1.123490
47634,-2.136480,0.698220
47635,-3.246980,1.623490
47636,-2.015156,0.455573
47637,-3.911146,1.955573
47638,-1.643120,1.191580
47639,-2.635719,0.400969
47640,-1.727818,-1.889800
47641,-3.563623,1.781812
47642,-1.225625,-1.123490
47643,-3.563623,1.781812
47644,-2.717704,0.698220
47645,-3.152379,1.955573
47646,-2.706235,1.449729
47647,-2.899457,1.449729
47648,-0.319126,-0.162592
47649,-3.826239,1.652478
47650,-1.397882,0.603718
47651,-3.335148,1.191580
47652,-1.703282,0.440071
47653,-3.335148,1.191580
47654,-3.335148,1.191580
47655,-2.859464,-0.147791
47656,-3.333174,1.320914
47657,-2.261572,-0.955573
47658,-2.337712,0.326239
47659,-3.484462,1.623490
47660,-2.873202,0.400969
47661,0.256769,-0.109562
47662,-2.793116,1.623490
47663,-1.813332,-0.722521
47664,-0.109208,0.054604
47665,-0.787833,-0.623490
47666,-2.572099,-0.722521
47667,-3.158125,1.579063
47668,-3.397582,1.449729
47669,-2.885719,0.900969
47670,-3.656250,1.579063
47671,-1.955475,-0.826239
47672,-3.490208,1.246980
47673,-2.844057,0.730682
47674,-2.780575,0.603718
47675,-3.911146,1.955573
47676,-3.652478,1.826239
47677,-3.652478,1.826239
47678,-2.874250,1.652478
47679,-3.652478,1.826239
47680,-1.397882,0.603718
47681,-3.246980,1.623490
47682,-0.438255,-0.623490
47683,-0.057971,0.603718
47684,-2.163198,1.623490
47685,-3.167133,0.988831
47686,-2.885719,0.900969
47687,-3.563623,1.781812
47688,-2.844057,0.730682
47689,-3.484462,1.623490
47690,-2.272552,1.320914
47691,-3.246980,1.623490
47692,-3.365341,0.730682
47693,-2.334986,1.579063
47694,-1.558067,-1.233052
47695,-2.343556,-0.658322
47696,-3.232059,0.730682
47697,-2.835050,1.320914
47698,-2.576901,1.579063
47699,-3.866718,2.000000
47700,-2.235810,0.730682
47701,-3.065499,1.781812
47702,-2.526723,-0.425270
47703,-1.466104,0.733052
47704,-2.184738,-0.367711
47705,-2.859464,-0.147791
47706,-0.689843,0.400969
47707,-3.955573,1.911146
47708,-3.658223,1.449729
47709,-2.793116,1.623490
47710,-3.051264,1.365341
47711,-2.793116,1.623490
47712,-1.960449,1.826239
47713,-2.892753,0.440071
47714,-3.528889,1.579063
47715,-3.427775,0.988831
47716,-1.643120,1.191580
47717,-3.955573,1.911146
47718,-3.095692,1.320914
47719,-2.149460,1.074730
47720,-2.366718,-1.000000
47721,-3.826239,1.652478
47722,-3.911146,1.955573
47723,-2.874250,1.652478
47724,-3.158125,1.579063
47725,-2.873202,0.400969
47726,-2.899457,1.449729
47727,-2.176109,0.777479
47728,-2.641828,1.320914
47729,-1.375695,-1.211352
47730,-1.442336,-1.211352
47731,-1.557314,-0.109562
47732,-2.302521,1.030303
47733,-2.336959,1.449729
47734,-3.563623,1.781812
47735,-3.152379,1.955573
47736,-3.692957,1.652478
47737,-3.051264,1.365341
47738,-0.602063,-0.162592
47739,-1.014727,-0.162592
47740,-1.280886,-1.400969
47741,-0.298846,-0.722521
47742,-2.872277,1.781812
47743,-1.849772,0.733052
47744,-2.100697,-0.147791
47745,-1.236955,-1.488831
47746,-2.641828,1.320914
47747,-3.478716,2.000000
47748,-2.430339,0.123490
47749,-2.272552,1.320914
47750,-3.397582,1.449729
47751,-2.899457,1.449729
47752,-2.669008,0.988831
47753,-1.357582,-1.634021
47754,-1.734301,-1.488831
47755,-1.149815,1.320914
47756,-3.065499,1.781812
47757,-3.427775,0.988831
47758,-3.658223,1.449729
47759,-3.955573,1.911146
47760,-3.102206,1.246980
47761,-3.397582,1.449729
47762,-3.051264,1.365341
47763,-3.563623,1.781812
47764,-2.184738,-0.367711
47765,-3.650504,1.955573
47766,-1.466104,0.733052
47767,-1.695108,1.579063
47768,-3.623490,1.246980
47769,-0.241532,0.054604
47770,-1.550062,0.900969
47771,-0.371614,-0.623490
47772,-0.628209,0.455573
47773,-2.706235,1.449729
47774,-3.088468,0.698220
47775,-3.484462,1.623490
47776,-2.899457,1.449729
47777,-3.065499,1.781812
47778,-0.666236,-1.634021
47779,-2.553446,0.149460
47780,-2.553446,0.149460
47781,-3.281713,1.826239
47782,-3.194833,1.652478
47783,-2.964384,1.191580
47784,-2.641828,1.320914
47785,-3.462508,1.191580
47786,-3.528889,1.579063
47787,-3.333174,1.320914
47788,-3.268248,1.579063
47789,-2.553446,0.149460
47790,-0.967322,0.123490
47791,-1.170844,-1.233052
47792,-1.849772,0.733052
47793,-3.563623,1.781812
47794,-3.866718,2.000000
47795,-2.711958,1.074730
47796,-3.563623,1.781812
47797,-3.623490,1.246980
47798,-3.434289,1.911146
47799,-2.670453,0.603718
47800,-0.295600,0.142820
47801,-1.681370,1.030303
47802,-2.461033,1.955573
47803,-1.593993,0.988831
47804,-2.141244,1.191580
47805,-3.658223,1.449729
47806,-3.911146,1.955573
47807,-2.899457,1.449729
47808,-2.576901,1.579063
47809,-2.793116,1.623490
47810,-3.462508,1.191580
47811,-3.434289,1.911146
47812,-3.246980,1.623490
47813,-2.347897,0.733052
47814,-2.837543,1.579063
47815,-2.993868,1.030303
47816,-2.711958,1.074730
47817,-3.563623,1.781812
47818,-3.153395,0.440071
47819,-2.367905,-0.134659
47820,-3.824265,1.781812
47821,-2.440004,0.142820
47822,-3.528889,1.579063
47823,-0.628209,0.455573
47824,-3.694931,1.911146
47825,-0.259807,0.222521
47826,-0.584824,-0.033258
47827,-3.335148,1.191580
47828,-3.324167,1.911146
47829,-2.777479,-0.445042
47830,-2.885719,0.900969
47831,-2.060606,1.030303
47832,-0.801938,0.400969
47833,-2.430339,0.123490
47834,-0.834695,-0.425270
47835,-0.336881,-0.826239
47836,-1.554958,0.777479
47837,-1.845869,0.988831
47838,-3.650504,1.955573
47839,0.174686,0.054604
47840,0.744943,0.988831
47841,-1.734301,-1.488831
47842,-2.065597,-0.826239
47843,-3.650504,1.955573
47844,-1.637893,1.955573
47845,-3.246980,1.623490
47846,-2.410859,1.246980
47847,-1.551012,1.781812
47848,-1.978716,-1.000000
47849,-2.540461,0.123490
47850,-3.095692,1.320914
47851,-3.779838,1.826239
47852,-3.528889,1.579063
47853,-0.628209,0.455573
47854,-3.065499,1.781812
47855,-1.551012,1.781812
47856,-3.167133,0.988831
47857,-3.692957,1.652478
47858,-2.100697,-0.147791
47859,-2.051596,1.911146
47860,-2.015156,0.455573
47861,-3.434289,1.911146
47862,-3.955573,1.911146
47863,-3.694931,1.911146
47864,-1.349189,0.603718
47865,-2.669008,0.988831
47866,-0.938334,-0.826239
47867,-0.789708,-1.123490
47868,-3.658223,1.449729
47869,-1.775215,0.326239
47870,-2.706235,1.449729
47871,-1.864156,-0.367711
47872,-2.110972,-1.123490
47873,-2.730682,1.365341
47874,-2.181855,0.400969
47875,-3.427775,0.988831
47876,-3.161387,1.365341
47877,-3.335148,1.191580
47878,-2.181855,0.400969
47879,-1.801938,0.900969
47880,-2.371693,1.652478
47881,-3.563623,1.781812
47882,-3.333174,1.320914
47883,-3.434289,1.911146
47884,1.056479,0.054604
47885,1.900792,-1.634021
47886,-1.965750,-1.801938
47887,0.629308,-0.162592
47888,-0.259807,0.222521
47889,-3.911146,1.955573
47890,-2.837543,1.579063
47891,-3.434289,1.911146
47892,-3.484462,1.623490
47893,-3.658223,1.449729
47894,-2.885719,0.900969
47895,-1.551938,0.400969
47896,-0.088164,0.142820
47897,-2.431855,0.900969
47898,-1.212812,0.093187
47899,-3.563623,1.781812
47900,-2.859464,-0.147791
47901,-2.176109,0.777479
47902,-3.652478,1.826239
47903,-3.158125,1.579063
47904,-1.492359,1.781812
47905,-3.158125,1.579063
47906,-3.658223,1.449729
47907,-3.658223,1.449729
47908,-1.733246,0.500000
47909,-0.600619,0.222521
47910,-3.478716,2.000000
47911,-2.336959,1.449729
47912,-2.635719,0.400969
47913,-3.365341,0.730682
47914,-0.145365,0.011169
47915,-2.256195,-0.445042
47916,-1.409351,-0.147791
47917,-3.158125,1.579063
47918,-2.383160,1.191580
47919,-3.215828,0.698220
47920,-1.088404,-0.914101
47921,-0.001041,-0.277479
47922,-3.427775,0.988831
47923,-1.890808,-0.955573
47924,0.585377,-0.074730
47925,-1.344281,-0.535628
47926,-3.652478,1.826239
47927,-3.324167,1.911146
47928,-3.304955,1.652478
47929,-2.641828,1.320914
47930,-1.397882,0.603718
47931,-1.524320,-0.914101
47932,-3.658223,1.449729
47933,-2.899457,1.449729
47934,-2.141244,1.191580
47935,-3.427775,0.988831
47936,-3.102206,1.246980
47937,-3.866718,2.000000
47938,-3.824265,1.781812
47939,-3.095692,1.320914
47940,-3.694931,1.911146
47941,-2.742943,1.911146
47942,-1.847313,0.603718
47943,-2.109756,0.123490
47944,-2.541119,0.733052
47945,-3.065499,1.781812
47946,-1.733246,0.500000
47947,-1.409351,-0.147791
47948,-1.944528,-1.977662
47949,-2.654083,-0.425270
47950,-3.152379,1.955573
47951,-2.347897,0.733052
47952,-1.836861,1.579063
47953,-2.334986,1.579063
47954,-1.300576,-0.365341
47955,-3.650504,1.955573
47956,-2.892753,0.440071
47957,-3.427775,0.988831
47958,-3.563623,1.781812
47959,-3.427775,0.988831
47960,-3.167133,0.988831
47961,-3.304955,1.652478
47962,-1.864156,-0.367711
47963,-1.928302,-1.488831
47964,-1.344281,-0.535628
47965,-1.945199,0.149460
47966,-3.824265,1.781812
47967,-2.343556,-0.658322
47968,0.526644,0.222521
47969,-2.837543,1.579063
47970,0.149460,-0.074730
47971,-2.844057,0.730682
47972,-2.885719,0.900969
47973,-1.637893,1.955573
47974,-1.212812,0.093187
47975,-4.000000,2.000000
47976,-3.563623,1.781812
47977,-3.563623,1.781812
47978,-3.158125,1.579063
47979,-3.326140,1.781812
47980,-3.650504,1.955573
47981,-2.711958,1.074730
47982,-2.899457,1.449729
47983,-3.826239,1.652478
47984,-3.650504,1.955573
47985,-1.229497,0.266948
47986,-3.490208,1.246980
47987,-3.652478,1.826239
47988,-1.074632,0.054604
47989,-3.484462,1.623490
47990,-1.466104,0.733052
47991,-3.658223,1.449729
47992,-2.883745,1.030303
47993,-2.873202,0.400969
47994,-1.849772,0.733052
47995,-1.330319,-0.914101
47996,-2.316833,-1.233052
47997,-2.598822,-0.147791
47998,-1.413198,1.623490
47999,-3.427775,0.988831
48000,-2.136480,0.698220
48001,-3.167133,0.988831
48002,-1.855707,-1.634021
48003,-1.713557,-0.535628
48004,-1.088404,-0.914101
48005,-1.574293,-1.721883
48006,-1.171501,-0.623490
48007,-0.346845,-1.400969
48008,-0.350619,-0.277479
48009,0.284793,-1.889800
48010,-2.541119,0.733052
48011,-2.440004,0.142820
48012,-3.051264,1.365341
48013,-3.434289,1.911146
48014,-2.899457,1.449729
48015,-3.692957,1.652478
48016,-3.088468,0.698220
48017,-1.254687,0.698220
48018,-2.394628,0.440071
48019,-3.102206,1.246980
48020,-3.065499,1.781812
48021,-2.993868,1.030303
48022,-2.885719,0.900969
48023,-2.337712,0.326239
48024,-2.163198,1.623490
48025,-3.658223,1.449729
48026,-1.279149,1.191580
48027,-3.123202,0.900969
48028,-3.153395,0.440071
48029,-2.598822,-0.147791
48030,-2.272552,1.320914
48031,-1.137418,-1.466104
48032,-3.281713,1.826239
48033,-2.872277,1.781812
48034,-3.434289,1.911146
48035,-3.779838,1.826239
48036,-2.964384,1.191580
48037,-3.326140,1.781812
48038,-2.641828,1.320914
48039,-2.553446,0.149460
48040,-2.109756,0.123490
48041,-2.870469,2.000000
48042,-3.051264,1.365341
48043,-2.149460,1.074730
48044,-3.281713,1.826239
48045,-3.153395,0.440071
48046,-1.733246,0.500000
48047,-3.051264,1.365341
48048,-2.051596,1.911146
48049,-2.730682,1.365341
48050,-3.095692,1.320914
48051,-4.000000,2.000000
48052,-3.153395,0.440071
48053,-1.636943,1.074730
48054,-2.374152,1.781812
48055,-2.899457,1.449729
48056,-3.065499,1.781812
48057,0.554958,-0.277479
48058,-0.336881,-0.826239
48059,-3.955573,1.911146
48060,-3.434289,1.911146
48061,-2.870469,2.000000
48062,-2.563163,1.030303
48063,-2.885719,0.900969
48064,-2.526723,-0.425270
48065,-3.692957,1.652478
48066,-2.669008,0.988831
48067,-2.742943,1.911146
48068,-3.123202,0.900969
48069,-2.837543,1.579063
48070,-3.281713,1.826239
48071,-3.268248,1.579063
48072,-1.048700,0.730682
48073,-3.397582,1.449729
48074,-3.462508,1.191580
48075,-2.228125,1.365341
48076,-2.228125,1.365341
48077,-3.065499,1.781812
48078,-3.281713,1.826239
48079,-2.641828,1.320914
48080,-3.658223,1.449729
48081,-3.102206,1.246980
48082,-1.280886,-1.400969
48083,-0.272214,-0.955573
48084,-1.934194,0.777479
48085,-2.837543,1.579063
48086,-3.528889,1.579063
48087,-3.911146,1.955573
48088,-2.337712,0.326239
48089,-3.824265,1.781812
48090,-1.026723,1.074730
48091,-2.316833,-1.233052
48092,-2.576901,1.579063
48093,-3.692957,1.652478
48094,-2.526723,-0.425270
48095,-2.371693,1.652478
48096,-3.623490,1.246980
48097,-2.635719,0.400969
48098,-2.641828,1.320914
48099,-2.872277,1.781812
48100,-3.779838,1.826239
48101,-3.102206,1.246980
48102,-2.964384,1.191580
48103,-2.872277,1.781812
48104,-2.993868,1.030303
48105,-3.955573,1.911146
48106,-3.824265,1.781812
48107,-3.434289,1.911146
48108,-2.526723,-0.425270
48109,-1.171501,-0.623490
48110,0.159941,0.123490
48111,-2.337712,0.326239
48112,-3.333174,1.320914
48113,-2.518736,1.074730
48114,-3.427775,0.988831
48115,-3.650504,1.955573
48116,-1.370469,-1.000000
48117,-3.158125,1.579063
48118,-2.060606,1.030303
48119,-3.427775,0.988831
48120,-2.730682,1.365341
48121,-1.652210,-0.658322
48122,-2.367905,-0.134659
48123,-2.793116,1.623490
48124,-2.700489,1.826239
48125,-3.824265,1.781812
48126,-3.911146,1.955573
48127,-3.652478,1.826239
48128,-2.844057,0.730682
48129,-1.179763,1.911146
48130,-2.730682,1.365341
48131,-3.397582,1.449729
48132,-3.650504,1.955573
48133,-3.822291,1.911146
48134,-3.563623,1.781812
48135,-3.822291,1.911146
48136,-3.652478,1.826239
48137,-3.484462,1.623490
48138,-2.883745,1.030303
48139,-2.181855,0.400969
48140,-2.518736,1.074730
48141,-3.911146,1.955573
48142,-3.158125,1.579063
48143,-3.304955,1.652478
48144,-2.349870,0.603718
48145,-1.170844,-1.233052
48146,-3.434289,1.911146
48147,-1.847313,0.603718
48148,-2.873202,0.400969
48149,-1.681370,1.030303
48150,-2.964384,1.191580
48151,-3.658223,1.449729
48152,-2.837543,1.579063
48153,-0.823226,0.326239
48154,0.937499,0.603718
48155,-0.186825,-0.074730
48156,-0.427724,0.054604
48157,-2.228125,1.365341
48158,-3.326140,1.781812
48159,-3.246980,1.623490
48160,-1.413198,1.623490
48161,-3.692957,1.652478
48162,-3.434289,1.911146
48163,-3.650504,1.955573
48164,-3.911146,1.955573
48165,-3.194833,1.652478
48166,-3.694931,1.911146
48167,-3.650504,1.955573
48168,-2.837543,1.579063
48169,-0.607038,-1.488831
48170,-1.906779,-0.535628
48171,-1.977662,0.988831
48172,-1.396440,0.698220
48173,-1.214222,1.449729
48174,-3.335148,1.191580
48175,-3.658223,1.449729
48176,-3.123202,0.900969
48177,-3.911146,1.955573
48178,-2.810768,0.142820
48179,-1.086885,-1.400969
48180,-3.528889,1.579063
48181,-3.563623,1.781812
48182,-0.867905,1.365341
48183,-0.866720,-1.233052
48184,-1.877888,-1.977662
48185,-1.731730,-0.277479
48186,-3.324167,1.911146
48187,-3.365341,0.730682
48188,-3.215828,0.698220
48189,-3.822291,1.911146
48190,-1.873040,-1.211352
48191,-3.623490,1.246980
48192,-3.528889,1.579063
48193,-3.123202,0.900969
48194,-3.326140,1.781812
48195,-3.694931,1.911146
48196,-3.692957,1.652478
48197,-2.605388,-0.134659
48198,-2.015156,0.455573
48199,0.132628,0.222521
48200,-0.388818,-0.425270
48201,-1.873040,-1.211352
48202,-1.132335,-0.826239
48203,-2.641828,1.320914
48204,-2.641828,1.320914
48205,-2.176109,0.777479
48206,-3.324167,1.911146
48207,-2.155959,-0.425270
48208,-2.844057,0.730682
48209,-3.652478,1.826239
48210,-1.149815,1.320914
48211,-3.656250,1.579063
48212,-3.335148,1.191580
48213,-2.899457,1.449729
48214,-2.892753,0.440071
48215,-2.700489,1.826239
48216,-1.466104,0.733052
48217,-2.336959,1.449729
48218,-3.335148,1.191580
48219,-3.427775,0.988831
48220,-1.442336,-1.211352
48221,-2.119812,-0.109562
48222,-3.490208,1.246980
48223,-3.326140,1.781812
48224,-1.070127,-0.826239
48225,-1.921819,-1.889800
48226,-2.106074,-0.658322
48227,-0.350619,-0.277479
48228,-1.731730,-0.277479
48229,-3.335148,1.191580
48230,-2.844057,0.730682
48231,-3.658223,1.449729
48232,-4.000000,2.000000
48233,-3.652478,1.826239
48234,-3.427775,0.988831
48235,-2.844057,0.730682
48236,-3.652478,1.826239
48237,-3.656250,1.579063
48238,-1.717542,-0.914101
48239,-1.607199,0.123490
48240,-3.822291,1.911146
48241,-3.335148,1.191580
48242,-2.598822,-0.147791
48243,-3.826239,1.652478
48244,-3.563623,1.781812
48245,-1.978621,0.733052
48246,-1.198511,1.030303
48247,-3.824265,1.781812
48248,-1.858780,0.142820
48249,-0.260824,0.093187
48250,-3.335148,1.191580
48251,-3.490208,1.246980
48252,-3.822291,1.911146
48253,-3.650504,1.955573
48254,-3.650504,1.955573
48255,-2.873202,0.400969
48256,-3.656250,1.579063
48257,-0.246980,0.123490
48258,2.932207,-1.466104
48259,-3.528889,1.579063
48260,-3.152379,1.955573
48261,-3.779838,1.826239
48262,-1.171501,-0.623490
48263,-1.475625,-0.623490
48264,-3.824265,1.781812
48265,-2.892753,0.440071
48266,-0.109208,0.054604
48267,-0.985218,0.603718
48268,-3.528889,1.579063
48269,-3.088468,0.698220
48270,-3.088468,0.698220
48271,-2.553446,0.149460
48272,-1.229693,-1.889800
48273,-1.039708,-0.623490
48274,-1.413419,-0.914101
48275,-3.167133,0.988831
48276,-3.153395,0.440071
48277,0.263556,-0.955573
48278,-2.899457,1.449729
48279,-3.478716,2.000000
48280,-2.711958,1.074730
48281,-2.349870,0.603718
48282,-1.824442,1.449729
48283,-2.883745,1.030303
48284,-0.609756,1.623490
48285,-2.835050,1.320914
48286,-2.892753,0.440071
48287,-2.835050,1.320914
48288,-1.554958,0.777479
48289,-0.974766,1.579063
48290,-2.163198,1.623490
48291,-3.656250,1.579063
48292,-3.563623,1.781812
48293,-3.158125,1.579063
48294,-2.883745,1.030303
48295,-3.490208,1.246980
48296,-2.826042,1.911146
48297,-3.326140,1.781812
48298,-2.337712,0.326239
48299,-0.500689,-0.365341
48300,-0.153316,0.142820
48301,-2.100697,-0.147791
48302,-3.779838,1.826239
48303,-3.153395,0.440071
48304,-3.095692,1.320914
48305,-2.440004,0.142820
48306,-3.152379,1.955573
48307,-2.163198,1.623490
48308,-3.333174,1.320914
48309,-2.272552,1.320914
48310,-2.334986,1.579063
48311,-3.822291,1.911146
48312,-2.347897,0.733052
48313,-3.158125,1.579063
48314,-2.242359,1.781812
48315,-2.711958,1.074730
48316,-3.215828,0.698220
48317,-3.822291,1.911146
48318,-3.652478,1.826239
48319,-3.824265,1.781812
48320,-1.977662,0.988831
48321,-2.859464,-0.147791
48322,-2.777479,-0.445042
48323,-2.730682,1.365341
48324,-3.650504,1.955573
48325,-3.478716,2.000000
48326,-2.810768,0.142820
48327,-3.158125,1.579063
48328,-4.000000,2.000000
48329,-3.326140,1.781812
48330,-0.861260,0.222521
48331,-3.324167,1.911146
48332,-1.977662,0.988831
48333,-2.941449,0.149460
48334,-1.406715,-0.277479
48335,-2.654083,-0.425270
48336,-3.427775,0.988831
48337,-2.706235,1.449729
48338,-2.885719,0.900969
48339,-3.692957,1.652478
48340,-1.960449,1.826239
48341,-3.528889,1.579063
48342,-3.484462,1.623490
48343,-2.742943,1.911146
48344,-2.015156,0.455573
48345,-1.775215,0.326239
48346,-2.466259,1.191580
48347,-1.960449,1.826239
48348,-3.528889,1.579063
48349,-3.051264,1.365341
48350,-3.194833,1.652478
48351,-2.598822,-0.147791
48352,-1.731816,1.652478
48353,-3.478716,2.000000
48354,-3.911146,1.955573
48355,-1.731730,-0.277479
48356,-2.518736,1.074730
48357,-2.844057,0.730682
48358,-0.735570,1.191580
48359,-2.116349,-1.634021
48360,-0.156636,0.149460
48361,-2.060606,1.030303
48362,-2.941449,0.149460
48363,-3.158125,1.579063
48364,-3.652478,1.826239
48365,-1.039051,0.266948
48366,-1.978621,0.733052
48367,-2.440004,0.142820
48368,-2.563163,1.030303
48369,-3.268248,1.579063
48370,-3.397582,1.449729
48371,-3.658223,1.449729
48372,-2.899457,1.449729
48373,-3.779838,1.826239
48374,-1.849772,0.733052
48375,-2.899457,1.449729
48376,-2.163198,1.623490
48377,-3.658223,1.449729
48378,-3.167133,0.988831
48379,-0.801938,0.400969
48380,-2.899457,1.449729
48381,-3.866718,2.000000
48382,-3.065499,1.781812
48383,-2.696708,1.652478
48384,-2.100697,-0.147791
48385,-2.394628,0.440071
48386,-1.466104,0.733052
48387,-2.964384,1.191580
48388,-2.141244,1.191580
48389,-2.742943,1.911146
48390,-3.462508,1.191580
48391,-2.670453,0.603718
48392,-2.347897,0.733052
48393,-3.281713,1.826239
48394,-3.650504,1.955573
48395,-3.152379,1.955573
48396,-2.892753,0.440071
48397,-3.152379,1.955573
48398,-1.801938,0.900969
48399,-3.051264,1.365341
48400,-2.670453,0.603718
48401,-2.892753,0.440071
48402,-3.194833,1.652478
48403,-3.152379,1.955573
48404,-3.694931,1.911146
48405,-3.650504,1.955573
48406,-3.650504,1.955573
48407,-1.934194,0.777479
48408,-3.246980,1.623490
48409,-2.141244,1.191580
48410,-3.658223,1.449729
48411,-3.095692,1.320914
48412,-3.658223,1.449729
48413,-3.281713,1.826239
48414,-2.259209,0.777479
48415,-3.563623,1.781812
48416,-2.837543,1.579063
48417,-3.658223,1.449729
48418,-1.170753,0.149460
48419,-1.314088,-0.074730
48420,-2.228125,1.365341
48421,-0.366526,-1.466104
48422,-1.719513,1.246980
48423,-3.462508,1.191580
48424,-3.563623,1.781812
48425,-3.563623,1.781812
48426,-3.650504,1.955573
48427,-2.367905,-0.134659
48428,-2.526723,-0.425270
48429,-2.696708,1.652478
48430,-2.242359,1.781812
48431,-2.964384,1.191580
48432,-2.938128,0.142820
48433,-3.232059,0.730682
48434,-2.598822,-0.147791
48435,-2.670453,0.603718
48436,-1.280886,-1.400969
48437,-2.228125,1.365341
48438,-2.371693,1.652478
48439,-3.866718,2.000000
48440,-3.397582,1.449729
48441,-2.466259,1.191580
48442,-3.528889,1.579063
48443,-3.528889,1.579063
48444,-2.272552,1.320914
48445,-2.706235,1.449729
48446,-3.427775,0.988831
48447,-2.899457,1.449729
48448,-3.658223,1.449729
48449,-3.462508,1.191580
48450,-2.136480,0.698220
48451,0.159941,0.123490
48452,-3.161387,1.365341
48453,-3.650504,1.955573
48454,-1.550062,0.900969
48455,-3.822291,1.911146
48456,-1.945199,0.149460
48457,-3.158125,1.579063
48458,-3.095692,1.320914
48459,-1.873490,-1.123490
48460,-2.899457,1.449729
48461,-3.652478,1.826239
48462,-2.669008,0.988831
48463,-3.563623,1.781812
48464,-2.208111,1.449729
48465,-1.207436,0.603718
48466,-3.158125,1.579063
48467,-3.427775,0.988831
48468,-1.773241,0.455573
48469,-2.394628,0.440071
48470,-2.859464,-0.147791
48471,-1.727818,-1.889800
48472,-0.926428,-1.721883
48473,-2.430339,0.123490
48474,-3.335148,1.191580
48475,-3.158125,1.579063
48476,-2.294861,-0.367711
48477,-1.116526,0.733052
48478,-0.789708,-1.123490
48479,0.117750,0.093187
48480,-3.462508,1.191580
48481,-2.899457,1.449729
48482,-3.088468,0.698220
48483,-3.088468,0.698220
48484,-2.235810,0.730682
48485,-3.692957,1.652478
48486,-3.563623,1.781812
48487,-3.065499,1.781812
48488,-3.484462,1.623490
48489,-1.261910,1.320914
48490,-1.713557,-0.535628
48491,-3.528889,1.579063
48492,-0.985218,0.603718
48493,-3.462508,1.191580
48494,-2.964384,1.191580
48495,-2.964384,1.191580
48496,-3.779838,1.826239
48497,-1.775215,0.326239
48498,-1.978621,0.733052
48499,-2.598822,-0.147791
48500,-1.890808,-0.955573
48501,-2.440004,0.142820
48502,-3.088468,0.698220
48503,-3.281713,1.826239
48504,-3.623490,1.246980
48505,-3.658223,1.449729
48506,-3.824265,1.781812
48507,-3.088468,0.698220
48508,-3.152379,1.955573
48509,-2.576901,1.579063
48510,-2.899457,1.449729
48511,-3.462508,1.191580
48512,-2.367905,-0.134659
48513,-3.194833,1.652478
48514,-3.397582,1.449729
48515,-3.692957,1.652478
48516,-2.410859,1.246980
48517,-2.119812,-0.109562
48518,-2.641828,1.320914
48519,-1.300576,-0.365341
48520,-3.397582,1.449729
48521,-2.899457,1.449729
48522,-2.563163,1.030303
48523,-3.123202,0.900969
48524,-2.015156,0.455573
48525,-2.576901,1.579063
48526,-2.605388,-0.134659
48527,-3.065499,1.781812
48528,-3.650504,1.955573
48529,-2.430339,0.123490
48530,-2.383160,1.191580
48531,0.185908,-0.535628
48532,-1.733246,0.500000
48533,-3.911146,1.955573
48534,-3.563623,1.781812
48535,-3.911146,1.955573
48536,-0.584824,-0.033258
48537,-1.420728,1.030303
48538,-1.551938,0.400969
48539,-3.824265,1.781812
48540,-1.906779,-0.535628
48541,-2.938128,0.142820
48542,-3.623490,1.246980
48543,-3.824265,1.781812
48544,-2.835050,1.320914
48545,-1.890808,-0.955573
48546,1.911146,-0.955573
48547,-0.911146,0.455573
48548,-3.563623,1.781812
48549,-2.168944,1.246980
48550,-1.824442,1.449729
48551,-0.544620,-0.277479
48552,-3.652478,1.826239
48553,-3.161387,1.365341
48554,-1.039051,0.266948
48555,-3.152379,1.955573
48556,-2.700489,1.826239
48557,-3.490208,1.246980
48558,-2.572099,-0.722521
48559,-3.324167,1.911146
48560,-3.658223,1.449729
48561,-3.822291,1.911146
48562,-2.176109,0.777479
48563,-3.658223,1.449729
48564,-3.652478,1.826239
48565,-3.095692,1.320914
48566,-2.598822,-0.147791
48567,-3.158125,1.579063
48568,0.837569,1.191580
48569,-3.652478,1.826239
48570,-1.845869,0.988831
48571,-2.872277,1.781812
48572,-3.911146,1.955573
48573,-3.563623,1.781812
48574,-2.777479,-0.445042
48575,-3.826239,1.652478
48576,-1.690819,-1.488831
48577,-3.652478,1.826239
48578,-2.706235,1.449729
48579,-2.002903,1.911146
48580,-1.836861,1.579063
48581,-3.652478,1.826239
48582,-3.652478,1.826239
48583,-2.208111,1.449729
48584,-1.466104,0.733052
48585,-3.658223,1.449729
48586,-2.374152,1.781812
48587,-1.198511,1.030303
48588,-3.153395,0.440071
48589,-2.256195,-0.445042
48590,-3.161387,1.365341
48591,-3.335148,1.191580
48592,-3.658223,1.449729
48593,-3.484462,1.623490
48594,-3.158125,1.579063
48595,-1.637893,1.955573
48596,-2.874250,1.652478
48597,-3.824265,1.781812
48598,-3.478716,2.000000
48599,-3.824265,1.781812
48600,-3.304955,1.652478
48601,-3.326140,1.781812
48602,-2.810768,0.142820
48603,-2.711958,1.074730
48604,-3.490208,1.246980
48605,-3.652478,1.826239
48606,-2.810768,0.142820
48607,1.653908,0.326239
48608,-1.607199,0.123490
48609,-3.065499,1.781812
48610,-2.777479,-0.445042
48611,-3.427775,0.988831
48612,-3.304955,1.652478
48613,-2.343556,-0.658322
48614,-2.367905,-0.134659
48615,-2.654083,-0.425270
48616,-1.773241,0.455573
48617,-2.844057,0.730682
48618,-3.658223,1.449729
48619,-3.822291,1.911146
48620,-3.656250,1.579063
48621,-1.703282,0.440071
48622,-2.242359,1.781812
48623,-3.326140,1.781812
48624,-2.717704,0.698220
48625,-3.304955,1.652478
48626,-3.397582,1.449729
48627,-3.656250,1.579063
48628,-1.396440,0.698220
48629,-4.000000,2.000000
48630,0.219124,-0.109562
48631,-3.335148,1.191580
48632,-2.793116,1.623490
48633,-2.155959,-0.425270
48634,-3.158125,1.579063
48635,-3.397582,1.449729
48636,-2.872277,1.781812
48637,-3.490208,1.246980
48638,-2.883745,1.030303
48639,-3.822291,1.911146
48640,-2.541119,0.733052
48641,-2.394628,0.440071
48642,-3.152379,1.955573
48643,-2.394628,0.440071
48644,-3.484462,1.623490
48645,-2.163198,1.623490
48646,-2.060606,1.030303
48647,-2.793116,1.623490
48648,-3.215828,0.698220
48649,-3.326140,1.781812
48650,-3.215828,0.698220
48651,-2.056191,-1.233052
48652,-2.242359,1.781812
48653,-2.461033,1.955573
48654,-2.859464,-0.147791
48655,-1.637893,1.955573
48656,-2.844057,0.730682
48657,-3.158125,1.579063
48658,-3.826239,1.652478
48659,-3.652478,1.826239
48660,-3.158125,1.579063
48661,-1.824442,1.449729
48662,-0.735570,1.191580
48663,-2.334986,1.579063
48664,-2.431855,0.900969
48665,-4.000000,2.000000
48666,-2.810768,0.142820
48667,-1.550062,0.900969
48668,-2.826042,1.911146
48669,-0.801938,0.400969
48670,-3.656250,1.579063
48671,-1.309583,-0.955573
48672,-1.906779,-0.535628
48673,-2.141244,1.191580
48674,-2.964384,1.191580
48675,-3.065499,1.781812
48676,-2.899457,1.449729
48677,-1.420728,1.030303
48678,-1.833963,0.093187
48679,-3.822291,1.911146
48680,0.174686,0.054604
48681,-0.538874,0.099031
48682,-3.563623,1.781812
48683,-3.051264,1.365341
48684,-2.870469,2.000000
48685,-1.492359,1.781812
48686,-1.394005,0.455573
48687,-1.003761,1.579063
48688,-3.528889,1.579063
48689,-2.635719,0.400969
48690,-3.434289,1.911146
48691,-3.955573,1.911146
48692,0.566495,0.142820
48693,-1.330319,-0.914101
48694,-2.641828,1.320914
48695,-3.088468,0.698220
48696,-3.824265,1.781812
48697,-2.670453,0.603718
48698,-2.541119,0.733052
48699,-2.005777,-1.721883
48700,-2.541119,0.733052
48701,-2.235810,0.730682
48702,-2.119812,-0.109562
48703,-1.406715,-0.277479
48704,-1.906779,-0.535628
48705,-3.153395,0.440071
48706,-4.000000,2.000000
48707,-2.383160,1.191580
48708,-3.563623,1.781812
48709,-3.490208,1.246980
48710,-2.518736,1.074730
48711,-2.208111,1.449729
48712,1.128098,0.222521
48713,-1.636943,1.074730
48714,-3.563623,1.781812
48715,-2.367905,-0.134659
48716,-3.102206,1.246980
48717,-3.563623,1.781812
48718,-2.541119,0.733052
48719,-0.628209,0.455573
48720,-2.388932,-0.955573
48721,-1.442336,-1.211352
48722,-0.710661,0.054604
48723,-3.161387,1.365341
48724,-3.911146,1.955573
48725,-3.304955,1.652478
48726,-3.215828,0.698220
48727,-2.119812,-0.109562
48728,-3.065499,1.781812
48729,-2.706235,1.449729
48730,-3.335148,1.191580
48731,-3.563623,1.781812
48732,-2.374152,1.781812
48733,-0.373022,1.074730
48734,-2.385621,1.030303
48735,-1.811776,-1.721883
48736,-1.308725,-1.123490
48737,-3.088468,0.698220
48738,-3.065499,1.781812
48739,-3.232059,0.730682
48740,-2.466259,1.191580
48741,-3.866718,2.000000
48742,-3.824265,1.781812
48743,-3.153395,0.440071
48744,-3.955573,1.911146
48745,-3.779838,1.826239
48746,-2.336959,1.449729
48747,-3.153395,0.440071
48748,-3.528889,1.579063
48749,-3.563623,1.781812
48750,-3.824265,1.781812
48751,-2.892753,0.440071
48752,-2.964384,1.191580
48753,-2.563163,1.030303
48754,-3.427775,0.988831
48755,-3.427775,0.988831
48756,-1.420728,1.030303
48757,-0.221544,-0.535628
48758,-2.700489,1.826239
48759,-2.272552,1.320914
48760,-3.478716,2.000000
48761,-3.822291,1.911146
48762,-1.926590,-0.109562
48763,-3.652478,1.826239
48764,-1.344281,-0.535628
48765,-0.816833,0.266948
48766,-3.268248,1.579063
48767,-1.003761,1.579063
48768,-1.300576,-0.365341
48769,-1.695108,1.579063
48770,-3.335148,1.191580
48771,-2.700489,1.826239
48772,-3.652478,1.826239
48773,-3.484462,1.623490
48774,-3.304955,1.652478
48775,-3.563623,1.781812
48776,-2.349870,0.603718
48777,-1.168783,-0.365341
48778,-2.098256,0.455573
48779,-2.334986,1.579063
48780,-2.730682,1.365341
48781,-1.637893,1.955573
48782,-3.478716,2.000000
48783,-2.883745,1.030303
48784,-1.836861,1.579063
48785,-3.167133,0.988831
48786,-3.065499,1.781812
48787,-3.824265,1.781812
48788,-2.149460,1.074730
48789,-2.717704,0.698220
48790,-2.859464,-0.147791
48791,-3.153395,0.440071
48792,-3.656250,1.579063
48793,-0.458468,1.320914
48794,-3.158125,1.579063
48795,-3.563623,1.781812
48796,-3.650504,1.955573
48797,-2.700489,1.826239
48798,-2.002903,1.911146
48799,-1.731730,-0.277479
48800,-2.844057,0.730682
48801,-1.445881,-0.074730
48802,-3.335148,1.191580
48803,-3.324167,1.911146
48804,-1.198511,1.030303
48805,-3.650504,1.955573
48806,-0.721721,-0.367711
48807,-1.280886,-1.400969
48808,-1.928302,-1.488831
48809,-0.911611,-1.400969
48810,-0.983709,-1.123490
48811,-2.541119,0.733052
48812,-2.598822,-0.147791
48813,-2.383160,1.191580
48814,-2.461033,1.955573
48815,-3.652478,1.826239
48816,-3.427775,0.988831
48817,-2.002903,1.911146
48818,-3.911146,1.955573
48819,-1.461364,0.730682
48820,-0.855884,0.733052
48821,-3.563623,1.781812
48822,-2.730682,1.365341
48823,-2.826042,1.911146
48824,-3.427775,0.988831
48825,-3.822291,1.911146
48826,-2.826042,1.911146
48827,-2.654083,-0.425270
48828,-3.484462,1.623490
48829,-2.810768,0.142820
48830,-2.717704,0.698220
48831,-3.563623,1.781812
48832,-2.641828,1.320914
48833,-2.899457,1.449729
48834,-3.563623,1.781812
48835,-2.654083,-0.425270
48836,-2.343556,-0.658322
48837,-2.366718,-1.000000
48838,-3.563623,1.781812
48839,-2.385621,1.030303
48840,-3.152379,1.955573
48841,-3.324167,1.911146
48842,-0.787833,-0.623490
48843,-2.572099,-0.722521
48844,-1.624178,-1.488831
48845,-1.762918,-1.211352
48846,-3.694931,1.911146
48847,-3.528889,1.579063
48848,-3.650504,1.955573
48849,-0.722906,-0.365341
48850,-3.427775,0.988831
48851,-3.694931,1.911146
48852,-3.484462,1.623490
48853,-3.065499,1.781812
48854,-3.397582,1.449729
48855,-1.475625,-0.623490
48856,-3.824265,1.781812
48857,-3.161387,1.365341
48858,-2.883745,1.030303
48859,-3.123202,0.900969
48860,-3.427775,0.988831
48861,-3.911146,1.955573
48862,-1.212812,0.093187
48863,-2.163198,1.623490
48864,-3.215828,0.698220
48865,-3.484462,1.623490
48866,-3.911146,1.955573
48867,-2.717704,0.698220
48868,-0.771367,0.222521
48869,-3.911146,1.955573
48870,-3.822291,1.911146
48871,-3.563623,1.781812
48872,-2.941449,0.149460
48873,-1.733246,0.500000
48874,-3.326140,1.781812
48875,-2.717704,0.698220
48876,-3.088468,0.698220
48877,-2.892753,0.440071
48878,-3.563623,1.781812
48879,-1.044797,-0.109562
48880,-2.526723,-0.425270
48881,-2.670453,0.603718
48882,-3.326140,1.781812
48883,-3.397582,1.449729
48884,-3.528889,1.579063
48885,-1.845869,0.988831
48886,-3.167133,0.988831
48887,-1.244415,0.988831
48888,-0.044541,-0.074730
48889,-2.163198,1.623490
48890,-3.692957,1.652478
48891,-3.563623,1.781812
48892,-3.563623,1.781812
48893,-1.978621,0.733052
48894,-3.333174,1.320914
48895,-3.528889,1.579063
48896,-3.462508,1.191580
48897,-3.563623,1.781812
48898,-3.955573,1.911146
48899,-3.051264,1.365341
48900,-2.518736,1.074730
48901,-3.911146,1.955573
48902,-3.563623,1.781812
48903,-1.048700,0.730682
48904,-3.528889,1.579063
48905,-3.563623,1.781812
48906,-3.650504,1.955573
48907,-3.427775,0.988831
48908,-3.563623,1.781812
48909,-2.572099,-0.722521
48910,-2.316833,-1.233052
48911,-3.652478,1.826239
48912,-3.365341,0.730682
48913,-1.717542,-0.914101
48914,-3.478716,2.000000
48915,-3.152379,1.955573
48916,-3.656250,1.579063
48917,-2.163198,1.623490
48918,-3.158125,1.579063
48919,-1.713557,-0.535628
48920,-3.153395,0.440071
48921,-2.002903,1.911146
48922,-2.700489,1.826239
48923,-3.658223,1.449729
48924,-3.161387,1.365341
48925,-3.324167,1.911146
48926,-3.826239,1.652478
48927,-2.885719,0.900969
48928,-2.892753,0.440071
48929,-1.824442,1.449729
48930,-2.176109,0.777479
48931,-3.563623,1.781812
48932,-2.383160,1.191580
48933,-3.065499,1.781812
48934,-2.119812,-0.109562
48935,-0.911146,0.455573
48936,-2.892753,0.440071
48937,-3.652478,1.826239
48938,-2.316833,-1.233052
48939,-1.212812,0.093187
48940,-3.335148,1.191580
48941,-1.594507,0.222521
48942,-2.166234,-1.400969
48943,-1.607199,0.123490
48944,-2.711958,1.074730
48945,-0.974766,1.579063
48946,-1.762008,1.191580
48947,-3.824265,1.781812
48948,-2.892753,0.440071
48949,-1.636943,1.074730
48950,-2.874250,1.652478
48951,-2.163198,1.623490
48952,-3.427775,0.988831
48953,-3.167133,0.988831
48954,-1.032469,0.698220
48955,-2.941449,0.149460
48956,-3.563623,1.781812
48957,-2.899457,1.449729
48958,-2.941449,0.149460
48959,-3.095692,1.320914
48960,-2.641828,1.320914
48961,-3.824265,1.781812
48962,-2.119812,-0.109562
48963,-1.955475,-0.826239
48964,-2.572099,-0.722521
48965,-2.873202,0.400969
48966,-3.822291,1.911146
48967,-3.427775,0.988831
48968,-1.284124,-0.134659
48969,-2.242359,1.781812
48970,-3.304955,1.652478
48971,-2.261572,-0.955573
48972,-2.056191,-1.233052
48973,-1.934194,0.777479
48974,-1.349578,0.500000
48975,-3.281713,1.826239
48976,-2.011910,1.320914
48977,-3.658223,1.449729
48978,-3.563623,1.781812
48979,-3.955573,1.911146
48980,-3.779838,1.826239
48981,-3.281713,1.826239
48982,-2.964384,1.191580
48983,-2.899457,1.449729
48984,-3.246980,1.623490
48985,-1.977662,0.988831
48986,-3.528889,1.579063
48987,-2.518736,1.074730
48988,-3.779838,1.826239
48989,-2.563163,1.030303
48990,-3.528889,1.579063
48991,-1.419626,-1.123490
48992,-1.762918,-1.211352
48993,-1.466104,0.733052
48994,-3.779838,1.826239
48995,-3.123202,0.900969
48996,-2.835050,1.320914
48997,-3.088468,0.698220
48998,-3.692957,1.652478
48999,-2.605388,-0.134659
49000,-2.644197,-0.445042
49001,-2.388932,-0.955573
49002,-3.095692,1.320914
49003,-3.153395,0.440071
49004,-3.955573,1.911146
49005,-3.462508,1.191580
49006,-2.563163,1.030303
49007,-3.484462,1.623490
49008,-2.885719,0.900969
49009,-3.528889,1.579063
49010,-3.694931,1.911146
49011,-3.194833,1.652478
49012,-2.793116,1.623490
49013,-2.181855,0.400969
49014,-3.397582,1.449729
49015,-0.604474,-1.123490
49016,-1.926590,-0.109562
49017,-1.550062,0.900969
49018,-3.490208,1.246980
49019,-2.892753,0.440071
49020,-2.119812,-0.109562
49021,-3.088468,0.698220
49022,-3.911146,1.955573
49023,-3.153395,0.440071
49024,-3.427775,0.988831
49025,-1.890808,-0.955573
49026,-3.194833,1.652478
49027,-3.051264,1.365341
49028,-3.623490,1.246980
49029,-3.427775,0.988831
49030,-3.194833,1.652478
49031,-2.553446,0.149460
49032,-2.347897,0.733052
49033,-1.914041,-0.134659
49034,-1.695108,1.579063
49035,-2.835050,1.320914
49036,-2.149460,1.074730
49037,-3.281713,1.826239
49038,-3.528889,1.579063
49039,-1.978621,0.733052
49040,-3.397582,1.449729
49041,-3.955573,1.911146
49042,-3.694931,1.911146
49043,-2.347897,0.733052
49044,-2.899457,1.449729
49045,-2.859464,-0.147791
49046,-3.194833,1.652478
49047,-2.899457,1.449729
49048,-2.563163,1.030303
49049,-2.576901,1.579063
49050,-1.118740,0.142820
49051,-2.336959,1.449729
49052,-2.116349,-1.634021
49053,-0.179571,1.191580
49054,-1.647948,-0.445042
49055,-2.669008,0.988831
49056,-1.760035,1.320914
49057,-3.194833,1.652478
49058,-0.256645,0.142820
49059,-0.338389,0.900969
49060,-3.326140,1.781812
49061,-2.302521,1.030303
49062,-0.349031,0.400969
49063,-3.652478,1.826239
49064,-2.700489,1.826239
49065,-3.824265,1.781812
49066,-2.002903,1.911146
49067,-2.810768,0.142820
49068,-1.877888,-1.977662
49069,-1.855707,-1.634021
49070,-3.652478,1.826239
49071,-2.777479,-0.445042
49072,-2.366718,-1.000000
49073,-3.158125,1.579063
49074,-3.335148,1.191580
49075,-2.941449,0.149460
49076,-3.427775,0.988831
49077,-2.717704,0.698220
49078,-3.152379,1.955573
49079,-3.652478,1.826239
49080,-2.385621,1.030303
49081,0.735422,-0.367711
49082,0.057142,-0.147791
49083,-2.844057,0.730682
49084,-2.336959,1.449729
49085,-0.718169,-0.658322
49086,-1.171501,-0.623490
49087,-2.518736,1.074730
49088,-1.775215,0.326239
49089,-3.528889,1.579063
49090,-1.154522,0.988831
49091,-1.123325,0.054604
49092,-0.939778,-1.211352
49093,-2.184738,-0.367711
49094,-1.558067,-1.233052
49095,-3.065499,1.781812
49096,-2.711958,1.074730
49097,-2.002903,1.911146
49098,-3.152379,1.955573
49099,-3.152379,1.955573
49100,-3.397582,1.449729
49101,-3.563623,1.781812
49102,0.256769,-0.109562
49103,-2.899457,1.449729
49104,-3.652478,1.826239
49105,-2.706235,1.449729
49106,-3.333174,1.320914
49107,-0.650969,0.099031
49108,-0.022037,-0.623490
49109,-1.794458,-1.889800
49110,-0.186825,-0.074730
49111,-1.118740,0.142820
49112,-3.824265,1.781812
49113,-2.993868,1.030303
49114,-2.311457,-0.722521
49115,-1.643120,1.191580
49116,-2.371693,1.652478
49117,-2.410859,1.246980
49118,-3.528889,1.579063
49119,-3.194833,1.652478
49120,-2.873202,0.400969
49121,-1.445881,-0.074730
49122,-2.711958,1.074730
49123,-3.326140,1.781812
49124,-3.822291,1.911146
49125,-3.824265,1.781812
49126,-2.700489,1.826239
49127,-2.835050,1.320914
49128,-2.038874,-1.400969
49129,-0.728444,-1.634021
49130,-1.361599,-0.367711
49131,-2.892753,0.440071
49132,-2.598822,-0.147791
49133,-1.813332,-0.722521
49134,-1.988459,-1.889800
49135,-1.212812,0.093187
49136,-3.652478,1.826239
49137,-2.598822,-0.147791
49138,-4.000000,2.000000
49139,-3.397582,1.449729
49140,-2.941449,0.149460
49141,-2.777479,-0.445042
49142,-3.326140,1.781812
49143,-3.563623,1.781812
49144,-1.731816,1.652478
49145,-3.065499,1.781812
49146,-3.161387,1.365341
49147,-2.431855,0.900969
49148,-3.123202,0.900969
49149,-3.158125,1.579063
49150,-3.304955,1.652478
49151,-1.703282,0.440071
49152,-2.700489,1.826239
49153,-1.601453,0.500000
49154,-3.153395,0.440071
49155,-3.826239,1.652478
49156,-2.873202,0.400969
49157,-3.158125,1.579063
49158,-1.928302,-1.488831
49159,-3.490208,1.246980
49160,-2.572099,-0.722521
49161,-3.326140,1.781812
49162,-2.730682,1.365341
49163,-2.641828,1.320914
49164,-2.394628,0.440071
49165,-3.478716,2.000000
49166,-2.541119,0.733052
49167,-3.563623,1.781812
49168,-1.593993,0.988831
49169,-3.397582,1.449729
49170,-1.926590,-0.109562
49171,-2.700489,1.826239
49172,-1.833963,0.093187
49173,-3.333174,1.320914
49174,-1.461364,0.730682
49175,-1.926590,-0.109562
49176,-0.130454,-0.109562
49177,-1.890808,-0.955573
49178,-0.604474,-1.123490
49179,-3.822291,1.911146
49180,-1.849772,0.733052
49181,-1.022292,-0.658322
49182,-1.006419,-1.211352
49183,-3.824265,1.781812
49184,-1.773241,0.455573
49185,-1.275116,0.455573
49186,-1.550062,0.900969
49187,-3.822291,1.911146
49188,-2.872277,1.781812
49189,-2.367905,-0.134659
49190,-1.026723,1.074730
49191,-3.427775,0.988831
49192,-0.824281,-0.162592
49193,-3.246980,1.623490
49194,-2.810768,0.142820
49195,-3.650504,1.955573
49196,-3.335148,1.191580
49197,-1.062213,-0.074730
49198,-2.176109,0.777479
49199,-2.383160,1.191580
49200,-2.461033,1.955573
49201,-1.588247,1.365341
49202,-4.000000,2.000000
49203,-3.152379,1.955573
49204,-2.717704,0.698220
49205,-2.872277,1.781812
49206,-2.885719,0.900969
49207,-2.383160,1.191580
49208,-1.349578,0.500000
49209,-3.563623,1.781812
49210,-3.490208,1.246980
49211,-2.777479,-0.445042
49212,-1.118740,0.142820
49213,-3.333174,1.320914
49214,-3.779838,1.826239
49215,-3.397582,1.449729
49216,-3.623490,1.246980
49217,-3.427775,0.988831
49218,-2.899457,1.449729
49219,-1.890808,-0.955573
49220,-2.141244,1.191580
49221,-3.528889,1.579063
49222,-3.955573,1.911146
49223,-3.333174,1.320914
49224,-3.623490,1.246980
49225,-3.692957,1.652478
49226,-0.709622,0.099031
49227,-0.140335,-0.147791
49228,-1.922262,1.652478
49229,-2.605388,-0.134659
49230,-2.518736,1.074730
49231,-2.149460,1.074730
49232,-3.123202,0.900969
49233,0.266077,1.074730
49234,2.417102,-0.367711
49235,-3.153395,0.440071
49236,-3.462508,1.191580
49237,-1.789708,1.246980
49238,-3.462508,1.191580
49239,-3.650504,1.955573
49240,0.149460,-0.074730
49241,-1.713557,-0.535628
49242,-2.598822,-0.147791
49243,-2.149460,1.074730
49244,-0.043581,-1.233052
49245,-0.916907,-0.365341
49246,-3.652478,1.826239
49247,-2.777479,-0.445042
49248,-0.378932,-0.445042
49249,-1.978716,-1.000000
49250,-3.152379,1.955573
49251,-3.650504,1.955573
49252,-3.281713,1.826239
49253,-3.152379,1.955573
49254,-2.835050,1.320914
49255,-2.835050,1.320914
49256,-3.326140,1.781812
49257,-2.870469,2.000000
49258,-1.601453,0.500000
49259,-3.650504,1.955573
49260,-3.528889,1.579063
49261,-2.336959,1.449729
49262,-2.371693,1.652478
49263,-2.711958,1.074730
49264,-3.281713,1.826239
49265,-1.847313,0.603718
49266,-1.006419,-1.211352
49267,-3.397582,1.449729
49268,-2.883745,1.030303
49269,-2.002903,1.911146
49270,-1.636943,1.074730
49271,-2.383160,1.191580
49272,-3.304955,1.652478
49273,-2.605388,-0.134659
49274,-3.161387,1.365341
49275,-2.883745,1.030303
49276,-3.304955,1.652478
49277,-2.899457,1.449729
49278,-1.717542,-0.914101
49279,-2.964384,1.191580
49280,-1.072099,0.777479
49281,-3.563623,1.781812
49282,-2.899457,1.449729
49283,0.036415,1.030303
49284,-2.410859,1.246980
49285,-3.281713,1.826239
49286,-3.167133,0.988831
49287,-3.167133,0.988831
49288,-2.133667,-1.466104
49289,-1.921819,-1.889800
49290,-1.745664,-1.466104
49291,-2.316833,-1.233052
49292,-3.153395,0.440071
49293,-3.123202,0.900969
49294,-3.158125,1.579063
49295,-2.334986,1.579063
49296,-1.168783,-0.365341
49297,-0.383765,0.603718
49298,-0.001595,-0.425270
49299,-2.388932,-0.955573
49300,-2.394628,0.440071
49301,-1.207436,0.603718
49302,-2.835050,1.320914
49303,-3.822291,1.911146
49304,-3.158125,1.579063
49305,-3.650504,1.955573
49306,-2.730682,1.365341
49307,-3.152379,1.955573
49308,-1.926590,-0.109562
49309,-2.272552,1.320914
49310,-2.670453,0.603718
49311,-3.246980,1.623490
49312,-3.462508,1.191580
49313,-1.524320,-0.914101
49314,-2.337712,0.326239
49315,-3.397582,1.449729
49316,-3.335148,1.191580
49317,-3.304955,1.652478
49318,-1.284124,-0.134659
49319,0.788874,0.900969
49320,-0.821489,0.440071
49321,-2.598822,-0.147791
49322,-3.246980,1.623490
49323,-2.208111,1.449729
49324,-3.866718,2.000000
49325,-3.152379,1.955573
49326,-1.180804,0.266948
49327,-2.110972,-1.123490
49328,-3.326140,1.781812
49329,-1.661706,-1.634021
49330,-2.598822,-0.147791
49331,-3.911146,1.955573
49332,-3.478716,2.000000
49333,-1.419626,-1.123490
49334,-3.911146,1.955573
49335,-3.102206,1.246980
49336,-3.911146,1.955573
49337,-1.713557,-0.535628
49338,-3.658223,1.449729
49339,-3.194833,1.652478
49340,-1.349189,0.603718
49341,-3.123202,0.900969
49342,-2.367905,-0.134659
49343,-0.787833,-0.623490
49344,-0.729953,0.093187
49345,-1.926590,-0.109562
49346,-3.123202,0.900969
49347,-3.246980,1.623490
49348,-3.484462,1.623490
49349,-3.326140,1.781812
49350,-3.955573,1.911146
49351,-3.694931,1.911146
49352,-3.911146,1.955573
49353,-3.281713,1.826239
49354,-2.899457,1.449729
49355,-2.526723,-0.425270
49356,-1.762918,-1.211352
49357,1.145880,1.911146
49358,-0.346845,-1.400969
49359,-3.215828,0.698220
49360,-3.824265,1.781812
49361,-2.343556,-0.658322
49362,-2.430339,0.123490
49363,-1.557314,-0.109562
49364,-3.826239,1.652478
49365,-3.652478,1.826239
49366,-3.563623,1.781812
49367,-3.650504,1.955573
49368,-3.656250,1.579063
49369,-3.215828,0.698220
49370,-3.158125,1.579063
49371,-3.826239,1.652478
49372,-3.365341,0.730682
49373,-2.883745,1.030303
49374,-3.324167,1.911146
49375,-1.977662,0.988831
49376,-3.335148,1.191580
49377,-2.336959,1.449729
49378,-1.845869,0.988831
49379,-3.652478,1.826239
49380,-3.822291,1.911146
49381,-3.822291,1.911146
49382,-1.344281,-0.535628
49383,-2.835050,1.320914
49384,-3.484462,1.623490
49385,-2.883745,1.030303
49386,-2.394628,0.440071
49387,-3.652478,1.826239
49388,-3.123202,0.900969
49389,-1.668109,-1.400969
49390,-1.652210,-0.658322
49391,-1.489885,-1.977662
49392,-2.060606,1.030303
49393,-3.158125,1.579063
49394,0.035309,-0.367711
49395,-2.261572,-0.955573
49396,-2.669008,0.988831
49397,-3.158125,1.579063
49398,-2.635719,0.400969
49399,-0.928928,-1.233052
49400,-0.098933,1.030303
49401,-1.713557,-0.535628
49402,-3.658223,1.449729
49403,-1.877888,-1.977662
49404,-1.794458,-1.889800
49405,-2.859464,-0.147791
49406,-3.088468,0.698220
49407,-2.371693,1.652478
49408,-2.466259,1.191580
49409,-3.528889,1.579063
49410,-2.141244,1.191580
49411,-1.775215,0.326239
49412,-0.065885,-0.147791
49413,-3.692957,1.652478
49414,-2.635719,0.400969
49415,-1.681370,1.030303
49416,-3.911146,1.955573
49417,-2.518736,1.074730
49418,-1.394005,0.455573
49419,-2.938128,0.142820
49420,-3.563623,1.781812
49421,-3.397582,1.449729
49422,-2.859464,-0.147791
49423,-3.123202,0.900969
49424,-3.088468,0.698220
49425,-3.194833,1.652478
49426,-3.911146,1.955573
49427,-3.065499,1.781812
49428,-2.964384,1.191580
49429,-3.326140,1.781812
49430,-3.866718,2.000000
49431,-3.333174,1.320914
49432,-3.779838,1.826239
49433,-2.837543,1.579063
49434,-3.088468,0.698220
49435,-2.466259,1.191580
49436,-0.021523,0.142820
49437,-1.118740,0.142820
49438,-1.847313,0.603718
49439,-3.333174,1.320914
49440,-3.563623,1.781812
49441,-3.658223,1.449729
49442,-1.847313,0.603718
49443,-1.914041,-0.134659
49444,-2.526723,-0.425270
49445,-3.232059,0.730682
49446,-3.427775,0.988831
49447,-1.394005,0.455573
49448,0.149460,-0.074730
49449,-0.121453,0.730682
49450,-1.978621,0.733052
49451,-1.006419,-1.211352
49452,-2.242359,1.781812
49453,-3.563623,1.781812
49454,-3.563623,1.781812
49455,-1.933731,0.900969
49456,-3.824265,1.781812
49457,-2.873202,0.400969
49458,-2.938128,0.142820
49459,-3.911146,1.955573
49460,-3.824265,1.781812
49461,-3.397582,1.449729
49462,-3.955573,1.911146
49463,-3.462508,1.191580
49464,-2.899457,1.449729
49465,-3.528889,1.579063
49466,-2.051596,1.911146
49467,-1.445881,-0.074730
49468,-2.670453,0.603718
49469,-2.149460,1.074730
49470,-3.563623,1.781812
49471,-2.493959,1.246980
49472,-2.005777,-1.721883
49473,-2.892753,0.440071
49474,-1.397882,0.603718
49475,-1.039708,-0.623490
49476,-0.044056,0.054604
49477,-3.246980,1.623490
49478,-3.232059,0.730682
49479,-3.484462,1.623490
49480,-3.102206,1.246980
49481,-2.598822,-0.147791
49482,-2.347897,0.733052
49483,-2.873202,0.400969
49484,-3.911146,1.955573
49485,-3.911146,1.955573
49486,-3.694931,1.911146
49487,-2.526723,-0.425270
49488,-2.899457,1.449729
49489,-3.397582,1.449729
49490,-3.088468,0.698220
49491,-3.911146,1.955573
49492,-3.333174,1.320914
49493,-2.641828,1.320914
49494,-3.088468,0.698220
49495,0.057142,-0.147791
49496,-3.088468,0.698220
49497,-3.658223,1.449729
49498,-3.658223,1.449729
49499,-3.484462,1.623490
49500,-2.993868,1.030303
49501,-0.270784,0.093187
49502,-1.475625,-0.623490
49503,-3.658223,1.449729
49504,-2.242359,1.781812
49505,-0.156636,0.149460
49506,-1.988459,-1.889800
49507,-2.367905,-0.134659
49508,-2.872277,1.781812
49509,-2.605388,-0.134659
49510,0.150276,0.142820
49511,0.339445,1.191580
49512,0.763733,-1.123490
49513,-0.102415,-0.074730
49514,-3.158125,1.579063
49515,-3.490208,1.246980
49516,-3.822291,1.911146
49517,-2.493959,1.246980
49518,-2.493959,1.246980
49519,-2.060606,1.030303
49520,-1.229693,-1.889800
49521,-3.268248,1.579063
49522,-3.434289,1.911146
49523,-3.102206,1.246980
49524,-2.431855,0.900969
49525,-3.123202,0.900969
49526,-3.528889,1.579063
49527,-3.397582,1.449729
49528,-1.601453,0.500000
49529,-1.551584,-1.634021
49530,-1.717542,-0.914101
49531,-1.185762,-1.977662
49532,-2.349870,0.603718
49533,-0.880142,0.440071
49534,-3.824265,1.781812
49535,-3.246980,1.623490
49536,-3.490208,1.246980
49537,-3.563623,1.781812
49538,-3.658223,1.449729
49539,-2.181855,0.400969
49540,-3.656250,1.579063
49541,-2.780575,0.603718
49542,-2.810768,0.142820
49543,-3.563623,1.781812
49544,-2.780575,0.603718
49545,-2.873202,0.400969
49546,-2.166234,-1.400969
49547,-3.822291,1.911146
49548,-3.563623,1.781812
49549,-2.700489,1.826239
49550,-3.158125,1.579063
49551,-4.000000,2.000000
49552,-2.261572,-0.955573
49553,-2.885719,0.900969
49554,-1.977662,0.988831
49555,-3.490208,1.246980
49556,-2.181855,0.400969
49557,-1.801938,0.900969
49558,-2.098256,0.455573
49559,-2.005777,-1.721883
49560,-3.434289,1.911146
49561,-3.194833,1.652478
49562,-2.899457,1.449729
49563,-3.102206,1.246980
49564,-2.742943,1.911146
49565,-1.361599,-0.367711
49566,-3.088468,0.698220
49567,-2.993868,1.030303
49568,-1.314088,-0.074730
49569,-2.065597,-0.826239
49570,-2.835050,1.320914
49571,-2.899457,1.449729
49572,-3.194833,1.652478
49573,-2.993868,1.030303
49574,-3.528889,1.579063
49575,-3.434289,1.911146
49576,-1.977662,0.988831
49577,-3.268248,1.579063
49578,-3.955573,1.911146
49579,-2.440004,0.142820
49580,-3.623490,1.246980
49581,-1.051938,0.900969
49582,-3.866718,2.000000
49583,-3.563623,1.781812
49584,-2.563163,1.030303
49585,-0.490512,-1.721883
49586,-2.144490,0.326239
49587,-2.793116,1.623490
49588,-3.866718,2.000000
49589,-3.911146,1.955573
49590,-1.824442,1.449729
49591,-1.914041,-0.134659
49592,-2.572099,-0.722521
49593,-2.184738,-0.367711
49594,-1.300576,-0.365341
49595,-2.941449,0.149460
49596,-3.650504,1.955573
49597,-1.588247,1.365341
49598,-1.044797,-0.109562
49599,-0.666236,-1.634021
49600,-2.430339,0.123490
49601,-1.207436,0.603718
49602,-3.158125,1.579063
49603,-3.123202,0.900969
49604,-1.921819,-1.889800
49605,-2.644197,-0.445042
49606,-3.102206,1.246980
49607,-2.938128,0.142820
49608,-2.051596,1.911146
49609,-3.824265,1.781812
49610,-3.153395,0.440071
49611,-1.198511,1.030303
49612,-3.484462,1.623490
49613,-1.466104,0.733052
49614,-3.652478,1.826239
49615,-3.652478,1.826239
49616,-3.822291,1.911146
49617,-1.906779,-0.535628
49618,-3.658223,1.449729
49619,-3.268248,1.579063
49620,-3.824265,1.781812
49621,-3.462508,1.191580
49622,-1.636943,1.074730
49623,-2.136480,0.698220
49624,-1.413198,1.623490
49625,-3.911146,1.955573
49626,-3.563623,1.781812
49627,-3.528889,1.579063
49628,-1.760035,1.320914
49629,-3.692957,1.652478
49630,-2.184738,-0.367711
49631,-1.652210,-0.658322
49632,-1.794458,-1.889800
49633,-1.180804,0.266948
49634,-2.870469,2.000000
49635,-1.855707,-1.634021
49636,-3.065499,1.781812
49637,-3.153395,0.440071
49638,-3.462508,1.191580
49639,-3.281713,1.826239
49640,-3.051264,1.365341
49641,-3.462508,1.191580
49642,-3.051264,1.365341
49643,-3.692957,1.652478
49644,-3.333174,1.320914
49645,-1.847313,0.603718
49646,-1.423694,-1.889800
49647,-3.158125,1.579063
49648,-0.285640,0.142820
49649,-2.810768,0.142820
49650,-3.822291,1.911146
49651,-3.246980,1.623490
49652,-3.335148,1.191580
49653,-3.650504,1.955573
49654,-1.773241,0.455573
49655,-3.365341,0.730682
49656,-2.334986,1.579063
49657,-2.669008,0.988831
49658,-1.864156,-0.367711
49659,-3.824265,1.781812
49660,-3.656250,1.579063
49661,-3.304955,1.652478
49662,-2.316833,-1.233052
49663,-1.442336,-1.211352
49664,-2.385621,1.030303
49665,-2.349870,0.603718
49666,-1.773241,0.455573
49667,-1.944528,-1.977662
49668,-2.644197,-0.445042
49669,-1.489885,-1.977662
49670,-2.367905,-0.134659
49671,-2.563163,1.030303
49672,-3.088468,0.698220
49673,-3.232059,0.730682
49674,-3.824265,1.781812
49675,-3.095692,1.320914
49676,-3.650504,1.955573
49677,-3.051264,1.365341
49678,-2.892753,0.440071
49679,-3.074730,0.149460
49680,-2.793116,1.623490
49681,-3.246980,1.623490
49682,-3.088468,0.698220
49683,-1.309583,-0.955573
49684,-1.745664,-1.466104
49685,-0.765763,0.730682
49686,-3.822291,1.911146
49687,-1.636943,1.074730
49688,-3.152379,1.955573
49689,-3.152379,1.955573
49690,-2.730682,1.365341
49691,-3.911146,1.955573
49692,-2.874250,1.652478
49693,-2.109756,0.123490
49694,-2.526723,-0.425270
49695,-1.661706,-1.634021
49696,-2.837543,1.579063
49697,-3.194833,1.652478
49698,-2.669008,0.988831
49699,-3.528889,1.579063
49700,-3.427775,0.988831
49701,-3.268248,1.579063
49702,-3.650504,1.955573
49703,-3.152379,1.955573
49704,-1.022292,-0.658322
49705,-2.541119,0.733052
49706,-2.598822,-0.147791
49707,-3.528889,1.579063
49708,-0.487094,0.603718
49709,-0.642527,-0.914101
49710,-2.136480,0.698220
49711,-3.824265,1.781812
49712,-3.955573,1.911146
49713,-0.237965,1.579063
49714,-1.647948,-0.445042
49715,-1.474108,-1.400969
49716,-0.447472,-0.425270
49717,-3.911146,1.955573
49718,-3.824265,1.781812
49719,-3.095692,1.320914
49720,-3.824265,1.781812
49721,-3.563623,1.781812
49722,-2.793116,1.623490
49723,-3.268248,1.579063
49724,-1.280886,-1.400969
49725,-3.462508,1.191580
49726,-3.088468,0.698220
49727,-1.027479,-0.277479
49728,-3.153395,0.440071
49729,-0.816833,0.266948
49730,-1.713557,-0.535628
49731,0.788874,0.900969
49732,-0.728444,-1.634021
49733,-2.367905,-0.134659
49734,-2.518736,1.074730
49735,-3.397582,1.449729
49736,-3.563623,1.781812
49737,-2.670453,0.603718
49738,-3.167133,0.988831
49739,-3.268248,1.579063
49740,-2.015156,0.455573
49741,-0.295600,0.142820
49742,-1.044797,-0.109562
49743,-2.385621,1.030303
49744,-2.883745,1.030303
49745,-2.711958,1.074730
49746,-2.826042,1.911146
49747,-3.215828,0.698220
49748,-3.484462,1.623490
49749,-3.563623,1.781812
49750,-2.711958,1.074730
49751,-3.152379,1.955573
49752,-2.461033,1.955573
49753,-3.167133,0.988831
49754,-1.413198,1.623490
49755,-3.822291,1.911146
49756,-3.304955,1.652478
49757,-2.859464,-0.147791
49758,-3.427775,0.988831
49759,-2.119812,-0.109562
49760,-1.690819,-1.488831
49761,-3.692957,1.652478
49762,-0.179571,1.191580
49763,-2.461033,1.955573
49764,-3.333174,1.320914
49765,-2.347897,0.733052
49766,-3.658223,1.449729
49767,-2.572099,-0.722521
49768,-2.347897,0.733052
49769,-2.431855,0.900969
49770,-3.563623,1.781812
49771,-3.623490,1.246980
49772,-3.528889,1.579063
49773,-1.873490,-1.123490
49774,-2.541119,0.733052
49775,-3.955573,1.911146
49776,-3.434289,1.911146
49777,-3.563623,1.781812
49778,-2.742943,1.911146
49779,-3.246980,1.623490
49780,-3.281713,1.826239
49781,-3.528889,1.579063
49782,-3.281713,1.826239
49783,-2.163198,1.623490
49784,-3.462508,1.191580
49785,-3.397582,1.449729
49786,-0.913353,-0.365341
49787,-1.601453,0.500000
49788,-3.563623,1.781812
49789,-2.430339,0.123490
49790,-2.374152,1.781812
49791,0.096577,1.781812
49792,-1.801938,0.900969
49793,-3.658223,1.449729
49794,-2.493959,1.246980
49795,-1.717542,-0.914101
49796,-1.445881,-0.074730
49797,-0.071261,-0.658322
49798,-0.779516,-0.535628
49799,-3.074730,0.149460
49800,-3.955573,1.911146
49801,-3.563623,1.781812
49802,-3.102206,1.246980
49803,-3.102206,1.246980
49804,-1.116526,0.733052
49805,-2.641828,1.320914
49806,-3.650504,1.955573
49807,-2.837543,1.579063
49808,-1.733246,0.500000
49809,-2.119812,-0.109562
49810,0.144005,-0.955573
49811,-1.574735,-0.425270
49812,-1.022292,-0.658322
49813,-0.130454,-0.109562
49814,-1.588247,1.365341
49815,-3.822291,1.911146
49816,-3.304955,1.652478
49817,-3.158125,1.579063
49818,-3.304955,1.652478
49819,-2.810768,0.142820
49820,-2.098256,0.455573
49821,0.092933,0.142820
49822,-3.397582,1.449729
49823,-2.964384,1.191580
49824,-3.658223,1.449729
49825,-2.109756,0.123490
49826,-3.427775,0.988831
49827,-3.462508,1.191580
49828,-2.337712,0.326239
49829,-3.088468,0.698220
49830,-3.095692,1.320914
49831,-1.928302,-1.488831
49832,0.057142,-0.147791
49833,-1.574293,-1.721883
49834,-2.374152,1.781812
49835,-3.652478,1.826239
49836,-2.885719,0.900969
49837,-3.161387,1.365341
49838,-1.236955,-1.488831
49839,-1.423694,-1.889800
49840,-2.337712,0.326239
49841,-2.526723,-0.425270
49842,-2.311457,-0.722521
49843,-2.837543,1.579063
49844,-2.892753,0.440071
49845,-3.779838,1.826239
49846,-2.110972,-1.123490
49847,-2.259209,0.777479
49848,-3.528889,1.579063
49849,-3.658223,1.449729
49850,-1.789708,1.246980
49851,-2.576901,1.579063
49852,-1.170844,-1.233052
49853,-0.472729,-0.033258
49854,-1.914041,-0.134659
49855,-1.039708,-0.623490
49856,-3.152379,1.955573
49857,-3.158125,1.579063
49858,-2.056191,-1.233052
49859,-2.635719,0.400969
49860,-0.938334,-0.826239
49861,-0.576416,-0.658322
49862,-2.383160,1.191580
49863,-3.158125,1.579063
49864,-3.095692,1.320914
49865,-1.300576,-0.365341
49866,-1.914041,-0.134659
49867,-3.484462,1.623490
49868,-3.397582,1.449729
49869,-2.461033,1.955573
49870,-2.872277,1.781812
49871,-1.534266,-1.801938
49872,-2.110972,-1.123490
49873,-2.717704,0.698220
49874,-3.304955,1.652478
49875,-3.656250,1.579063
49876,-2.155959,-0.425270
49877,-2.311457,-0.722521
49878,-3.167133,0.988831
49879,-3.246980,1.623490
49880,-3.095692,1.320914
49881,-3.153395,0.440071
49882,-3.161387,1.365341
49883,-0.686069,-0.722521
49884,-1.072099,0.777479
49885,-3.232059,0.730682
49886,-3.051264,1.365341
49887,-3.779838,1.826239
49888,-3.152379,1.955573
49889,-3.658223,1.449729
49890,-3.528889,1.579063
49891,-1.361599,-0.367711
49892,-2.885719,0.900969
49893,-3.281713,1.826239
49894,-1.813332,-0.722521
49895,-0.764573,0.326239
49896,-2.374152,1.781812
49897,-1.917063,0.093187
49898,-1.300576,-0.365341
49899,-3.462508,1.191580
49900,-3.658223,1.449729
49901,-3.692957,1.652478
49902,-3.167133,0.988831
49903,-3.102206,1.246980
49904,-2.837543,1.579063
49905,-0.458468,1.320914
49906,-3.911146,1.955573
49907,-3.051264,1.365341
49908,-3.824265,1.781812
49909,-3.779838,1.826239
49910,-3.326140,1.781812
49911,-3.194833,1.652478
49912,-2.337712,0.326239
49913,0.432157,-0.535628
49914,-3.153395,0.440071
49915,-3.427775,0.988831
49916,-2.670453,0.603718
49917,-0.197601,-0.033258
49918,-2.873202,0.400969
49919,-1.154522,0.988831
49920,-3.911146,1.955573
49921,-3.866718,2.000000
49922,-2.711958,1.074730
49923,-1.248319,-1.466104
49924,-2.388932,-0.955573
49925,-2.235810,0.730682
49926,-2.872277,1.781812
49927,-2.837543,1.579063
49928,-3.051264,1.365341
49929,-2.099031,-1.801938
49930,-2.336959,1.449729
49931,-3.153395,0.440071
49932,-3.051264,1.365341
49933,-2.109756,0.123490
49934,-2.011910,1.320914
49935,-1.643120,1.191580
49936,-0.427724,0.054604
49937,-2.892753,0.440071
49938,-2.635719,0.400969
49939,-2.337712,0.326239
49940,-1.406715,-0.277479
49941,-3.650504,1.955573
49942,-1.849772,0.733052
49943,-2.873202,0.400969
49944,-2.149460,1.074730
49945,-2.383160,1.191580
49946,-3.304955,1.652478
49947,-3.158125,1.579063
49948,-3.158125,1.579063
49949,-2.899457,1.449729
49950,-2.706235,1.449729
49951,-2.106074,-0.658322
49952,-3.658223,1.449729
49953,-3.326140,1.781812
49954,-2.334986,1.579063
49955,-1.849772,0.733052
49956,-3.158125,1.579063
49957,-3.333174,1.320914
49958,-3.563623,1.781812
49959,-3.153395,0.440071
49960,-3.333174,1.320914
49961,-1.762008,1.191580
49962,-2.793116,1.623490
49963,-0.447472,-0.425270
49964,0.065502,0.093187
49965,-3.333174,1.320914
49966,-3.911146,1.955573
49967,-2.541119,0.733052
49968,-2.430339,0.123490
49969,-3.324167,1.911146
49970,-3.824265,1.781812
49971,-3.658223,1.449729
49972,-0.880142,0.440071
49973,-3.563623,1.781812
49974,-1.280886,-1.400969
49975,-1.965750,-1.801938
49976,-2.899457,1.449729
49977,-2.885719,0.900969
49978,-2.872277,1.781812
49979,-3.911146,1.955573
49980,-3.304955,1.652478
49981,-3.335148,1.191580
49982,-2.780575,0.603718
49983,-1.462714,0.222521
49984,-2.780575,0.603718
49985,-1.849772,0.733052
49986,-2.385621,1.030303
49987,-3.324167,1.911146
49988,-3.656250,1.579063
49989,-1.442336,-1.211352
49990,-2.835050,1.320914
49991,-3.158125,1.579063
49992,-2.431855,0.900969
49993,-2.826042,1.911146
49994,-2.176109,0.777479
49995,-2.641828,1.320914
49996,-2.700489,1.826239
49997,-0.866720,-1.233052
49998,-2.334986,1.579063
49999,-2.885719,0.900969
50000,-0.458468,1.320914
50001,-3.153395,0.440071
50002,-3.652478,1.826239
50003,-2.873202,0.400969
50004,-3.650504,1.955573
50005,-2.641828,1.320914
50006,-3.563623,1.781812
50007,-2.885719,0.900969
50008,-1.261910,1.320914
50009,-3.656250,1.579063
50010,-2.872277,1.781812
50011,-0.212537,0.054604
50012,-3.563623,1.781812
50013,-3.397582,1.449729
50014,-3.563623,1.781812
50015,-2.899457,1.449729
50016,-1.960449,1.826239
50017,-3.123202,0.900969
50018,-2.576901,1.579063
50019,-3.779838,1.826239
50020,-2.374152,1.781812
50021,-3.650504,1.955573
50022,-1.279149,1.191580
50023,-3.462508,1.191580
50024,-2.109756,0.123490
50025,-3.397582,1.449729
50026,-3.779838,1.826239
50027,-1.914041,-0.134659
50028,-2.038874,-1.400969
50029,-1.873490,-1.123490
50030,-3.365341,0.730682
50031,-2.256195,-0.445042
50032,0.023853,0.440071
50033,-0.520157,-0.162592
50034,-3.281713,1.826239
50035,-1.703282,0.440071
50036,-3.658223,1.449729
50037,-3.051264,1.365341
50038,-1.027479,-0.277479
50039,-1.557314,-0.109562
50040,-3.911146,1.955573
50041,-3.866718,2.000000
50042,-2.641828,1.320914
50043,-3.088468,0.698220
50044,-3.167133,0.988831
50045,-2.526723,-0.425270
50046,-3.911146,1.955573
50047,-3.051264,1.365341
50048,-2.461033,1.955573
50049,-3.051264,1.365341
50050,-2.235810,0.730682
50051,-3.074730,0.149460
50052,-0.926428,-1.721883
50053,-0.866720,-1.233052
50054,-2.316833,-1.233052
50055,-2.166234,-1.400969
50056,-1.713557,-0.535628
50057,-1.928302,-1.488831
50058,-2.294861,-0.367711
50059,-1.813332,-0.722521
50060,-3.656250,1.579063
50061,-1.977662,0.988831
50062,-0.911146,0.455573
50063,-1.636943,1.074730
50064,-3.563623,1.781812
50065,-1.406715,-0.277479
50066,-3.161387,1.365341
50067,-2.835050,1.320914
50068,-3.397582,1.449729
50069,-3.822291,1.911146
50070,-3.397582,1.449729
50071,-2.899457,1.449729
50072,-2.700489,1.826239
50073,-2.873202,0.400969
50074,-3.563623,1.781812
50075,-3.652478,1.826239
50076,-3.065499,1.781812
50077,-2.899457,1.449729
50078,-3.158125,1.579063
50079,-3.911146,1.955573
50080,-2.885719,0.900969
50081,-2.242359,1.781812
50082,-2.493959,1.246980
50083,-1.906779,-0.535628
50084,-1.955475,-0.826239
50085,-3.824265,1.781812
50086,-2.383160,1.191580
50087,-3.153395,0.440071
50088,-3.304955,1.652478
50089,-2.493959,1.246980
50090,-3.658223,1.449729
50091,-3.822291,1.911146
50092,-3.563623,1.781812
50093,-1.601453,0.500000
50094,-3.658223,1.449729
50095,-0.207561,-0.033258
50096,-2.810768,0.142820
50097,-0.602063,-0.162592
50098,-2.742943,1.911146
50099,-2.149460,1.074730
50100,-1.551938,0.400969
50101,-1.396440,0.698220
50102,-1.044797,-0.109562
50103,-0.712635,-0.074730
50104,-2.149460,1.074730
50105,-0.417598,-0.367711
50106,-3.123202,0.900969
50107,-2.837543,1.579063
50108,-1.445133,0.698220
50109,-3.911146,1.955573
50110,-3.911146,1.955573
50111,-2.993868,1.030303
50112,-3.955573,1.911146
50113,-3.694931,1.911146
50114,-1.978621,0.733052
50115,-2.109756,0.123490
50116,-0.371614,-0.623490
50117,-2.742943,1.911146
50118,-3.694931,1.911146
50119,-2.964384,1.191580
50120,-3.281713,1.826239
50121,-3.434289,1.911146
50122,-3.088468,0.698220
50123,-2.336959,1.449729
50124,-1.977662,0.988831
50125,-2.598822,-0.147791
50126,-2.572099,-0.722521
50127,-2.696708,1.652478
50128,-2.892753,0.440071
50129,-2.374152,1.781812
50130,-3.065499,1.781812
50131,-3.528889,1.579063
50132,-3.268248,1.579063
50133,-3.281713,1.826239
50134,-3.462508,1.191580
50135,-3.326140,1.781812
50136,1.255297,-0.535628
50137,-0.198062,0.099031
50138,-3.158125,1.579063
50139,-3.324167,1.911146
50140,-3.658223,1.449729
50141,-2.883745,1.030303
50142,-3.158125,1.579063
50143,-2.810768,0.142820
50144,-3.326140,1.781812
50145,-3.095692,1.320914
50146,-2.835050,1.320914
50147,-0.248496,0.900969
50148,-2.541119,0.733052
50149,-3.658223,1.449729
50150,-0.538874,0.099031
50151,-2.964384,1.191580
50152,-3.563623,1.781812
50153,-3.088468,0.698220
50154,-2.526723,-0.425270
50155,-2.208111,1.449729
50156,-3.528889,1.579063
50157,-2.641828,1.320914
50158,-1.789708,1.246980
50159,-3.563623,1.781812
50160,-2.670453,0.603718
50161,-2.440004,0.142820
50162,-3.051264,1.365341
50163,-3.528889,1.579063
50164,-3.484462,1.623490
50165,-3.692957,1.652478
50166,-1.928302,-1.488831
50167,-1.771749,-1.801938
50168,-1.261910,1.320914
50169,-3.658223,1.449729
50170,-3.911146,1.955573
50171,-3.563623,1.781812
50172,-1.550062,0.900969
50173,-1.960449,1.826239
50174,-3.563623,1.781812
50175,-3.051264,1.365341
50176,-3.692957,1.652478
50177,-2.892753,0.440071
50178,-2.336959,1.449729
50179,-3.102206,1.246980
50180,-3.167133,0.988831
50181,-3.692957,1.652478
50182,-2.964384,1.191580
50183,-2.899457,1.449729
50184,-2.541119,0.733052
50185,-2.837543,1.579063
50186,-3.779838,1.826239
50187,-3.281713,1.826239
50188,-3.528889,1.579063
50189,-2.149460,1.074730
50190,-3.326140,1.781812
50191,-1.349189,0.603718
50192,-3.268248,1.579063
50193,-3.528889,1.579063
50194,-3.692957,1.652478
50195,-3.462508,1.191580
50196,-1.719513,1.246980
50197,-1.681370,1.030303
50198,-2.242359,1.781812
50199,-2.635719,0.400969
50200,-2.563163,1.030303
50201,-2.394628,0.440071
50202,-1.592048,0.093187
50203,-3.397582,1.449729
50204,-2.872277,1.781812
50205,-3.065499,1.781812
50206,-3.462508,1.191580
50207,-2.572099,-0.722521
50208,-3.658223,1.449729
50209,-3.866718,2.000000
50210,-3.955573,1.911146
50211,-3.427775,0.988831
50212,-3.911146,1.955573
50213,-3.824265,1.781812
50214,-2.141244,1.191580
50215,-1.917063,0.093187
50216,-1.824442,1.449729
50217,-2.302521,1.030303
50218,-2.541119,0.733052
50219,-3.563623,1.781812
50220,-2.872277,1.781812
50221,-3.462508,1.191580
50222,-2.885719,0.900969
50223,-3.281713,1.826239
50224,-2.272552,1.320914
50225,-3.123202,0.900969
50226,-1.845869,0.988831
50227,-1.695108,1.579063
50228,-1.254687,0.698220
50229,-1.593993,0.988831
50230,-1.695108,1.579063
50231,-3.088468,0.698220
50232,-2.641828,1.320914
50233,-3.779838,1.826239
50234,-2.208111,1.449729
50235,-3.650504,1.955573
50236,-3.824265,1.781812
50237,-3.650504,1.955573
50238,-2.038874,-1.400969
50239,-3.822291,1.911146
50240,-3.478716,2.000000
50241,-3.650504,1.955573
50242,-3.335148,1.191580
50243,-0.130454,-0.109562
50244,-1.836861,1.579063
50245,-2.899457,1.449729
50246,-3.822291,1.911146
50247,-2.700489,1.826239
50248,-2.872277,1.781812
50249,-2.872277,1.781812
50250,-2.155959,-0.425270
50251,-3.324167,1.911146
50252,-1.873040,-1.211352
50253,-2.964384,1.191580
50254,-3.051264,1.365341
50255,-3.088468,0.698220
50256,-3.824265,1.781812
50257,-1.849772,0.733052
50258,-3.462508,1.191580
50259,-3.911146,1.955573
50260,-3.650504,1.955573
50261,-2.872277,1.781812
50262,-2.837543,1.579063
50263,-0.176865,-0.074730
50264,-2.641828,1.320914
50265,-2.493959,1.246980
50266,-1.760035,1.320914
50267,-1.731730,-0.277479
50268,-3.652478,1.826239
50269,-2.883745,1.030303
50270,-3.304955,1.652478
50271,-2.780575,0.603718
50272,-2.343556,-0.658322
50273,-2.885719,0.900969
50274,-0.821489,0.440071
50275,0.065502,0.093187
50276,-3.434289,1.911146
50277,-2.099031,-1.801938
50278,-0.427724,0.054604
50279,-2.837543,1.579063
50280,-3.692957,1.652478
50281,-3.333174,1.320914
50282,-2.374152,1.781812
50283,-3.623490,1.246980
50284,-2.964384,1.191580
50285,-3.152379,1.955573
50286,-2.337712,0.326239
50287,-3.692957,1.652478
50288,-3.650504,1.955573
50289,-3.427775,0.988831
50290,-3.281713,1.826239
50291,-3.528889,1.579063
50292,-2.336959,1.449729
50293,-3.623490,1.246980
50294,-2.872277,1.781812
50295,-3.065499,1.781812
50296,-3.462508,1.191580
50297,-2.109756,0.123490
50298,-2.347897,0.733052
50299,-3.866718,2.000000
50300,-2.431855,0.900969
50301,-2.837543,1.579063
50302,-3.194833,1.652478
50303,-3.866718,2.000000
50304,-1.960449,1.826239
50305,-1.624178,-1.488831
50306,-3.304955,1.652478
50307,-3.822291,1.911146
50308,-2.641828,1.320914
50309,0.288795,0.698220
50310,-3.158125,1.579063
50311,-2.176109,0.777479
50312,-2.294861,-0.367711
50313,-2.388932,-0.955573
50314,-2.572099,-0.722521
50315,-3.652478,1.826239
50316,-3.427775,0.988831
50317,-2.872277,1.781812
50318,-1.849772,0.733052
50319,-2.106074,-0.658322
50320,-3.427775,0.988831
50321,-0.855884,0.733052
50322,-2.899457,1.449729
50323,-1.745664,-1.466104
50324,-3.153395,0.440071
50325,-3.326140,1.781812
50326,-0.974766,1.579063
50327,-3.650504,1.955573
50328,-3.324167,1.911146
50329,-3.324167,1.911146
50330,-2.730682,1.365341
50331,-1.858780,0.142820
50332,0.001224,0.326239
50333,-2.208111,1.449729
50334,-0.229775,0.011169
50335,0.238315,-0.033258
50336,-0.916907,-0.365341
50337,-2.941449,0.149460
50338,-2.885719,0.900969
50339,-2.711958,1.074730
50340,-3.826239,1.652478
50341,-3.065499,1.781812
50342,-3.158125,1.579063
50343,-3.324167,1.911146
50344,-2.810768,0.142820
50345,-2.343556,-0.658322
50346,-3.650504,1.955573
50347,-3.484462,1.623490
50348,-3.824265,1.781812
50349,-3.658223,1.449729
50350,-2.349870,0.603718
50351,-1.207436,0.603718
50352,-0.472729,-0.033258
50353,-1.489885,-1.977662
50354,-3.051264,1.365341
50355,-3.194833,1.652478
50356,-3.692957,1.652478
50357,-3.427775,0.988831
50358,-1.648630,-0.277479
50359,-1.003761,1.579063
50360,-2.563163,1.030303
50361,-2.899457,1.449729
50362,-3.650504,1.955573
50363,-1.824442,1.449729
50364,-0.462714,-0.277479
50365,-3.427775,0.988831
50366,-1.965750,-1.801938
50367,-1.794458,-1.889800
50368,-2.540461,0.123490
50369,-0.338389,0.900969
50370,-3.911146,1.955573
50371,-3.694931,1.911146
50372,-3.281713,1.826239
50373,-2.343556,-0.658322
50374,-1.873490,-1.123490
50375,-1.762918,-1.211352
50376,-3.232059,0.730682
50377,-2.272552,1.320914
50378,-0.860591,0.400969
50379,-2.242359,1.781812
50380,-3.153395,0.440071
50381,-1.734301,-1.488831
50382,-3.692957,1.652478
50383,-2.336959,1.449729
50384,-3.281713,1.826239
50385,-3.484462,1.623490
50386,-1.133363,0.455573
50387,-1.878417,-1.721883
50388,-2.892753,0.440071
50389,-3.335148,1.191580
50390,-3.095692,1.320914
50391,-3.324167,1.911146
50392,-1.824442,1.449729
50393,-3.826239,1.652478
50394,-2.700489,1.826239
50395,-2.349870,0.603718
50396,-3.333174,1.320914
50397,-3.167133,0.988831
50398,-3.427775,0.988831
50399,-2.343556,-0.658322
50400,-3.650504,1.955573
50401,-3.123202,0.900969
50402,-3.246980,1.623490
50403,-3.088468,0.698220
50404,-1.233709,-0.623490
50405,-2.136480,0.698220
50406,-3.268248,1.579063
50407,-2.669008,0.988831
50408,-3.824265,1.781812
50409,-3.692957,1.652478
50410,-3.779838,1.826239
50411,-3.462508,1.191580
50412,-2.259209,0.777479
50413,-1.914041,-0.134659
50414,-3.528889,1.579063
50415,-3.955573,1.911146
50416,-3.563623,1.781812
50417,-1.412671,0.730682
50418,-3.955573,1.911146
50419,-3.434289,1.911146
50420,-2.163198,1.623490
50421,-1.643120,1.191580
50422,-1.719513,1.246980
50423,-2.410859,1.246980
50424,-3.824265,1.781812
50425,-3.623490,1.246980
50426,-2.899457,1.449729
50427,-1.845869,0.988831
50428,-2.644197,-0.445042
50429,-1.445133,0.698220
50430,-3.694931,1.911146
50431,-2.706235,1.449729
50432,-2.635719,0.400969
50433,-2.141244,1.191580
50434,-0.709622,0.099031
50435,-3.427775,0.988831
50436,-0.288960,0.149460
50437,-2.711958,1.074730
50438,-1.643120,1.191580
50439,-3.650504,1.955573
50440,-2.641828,1.320914
50441,-2.337712,0.326239
50442,-2.576901,1.579063
50443,-3.167133,0.988831
50444,-2.793116,1.623490
50445,-2.859464,-0.147791
50446,-3.911146,1.955573
50447,-0.288960,0.149460
50448,-0.371614,-0.623490
50449,-3.123202,0.900969
50450,-2.810768,0.142820
50451,-2.272552,1.320914
50452,-1.384971,1.449729
50453,-3.152379,1.955573
50454,-2.883745,1.030303
50455,-2.641828,1.320914
50456,-2.011910,1.320914
50457,-3.656250,1.579063
50458,-1.212812,0.093187
50459,-3.484462,1.623490
50460,-1.933731,0.900969
50461,-1.557314,-0.109562
50462,-2.730682,1.365341
50463,-3.335148,1.191580
50464,-3.246980,1.623490
50465,-1.955475,-0.826239
50466,-0.756100,1.955573
50467,-2.385621,1.030303
50468,-3.326140,1.781812
50469,-3.397582,1.449729
50470,-2.337712,0.326239
50471,-0.167082,0.054604
50472,-0.415545,-0.535628
50473,-1.225625,-1.123490
50474,-0.686069,-0.722521
50475,-2.835050,1.320914
50476,-1.965750,-1.801938
50477,-1.005460,-0.955573
50478,-0.734763,-0.722521
50479,-0.212537,0.054604
50480,-3.490208,1.246980
50481,-2.899457,1.449729
50482,-2.872277,1.781812
50483,-2.374152,1.781812
50484,-3.656250,1.579063
50485,-3.304955,1.652478
50486,-3.658223,1.449729
50487,-3.652478,1.826239
50488,-2.155959,-0.425270
50489,-2.885719,0.900969
50490,-0.560521,1.449729
50491,-1.811776,-1.721883
50492,-2.670453,0.603718
50493,-2.641828,1.320914
50494,-3.167133,0.988831
50495,-2.302521,1.030303
50496,-2.461033,1.955573
50497,-3.434289,1.911146
50498,-2.015156,0.455573
50499,-2.993868,1.030303
50500,-1.914041,-0.134659
50501,-3.333174,1.320914
50502,-1.170753,0.149460
50503,-1.934194,0.777479
50504,-2.208111,1.449729
50505,-1.917063,0.093187
50506,-2.136480,0.698220
50507,-3.152379,1.955573
50508,-2.837543,1.579063
50509,-2.706235,1.449729
50510,-2.347897,0.733052
50511,-3.528889,1.579063
50512,-3.528889,1.579063
50513,-0.867905,1.365341
50514,-3.824265,1.781812
50515,-1.170753,0.149460
50516,-0.011858,0.123490
50517,-2.706235,1.449729
50518,-3.153395,0.440071
50519,-2.242359,1.781812
50520,-1.607199,0.123490
50521,-3.158125,1.579063
50522,-2.430339,0.123490
50523,-2.065597,-0.826239
50524,-2.835050,1.320914
50525,-2.938128,0.142820
50526,-2.136480,0.698220
50527,-2.563163,1.030303
50528,-3.102206,1.246980
50529,-3.065499,1.781812
50530,-3.462508,1.191580
50531,-3.102206,1.246980
50532,-3.434289,1.911146
50533,-3.434289,1.911146
50534,-1.890808,-0.955573
50535,-3.779838,1.826239
50536,-3.051264,1.365341
50537,-3.326140,1.781812
50538,-3.246980,1.623490
50539,-2.553446,0.149460
50540,-1.847313,0.603718
50541,-2.870469,2.000000
50542,-0.709168,-0.914101
50543,-3.911146,1.955573
50544,-2.964384,1.191580
50545,-3.102206,1.246980
50546,-3.563623,1.781812
50547,-3.281713,1.826239
50548,-0.842470,-1.889800
50549,-1.634892,-0.826239
50550,-3.434289,1.911146
50551,-2.641828,1.320914
50552,-3.563623,1.781812
50553,-2.015156,0.455573
50554,-3.658223,1.449729
50555,-1.210838,0.222521
50556,-1.006419,-1.211352
50557,0.201708,-0.074730
50558,-3.397582,1.449729
50559,-1.048700,0.730682
50560,-1.261910,1.320914
50561,-2.641828,1.320914
50562,-3.051264,1.365341
50563,-3.152379,1.955573
50564,-3.281713,1.826239
50565,-3.911146,1.955573
50566,-3.955573,1.911146
50567,-1.550062,0.900969
50568,-3.528889,1.579063
50569,-3.692957,1.652478
50570,-0.609756,1.623490
50571,-0.985218,0.603718
50572,-3.281713,1.826239
50573,-2.184738,-0.367711
50574,-3.563623,1.781812
50575,-3.650504,1.955573
50576,-2.065597,-0.826239
50577,-3.623490,1.246980
50578,-3.779838,1.826239
50579,-3.462508,1.191580
50580,-2.461033,1.955573
50581,-1.933731,0.900969
50582,-1.551938,0.400969
50583,-2.553446,0.149460
50584,-1.717979,0.733052
50585,-1.116526,0.733052
50586,-2.272552,1.320914
50587,-3.563623,1.781812
50588,-0.578811,-0.162592
50589,-3.326140,1.781812
50590,-2.106074,-0.658322
50591,-3.656250,1.579063
50592,-2.873202,0.400969
50593,-2.294861,-0.367711
50594,-2.892753,0.440071
50595,-2.430339,0.123490
50596,-3.658223,1.449729
50597,-2.899457,1.449729
50598,-2.873202,0.400969
50599,-1.914041,-0.134659
50600,-3.490208,1.246980
50601,-2.711958,1.074730
50602,-3.167133,0.988831
50603,-2.717704,0.698220
50604,-0.709622,0.099031
50605,-3.065499,1.781812
50606,-3.462508,1.191580
50607,-2.526723,-0.425270
50608,-1.719513,1.246980
50609,-0.966034,-0.162592
50610,-2.337712,0.326239
50611,-3.158125,1.579063
50612,-2.892753,0.440071
50613,-3.650504,1.955573
50614,-4.000000,2.000000
50615,-3.123202,0.900969
50616,-2.493959,1.246980
50617,-2.155959,-0.425270
50618,-1.413198,1.623490
50619,-3.652478,1.826239
50620,-2.181855,0.400969
50621,-1.668109,-1.400969
50622,-3.652478,1.826239
50623,-2.899457,1.449729
50624,-2.098256,0.455573
50625,-2.730682,1.365341
50626,-2.461033,1.955573
50627,-3.065499,1.781812
50628,-3.822291,1.911146
50629,-3.911146,1.955573
50630,-1.977662,0.988831
50631,-2.366718,-1.000000
50632,-1.864156,-0.367711
50633,-3.563623,1.781812
50634,-2.242359,1.781812
50635,-3.822291,1.911146
50636,-3.215828,0.698220
50637,-0.186388,-1.721883
50638,0.272408,-0.445042
50639,-0.121146,-0.425270
50640,-2.119812,-0.109562
50641,-3.123202,0.900969
50642,-3.335148,1.191580
50643,-2.176109,0.777479
50644,-3.065499,1.781812
50645,-3.427775,0.988831
50646,-0.346845,-1.400969
50647,-3.652478,1.826239
50648,-0.765763,0.730682
50649,-0.544620,-0.277479
50650,-2.859464,-0.147791
50651,-1.396440,0.698220
50652,-3.656250,1.579063
50653,-1.801938,0.900969
50654,-2.096023,2.000000
50655,-3.335148,1.191580
50656,-2.835050,1.320914
50657,-2.605388,-0.134659
50658,-3.822291,1.911146
50659,-2.349870,0.603718
50660,-1.127350,1.826239
50661,-3.911146,1.955573
50662,-2.163198,1.623490
50663,-3.490208,1.246980
50664,-3.822291,1.911146
50665,-1.244415,0.988831
50666,-3.652478,1.826239
50667,-2.155959,-0.425270
50668,-1.824442,1.449729
50669,-3.650504,1.955573
50670,-3.161387,1.365341
50671,-2.181855,0.400969
50672,-2.431855,0.900969
50673,-1.207436,0.603718
50674,-1.116526,0.733052
50675,-3.304955,1.652478
50676,-2.883745,1.030303
50677,-3.650504,1.955573
50678,-2.163198,1.623490
50679,-1.955475,-0.826239
50680,-2.941449,0.149460
50681,-1.833963,0.093187
50682,-2.793116,1.623490
50683,-3.824265,1.781812
50684,0.198902,0.698220
50685,-1.977662,0.988831
50686,-2.440004,0.142820
50687,-2.641828,1.320914
50688,-1.719513,1.246980
50689,-1.873490,-1.123490
50690,-2.899457,1.449729
50691,-3.692957,1.652478
50692,-2.347897,0.733052
50693,-2.576901,1.579063
50694,-3.281713,1.826239
50695,-2.119812,-0.109562
50696,-2.553446,0.149460
50697,-3.563623,1.781812
50698,-3.692957,1.652478
50699,-0.860591,0.400969
50700,-0.578811,-0.162592
50701,-2.099031,-1.801938
50702,-2.374152,1.781812
50703,-3.911146,1.955573
50704,-2.711958,1.074730
50705,-3.065499,1.781812
50706,-3.434289,1.911146
50707,-3.528889,1.579063
50708,-2.367905,-0.134659
50709,-2.343556,-0.658322
50710,-3.268248,1.579063
50711,-3.866718,2.000000
50712,-3.911146,1.955573
50713,-2.228125,1.365341
50714,-1.229693,-1.889800
50715,-3.652478,1.826239
50716,-1.873040,-1.211352
50717,-2.106074,-0.658322
50718,-2.136480,0.698220
50719,-2.706235,1.449729
50720,-2.872277,1.781812
50721,-3.824265,1.781812
50722,-3.434289,1.911146
50723,-2.837543,1.579063
50724,-2.835050,1.320914
50725,-2.837543,1.579063
50726,-3.194833,1.652478
50727,-3.694931,1.911146
50728,-2.119812,-0.109562
50729,-2.302521,1.030303
50730,-2.466259,1.191580
50731,-2.872277,1.781812
50732,-2.371693,1.652478
50733,-2.899457,1.449729
50734,-1.551938,0.400969
50735,-3.246980,1.623490
50736,-2.235810,0.730682
50737,-2.184738,-0.367711
50738,-0.801938,0.400969
50739,-3.650504,1.955573
50740,-2.641828,1.320914
50741,-2.136480,0.698220
50742,-2.259209,0.777479
50743,-3.824265,1.781812
50744,-2.793116,1.623490
50745,-3.650504,1.955573
50746,-2.038874,-1.400969
50747,-0.983709,-1.123490
50748,-0.434577,-0.109562
50749,-3.911146,1.955573
50750,-1.314088,-0.074730
50751,-3.427775,0.988831
50752,-3.692957,1.652478
50753,-3.694931,1.911146
50754,-2.899457,1.449729
50755,-1.507653,-1.721883
50756,-1.375695,-1.211352
50757,-2.385621,1.030303
50758,-2.872277,1.781812
50759,-2.711958,1.074730
50760,-3.658223,1.449729
50761,-2.654083,-0.425270
50762,-1.775215,0.326239
50763,-2.717704,0.698220
50764,-2.635719,0.400969
50765,-2.100697,-0.147791
50766,-1.978621,0.733052
50767,-3.167133,0.988831
50768,-3.650504,1.955573
50769,-1.727818,-1.889800
50770,0.096577,1.781812
50771,-3.095692,1.320914
50772,-3.911146,1.955573
50773,-3.158125,1.579063
50774,-3.658223,1.449729
50775,-2.060606,1.030303
50776,-1.858780,0.142820
50777,-1.762008,1.191580
50778,-2.334986,1.579063
50779,-0.001379,-0.367711
50780,-1.280886,-1.400969
50781,-2.349870,0.603718
50782,-2.336959,1.449729
50783,-3.490208,1.246980
50784,1.551761,-1.233052
50785,-0.447472,-0.425270
50786,-2.605388,-0.134659
50787,-2.793116,1.623490
50788,-3.462508,1.191580
50789,-3.102206,1.246980
50790,-3.281713,1.826239
50791,-3.434289,1.911146
50792,1.549228,-1.123490
50793,-1.474108,-1.400969
50794,-2.859464,-0.147791
50795,-3.658223,1.449729
50796,-3.826239,1.652478
50797,-3.563623,1.781812
50798,-2.872277,1.781812
50799,-2.349870,0.603718
50800,-3.095692,1.320914
50801,-1.588247,1.365341
50802,-2.883745,1.030303
50803,-3.822291,1.911146
50804,-3.484462,1.623490
50805,-3.158125,1.579063
50806,-3.478716,2.000000
50807,-3.563623,1.781812
50808,-3.652478,1.826239
50809,-3.826239,1.652478
50810,-3.326140,1.781812
50811,-2.669008,0.988831
50812,-3.215828,0.698220
50813,-0.721721,-0.367711
50814,-2.155959,-0.425270
50815,-2.941449,0.149460
50816,-3.333174,1.320914
50817,-1.945199,0.149460
50818,-2.872277,1.781812
50819,-3.333174,1.320914
50820,-2.780575,0.603718
50821,-3.304955,1.652478
50822,-3.658223,1.449729
50823,-3.152379,1.955573
50824,-3.822291,1.911146
50825,-3.158125,1.579063
50826,-3.123202,0.900969
50827,-2.367905,-0.134659
50828,-3.153395,0.440071
50829,-1.652210,-0.658322
50830,-2.431855,0.900969
50831,-3.167133,0.988831
50832,-2.431855,0.900969
50833,-2.793116,1.623490
50834,-2.144490,0.326239
50835,-2.149460,1.074730
50836,-3.326140,1.781812
50837,-1.375695,-1.211352
50838,-1.574735,-0.425270
50839,-2.576901,1.579063
50840,-2.641828,1.320914
50841,-1.168783,-0.365341
50842,-1.551012,1.781812
50843,-3.088468,0.698220
50844,-3.528889,1.579063
50845,-1.960449,1.826239
50846,-1.845869,0.988831
50847,-3.779838,1.826239
50848,-2.598822,-0.147791
50849,-2.598822,-0.147791
50850,-3.065499,1.781812
50851,-2.872277,1.781812
50852,-3.246980,1.623490
50853,-0.932879,0.054604
50854,-0.686458,-0.826239
50855,-3.427775,0.988831
50856,-3.563623,1.781812
50857,-3.824265,1.781812
50858,-3.658223,1.449729
50859,-3.484462,1.623490
50860,-2.366718,-1.000000
50861,-3.158125,1.579063
50862,-2.431855,0.900969
50863,-3.215828,0.698220
50864,-2.700489,1.826239
50865,-3.246980,1.623490
50866,-2.810768,0.142820
50867,-3.911146,1.955573
50868,-3.153395,0.440071
50869,-3.490208,1.246980
50870,-3.333174,1.320914
50871,-3.152379,1.955573
50872,-2.349870,0.603718
50873,-3.650504,1.955573
50874,-3.911146,1.955573
50875,-2.941449,0.149460
50876,-3.658223,1.449729
50877,-3.246980,1.623490
50878,-3.911146,1.955573
50879,-3.333174,1.320914
50880,-2.844057,0.730682
50881,-3.365341,0.730682
50882,-3.427775,0.988831
50883,-3.333174,1.320914
50884,-3.246980,1.623490
50885,-2.431855,0.900969
50886,-3.427775,0.988831
50887,-3.161387,1.365341
50888,-3.563623,1.781812
50889,-3.304955,1.652478
50890,-2.176109,0.777479
50891,-0.801938,0.400969
50892,-1.601453,0.500000
50893,-2.706235,1.449729
50894,-0.567329,-0.365341
50895,-2.144490,0.326239
50896,-2.394628,0.440071
50897,-1.877888,-1.977662
50898,-3.088468,0.698220
50899,-3.824265,1.781812
50900,-2.837543,1.579063
50901,-3.484462,1.623490
50902,-1.044797,-0.109562
50903,-1.137418,-1.466104
50904,-2.635719,0.400969
50905,-2.899457,1.449729
50906,-3.658223,1.449729
50907,-1.554958,0.777479
50908,-3.304955,1.652478
50909,-3.365341,0.730682
50910,-2.493959,1.246980
50911,-3.153395,0.440071
50912,-1.592048,0.093187
50913,-3.824265,1.781812
50914,-3.694931,1.911146
50915,-2.541119,0.733052
50916,-1.978716,-1.000000
50917,-3.462508,1.191580
50918,-2.440004,0.142820
50919,-2.184738,-0.367711
50920,-3.563623,1.781812
50921,-3.326140,1.781812
50922,-3.528889,1.579063
50923,-2.563163,1.030303
50924,-1.225625,-1.123490
50925,-1.601453,0.500000
50926,-3.484462,1.623490
50927,-1.762008,1.191580
50928,-2.885719,0.900969
50929,-3.824265,1.781812
50930,-1.461364,0.730682
50931,-3.215828,0.698220
50932,-3.397582,1.449729
50933,-2.641828,1.320914
50934,-1.314088,-0.074730
50935,-0.121614,-1.123490
50936,-3.246980,1.623490
50937,-2.696708,1.652478
50938,-2.015156,0.455573
50939,-3.088468,0.698220
50940,-1.445881,-0.074730
50941,-1.643120,1.191580
50942,0.259051,-0.074730
50943,0.851418,-0.367711
50944,-3.324167,1.911146
50945,-3.822291,1.911146
50946,-2.541119,0.733052
50947,-2.859464,-0.147791
50948,-3.333174,1.320914
50949,-2.541119,0.733052
50950,-3.484462,1.623490
50951,-3.427775,0.988831
50952,-1.873040,-1.211352
50953,-2.526723,-0.425270
50954,-3.824265,1.781812
50955,-2.518736,1.074730
50956,-2.383160,1.191580
50957,-2.119812,-0.109562
50958,-3.650504,1.955573
50959,-3.563623,1.781812
50960,-1.926590,-0.109562
50961,0.646711,-1.721883
50962,-0.487094,0.603718
50963,-0.983709,-1.123490
50964,-2.540461,0.123490
50965,-3.088468,0.698220
50966,-3.397582,1.449729
50967,-3.333174,1.320914
50968,-2.885719,0.900969
50969,-0.881639,-1.977662
50970,-3.427775,0.988831
50971,-3.281713,1.826239
50972,-0.816833,0.266948
50973,-3.692957,1.652478
50974,-3.563623,1.781812
50975,-2.873202,0.400969
50976,-2.100697,-0.147791
50977,-2.367905,-0.134659
50978,-3.623490,1.246980
50979,-2.374152,1.781812
50980,-3.658223,1.449729
50981,-1.926590,-0.109562
50982,-3.623490,1.246980
50983,-3.051264,1.365341
50984,-2.228125,1.365341
50985,-2.964384,1.191580
50986,-3.333174,1.320914
50987,-3.152379,1.955573
50988,-3.065499,1.781812
50989,-2.440004,0.142820
50990,-3.694931,1.911146
50991,-1.847313,0.603718
50992,-1.934194,0.777479
50993,-3.692957,1.652478
50994,-2.311457,-0.722521
50995,-2.440004,0.142820
50996,-2.964384,1.191580
50997,-3.434289,1.911146
50998,-3.911146,1.955573
50999,-3.955573,1.911146
51000,-3.427775,0.988831
51001,-2.859464,-0.147791
51002,-2.872277,1.781812
51003,-3.955573,1.911146
51004,-3.824265,1.781812
51005,-3.484462,1.623490
51006,-2.228125,1.365341
51007,-3.692957,1.652478
51008,-1.648630,-0.277479
51009,-2.780575,0.603718
51010,-2.261572,-0.955573
51011,-2.431855,0.900969
51012,-1.945199,0.149460
51013,-3.822291,1.911146
51014,-3.822291,1.911146
51015,-2.060606,1.030303
51016,-3.304955,1.652478
51017,-2.700489,1.826239
51018,-1.474108,-1.400969
51019,-1.568917,-1.211352
51020,-0.932879,0.054604
51021,-2.106074,-0.658322
51022,-2.670453,0.603718
51023,-2.873202,0.400969
51024,-3.434289,1.911146
51025,-2.706235,1.449729
51026,-3.563623,1.781812
51027,-2.563163,1.030303
51028,-2.793116,1.623490
51029,-2.056191,-1.233052
51030,-0.371614,-0.623490
51031,-3.152379,1.955573
51032,-1.361599,-0.367711
51033,-2.598822,-0.147791
51034,-1.133363,0.455573
51035,-1.137418,-1.466104
51036,-3.051264,1.365341
51037,-3.694931,1.911146
51038,-0.496901,0.326239
51039,-2.526723,-0.425270
51040,-2.892753,0.440071
51041,-2.993868,1.030303
51042,-3.563623,1.781812
51043,-3.194833,1.652478
51044,-3.911146,1.955573
51045,-3.434289,1.911146
51046,-1.734301,-1.488831
51047,-0.801039,-1.488831
51048,-1.727818,-1.889800
51049,-2.430339,0.123490
51050,-3.427775,0.988831
51051,-2.826042,1.911146
51052,-3.822291,1.911146
51053,-3.065499,1.781812
51054,-3.478716,2.000000
51055,-3.911146,1.955573
51056,-3.158125,1.579063
51057,-2.859464,-0.147791
51058,-3.824265,1.781812
51059,-3.397582,1.449729
51060,-1.461364,0.730682
51061,-3.335148,1.191580
51062,-2.899457,1.449729
51063,-3.490208,1.246980
51064,-2.598822,-0.147791
51065,-2.835050,1.320914
51066,-2.885719,0.900969
51067,-2.334986,1.579063
51068,-3.324167,1.911146
51069,-2.872277,1.781812
51070,-2.892753,0.440071
51071,-2.116349,-1.634021
51072,-2.110972,-1.123490
51073,-2.885719,0.900969
51074,-1.574735,-0.425270
51075,-2.873202,0.400969
51076,-3.427775,0.988831
51077,-2.873202,0.400969
51078,-3.563623,1.781812
51079,-2.635719,0.400969
51080,-3.658223,1.449729
51081,-0.102415,-0.074730
51082,-1.309583,-0.955573
51083,-1.551584,-1.634021
51084,-2.641828,1.320914
51085,-2.176109,0.777479
51086,-1.858780,0.142820
51087,-2.605388,-0.134659
51088,-3.167133,0.988831
51089,-1.836861,1.579063
51090,-2.347897,0.733052
51091,-1.849772,0.733052
51092,1.170083,1.030303
51093,-0.285640,0.142820
51094,-3.427775,0.988831
51095,-3.652478,1.826239
51096,-3.158125,1.579063
51097,-3.215828,0.698220
51098,-2.826042,1.911146
51099,-1.977662,0.988831
51100,-1.978621,0.733052
51101,-3.158125,1.579063
51102,-3.656250,1.579063
51103,-2.242359,1.781812
51104,-2.383160,1.191580
51105,-3.335148,1.191580
51106,-1.551012,1.781812
51107,-2.711958,1.074730
51108,0.110414,0.266948
51109,-1.794458,-1.889800
51110,-2.302521,1.030303
51111,-1.811776,-1.721883
51112,-2.133667,-1.466104
51113,-1.926590,-0.109562
51114,-2.872277,1.781812
51115,-2.641828,1.320914
51116,-2.993868,1.030303
51117,-2.526723,-0.425270
51118,-3.281713,1.826239
51119,-2.870469,2.000000
51120,-3.333174,1.320914
51121,0.080769,0.326239
51122,-1.557314,-0.109562
51123,-1.357582,-1.634021
51124,-0.771367,0.222521
51125,-1.690819,-1.488831
51126,-2.110972,-1.123490
51127,-2.777479,-0.445042
51128,-2.343556,-0.658322
51129,-1.906779,-0.535628
51130,-1.309583,-0.955573
51131,-1.624178,-1.488831
51132,-1.703282,0.440071
51133,-2.670453,0.603718
51134,-3.088468,0.698220
51135,-2.184738,-0.367711
51136,0.040685,0.142820
51137,-3.822291,1.911146
51138,-3.161387,1.365341
51139,-2.461033,1.955573
51140,-3.650504,1.955573
51141,-2.493959,1.246980
51142,-2.208111,1.449729
51143,-3.167133,0.988831
51144,-3.658223,1.449729
51145,-3.333174,1.320914
51146,-2.835050,1.320914
51147,-3.822291,1.911146
51148,-3.911146,1.955573
51149,-3.822291,1.911146
51150,-3.304955,1.652478
51151,-3.304955,1.652478
51152,-3.822291,1.911146
51153,-3.326140,1.781812
51154,-3.484462,1.623490
51155,-3.152379,1.955573
51156,-3.153395,0.440071
51157,-3.911146,1.955573
51158,-1.926590,-0.109562
51159,0.117217,-0.134659
51160,-1.801938,0.900969
51161,-3.434289,1.911146
51162,-3.528889,1.579063
51163,-3.650504,1.955573
51164,-2.576901,1.579063
51165,-3.658223,1.449729
51166,-2.410859,1.246980
51167,-2.938128,0.142820
51168,-3.484462,1.623490
51169,-2.835050,1.320914
51170,-1.594507,0.222521
51171,-2.576901,1.579063
51172,-2.793116,1.623490
51173,-3.911146,1.955573
51174,-1.000000,0.500000
51175,-3.563623,1.781812
51176,-3.326140,1.781812
51177,-0.256645,0.142820
51178,-2.002903,1.911146
51179,-2.334986,1.579063
51180,-3.650504,1.955573
51181,-1.933731,0.900969
51182,-3.822291,1.911146
51183,-2.717704,0.698220
51184,-2.256195,-0.445042
51185,-2.388932,-0.955573
51186,-3.650504,1.955573
51187,-3.692957,1.652478
51188,-2.873202,0.400969
51189,-3.563623,1.781812
51190,-2.576901,1.579063
51191,-3.102206,1.246980
51192,-1.349578,0.500000
51193,-1.727818,-1.889800
51194,-1.507653,-1.721883
51195,-3.281713,1.826239
51196,-1.960449,1.826239
51197,-3.333174,1.320914
51198,-0.816833,0.266948
51199,-0.967322,0.123490
51200,-3.779838,1.826239
51201,-3.779838,1.826239
51202,-3.824265,1.781812
51203,-2.149460,1.074730
51204,-3.397582,1.449729
51205,-3.911146,1.955573
51206,-2.885719,0.900969
51207,-3.652478,1.826239
51208,-2.883745,1.030303
51209,-3.824265,1.781812
51210,-2.641828,1.320914
51211,-3.397582,1.449729
51212,-3.397582,1.449729
51213,-3.824265,1.781812
51214,-2.383160,1.191580
51215,-2.518736,1.074730
51216,-2.430339,0.123490
51217,-1.442336,-1.211352
51218,-3.335148,1.191580
51219,-1.933731,0.900969
51220,-3.650504,1.955573
51221,-2.056191,-1.233052
51222,-3.153395,0.440071
51223,-0.156861,-0.134659
51224,-2.430339,0.123490
51225,-3.304955,1.652478
51226,-3.484462,1.623490
51227,-0.212537,0.054604
51228,-2.294861,-0.367711
51229,-2.654083,-0.425270
51230,-2.793116,1.623490
51231,-3.158125,1.579063
51232,-2.700489,1.826239
51233,-2.337712,0.326239
51234,-3.333174,1.320914
51235,-3.123202,0.900969
51236,-2.810768,0.142820
51237,-3.123202,0.900969
51238,-2.366718,-1.000000
51239,-1.988459,-1.889800
51240,-2.242359,1.781812
51241,-1.960449,1.826239
51242,-3.281713,1.826239
51243,-2.011910,1.320914
51244,-3.232059,0.730682
51245,-3.779838,1.826239
51246,-3.194833,1.652478
51247,-1.988459,-1.889800
51248,-1.873490,-1.123490
51249,-1.637893,1.955573
51250,-3.911146,1.955573
51251,-2.793116,1.623490
51252,-2.835050,1.320914
51253,-2.696708,1.652478
51254,-3.088468,0.698220
51255,-3.623490,1.246980
51256,-3.911146,1.955573
51257,-3.434289,1.911146
51258,-2.870469,2.000000
51259,-3.326140,1.781812
51260,-3.484462,1.623490
51261,-2.605388,-0.134659
51262,-1.279149,1.191580
51263,-3.528889,1.579063
51264,-2.706235,1.449729
51265,-3.065499,1.781812
51266,-3.623490,1.246980
51267,-3.824265,1.781812
51268,-1.088404,-0.914101
51269,-1.836861,1.579063
51270,-3.246980,1.623490
51271,-3.246980,1.623490
51272,-3.324167,1.911146
51273,-3.215828,0.698220
51274,-1.466104,0.733052
51275,-1.873490,-1.123490
51276,-2.106074,-0.658322
51277,-0.621791,-0.955573
51278,-2.343556,-0.658322
51279,-3.167133,0.988831
51280,-2.410859,1.246980
51281,-3.194833,1.652478
51282,-3.911146,1.955573
51283,-3.333174,1.320914
51284,-3.065499,1.781812
51285,-2.872277,1.781812
51286,-2.410859,1.246980
51287,-3.779838,1.826239
51288,-3.623490,1.246980
51289,-3.824265,1.781812
51290,-1.890808,-0.955573
51291,-2.540461,0.123490
51292,-2.011910,1.320914
51293,0.043404,0.400969
51294,-0.789708,-1.123490
51295,-1.864156,-0.367711
51296,-2.060606,1.030303
51297,-3.365341,0.730682
51298,-1.955475,-0.826239
51299,-2.835050,1.320914
51300,-3.167133,0.988831
51301,-3.158125,1.579063
51302,-3.397582,1.449729
51303,-3.563623,1.781812
51304,-3.484462,1.623490
51305,-2.717704,0.698220
51306,-1.801938,0.900969
51307,-3.652478,1.826239
51308,-2.874250,1.652478
51309,-1.978621,0.733052
51310,-1.878417,-1.721883
51311,-2.859464,-0.147791
51312,-2.711958,1.074730
51313,-3.427775,0.988831
51314,-1.922262,1.652478
51315,-1.270918,0.730682
51316,-2.394628,0.440071
51317,-3.304955,1.652478
51318,-2.777479,-0.445042
51319,-1.475625,-0.623490
51320,-3.304955,1.652478
51321,-3.824265,1.781812
51322,-1.014727,-0.162592
51323,-2.181855,0.400969
51324,-2.938128,0.142820
51325,-3.123202,0.900969
51326,-3.167133,0.988831
51327,-2.964384,1.191580
51328,-2.518736,1.074730
51329,-3.434289,1.911146
51330,-2.892753,0.440071
51331,-2.793116,1.623490
51332,-3.065499,1.781812
51333,-3.397582,1.449729
51334,-3.563623,1.781812
51335,-2.641828,1.320914
51336,-3.194833,1.652478
51337,-3.427775,0.988831
51338,-1.120429,-1.721883
51339,-1.558067,-1.233052
51340,-2.385621,1.030303
51341,-2.493959,1.246980
51342,-3.658223,1.449729
51343,-2.343556,-0.658322
51344,-2.654083,-0.425270
51345,-2.700489,1.826239
51346,-3.652478,1.826239
51347,-2.242359,1.781812
51348,-3.246980,1.623490
51349,-3.822291,1.911146
51350,-2.835050,1.320914
51351,-3.656250,1.579063
51352,-3.161387,1.365341
51353,-3.478716,2.000000
51354,-2.899457,1.449729
51355,-2.873202,0.400969
51356,-1.713557,-0.535628
51357,-2.793116,1.623490
51358,-2.835050,1.320914
51359,-2.700489,1.826239
51360,-1.652210,-0.658322
51361,-2.110972,-1.123490
51362,-2.461033,1.955573
51363,-2.493959,1.246980
51364,-2.641828,1.320914
51365,-3.065499,1.781812
51366,0.707448,0.455573
51367,-0.983709,-1.123490
51368,-1.601453,0.500000
51369,-1.762918,-1.211352
51370,-3.694931,1.911146
51371,-2.696708,1.652478
51372,-3.650504,1.955573
51373,-1.121986,-0.722521
51374,-2.826042,1.911146
51375,-3.326140,1.781812
51376,-0.842470,-1.889800
51377,-3.434289,1.911146
51378,-0.604474,-1.123490
51379,-2.394628,0.440071
51380,-3.822291,1.911146
51381,-3.824265,1.781812
51382,-3.658223,1.449729
51383,-2.941449,0.149460
51384,-3.427775,0.988831
51385,-2.605388,-0.134659
51386,-2.311457,-0.722521
51387,-1.233709,-0.623490
51388,-0.816833,0.266948
51389,-2.993868,1.030303
51390,-2.136480,0.698220
51391,-1.349578,0.500000
51392,-3.215828,0.698220
51393,-3.911146,1.955573
51394,-3.563623,1.781812
51395,-3.658223,1.449729
51396,-3.911146,1.955573
51397,-3.484462,1.623490
51398,-3.478716,2.000000
51399,-1.462714,0.222521
51400,-0.586211,-0.147791
51401,0.130578,0.142820
51402,-1.212812,0.093187
51403,-1.833963,0.093187
51404,-3.158125,1.579063
51405,-3.911146,1.955573
51406,-3.153395,0.440071
51407,-3.065499,1.781812
51408,-1.933731,0.900969
51409,-3.478716,2.000000
51410,-1.396440,0.698220
51411,-2.717704,0.698220
51412,-1.775215,0.326239
51413,-2.810768,0.142820
51414,-1.039708,-0.623490
51415,-1.762918,-1.211352
51416,-1.462714,0.222521
51417,-3.268248,1.579063
51418,-1.550062,0.900969
51419,-2.371693,1.652478
51420,-2.641828,1.320914
51421,-3.326140,1.781812
51422,-2.367905,-0.134659
51423,-2.605388,-0.134659
51424,-1.643120,1.191580
51425,-3.326140,1.781812
51426,-2.576901,1.579063
51427,-3.051264,1.365341
51428,-3.333174,1.320914
51429,-3.462508,1.191580
51430,-3.779838,1.826239
51431,-3.246980,1.623490
51432,-3.246980,1.623490
51433,-3.658223,1.449729
51434,-2.872277,1.781812
51435,-3.434289,1.911146
51436,-3.779838,1.826239
51437,-3.434289,1.911146
51438,-3.074730,0.149460
51439,-2.394628,0.440071
51440,-3.563623,1.781812
51441,-3.694931,1.911146
51442,-2.873202,0.400969
51443,-2.835050,1.320914
51444,-3.153395,0.440071
51445,-3.246980,1.623490
51446,-3.268248,1.579063
51447,-1.928302,-1.488831
51448,-1.648630,-0.277479
51449,0.066516,-0.033258
51450,-2.899457,1.449729
51451,-2.272552,1.320914
51452,-2.844057,0.730682
51453,-3.158125,1.579063
51454,-3.650504,1.955573
51455,-3.304955,1.652478
51456,-3.490208,1.246980
51457,0.142962,-1.488831
51458,-1.445133,0.698220
51459,-3.484462,1.623490
51460,-3.153395,0.440071
51461,-2.336959,1.449729
51462,-1.643120,1.191580
51463,-3.326140,1.781812
51464,-3.528889,1.579063
51465,-3.650504,1.955573
51466,-3.563623,1.781812
51467,-2.742943,1.911146
51468,-3.268248,1.579063
51469,-1.668109,-1.400969
51470,-2.060606,1.030303
51471,-3.563623,1.781812
51472,-3.478716,2.000000
51473,-1.836861,1.579063
51474,-0.496901,0.326239
51475,-2.259209,0.777479
51476,-0.842470,-1.889800
51477,-1.357582,-1.634021
51478,-3.065499,1.781812
51479,0.219124,-0.109562
51480,-3.911146,1.955573
51481,-1.524320,-0.914101
51482,-3.694931,1.911146
51483,-3.102206,1.246980
51484,-2.899457,1.449729
51485,-2.899457,1.449729
51486,-2.311457,-0.722521
51487,-2.540461,0.123490
51488,-1.593993,0.988831
51489,0.568709,0.733052
51490,-2.228125,1.365341
51491,-3.528889,1.579063
51492,-3.065499,1.781812
51493,-3.281713,1.826239
51494,-3.694931,1.911146
51495,-3.563623,1.781812
51496,-1.118740,0.142820
51497,-1.420728,1.030303
51498,-3.779838,1.826239
51499,-3.692957,1.652478
51500,-0.728444,-1.634021
51501,-2.873202,0.400969
51502,-3.779838,1.826239
51503,-3.397582,1.449729
51504,-3.123202,0.900969
51505,-2.136480,0.698220
51506,-2.410859,1.246980
51507,-3.658223,1.449729
51508,-3.333174,1.320914
51509,-3.333174,1.320914
51510,-3.563623,1.781812
51511,-2.431855,0.900969
51512,-2.184738,-0.367711
51513,-3.194833,1.652478
51514,-3.911146,1.955573
51515,-2.793116,1.623490
51516,-2.872277,1.781812
51517,-1.601453,0.500000
51518,1.505663,1.191580
51519,0.486254,-1.400969
51520,-3.088468,0.698220
51521,-2.598822,-0.147791
51522,-3.232059,0.730682
51523,-3.658223,1.449729
51524,-2.641828,1.320914
51525,-3.484462,1.623490
51526,-3.281713,1.826239
51527,-2.109756,0.123490
51528,-3.427775,0.988831
51529,-2.208111,1.449729
51530,-2.835050,1.320914
51531,-3.167133,0.988831
51532,-3.694931,1.911146
51533,-3.484462,1.623490
51534,-3.694931,1.911146
51535,-2.576901,1.579063
51536,-2.598822,-0.147791
51537,-2.885719,0.900969
51538,-1.120429,-1.721883
51539,-3.824265,1.781812
51540,-1.050429,1.652478
51541,-2.302521,1.030303
51542,-2.859464,-0.147791
51543,-0.226309,-0.914101
51544,-2.383160,1.191580
51545,-3.822291,1.911146
51546,-3.490208,1.246980
51547,-2.941449,0.149460
51548,-3.484462,1.623490
51549,-2.669008,0.988831
51550,-3.911146,1.955573
51551,-3.652478,1.826239
51552,-2.002903,1.911146
51553,-2.155959,-0.425270
51554,-1.574735,-0.425270
51555,-3.779838,1.826239
51556,-3.563623,1.781812
51557,-2.598822,-0.147791
51558,-0.563340,0.698220
51559,-3.563623,1.781812
51560,-3.955573,1.911146
51561,-3.152379,1.955573
51562,-3.281713,1.826239
51563,-1.647948,-0.445042
51564,-3.123202,0.900969
51565,-2.302521,1.030303
51566,-3.152379,1.955573
51567,-3.051264,1.365341
51568,-3.462508,1.191580
51569,-3.824265,1.781812
51570,-3.779838,1.826239
51571,-3.623490,1.246980
51572,-3.326140,1.781812
51573,-2.870469,2.000000
51574,-2.336959,1.449729
51575,-2.119812,-0.109562
51576,-2.100697,-0.147791
51577,-2.261572,-0.955573
51578,-2.810768,0.142820
51579,-3.656250,1.579063
51580,-3.427775,0.988831
51581,-2.844057,0.730682
51582,-3.911146,1.955573
51583,-1.945199,0.149460
51584,0.320225,0.455573
51585,-1.406715,-0.277479
51586,-2.155959,-0.425270
51587,-3.484462,1.623490
51588,-3.158125,1.579063
51589,-2.892753,0.440071
51590,-2.431855,0.900969
51591,-3.215828,0.698220
51592,-3.484462,1.623490
51593,-1.864156,-0.367711
51594,-2.261572,-0.955573
51595,-0.584824,-0.033258
51596,-1.413198,1.623490
51597,-3.281713,1.826239
51598,-1.349189,0.603718
51599,-1.474108,-1.400969
51600,-2.272552,1.320914
51601,-2.641828,1.320914
51602,-3.427775,0.988831
51603,-2.461033,1.955573
51604,-1.423694,-1.889800
51605,-2.002903,1.911146
51606,-3.095692,1.320914
51607,-1.833963,0.093187
51608,-2.892753,0.440071
51609,-2.874250,1.652478
51610,-3.822291,1.911146
51611,-2.176109,0.777479
51612,-1.849772,0.733052
51613,-3.658223,1.449729
51614,-3.326140,1.781812
51615,-3.484462,1.623490
51616,-2.366718,-1.000000
51617,-2.349870,0.603718
51618,-1.922262,1.652478
51619,-2.541119,0.733052
51620,-2.669008,0.988831
51621,-3.333174,1.320914
51622,-1.824442,1.449729
51623,-3.153395,0.440071
51624,-2.826042,1.911146
51625,-3.911146,1.955573
51626,-3.822291,1.911146
51627,-2.700489,1.826239
51628,-3.427775,0.988831
51629,-2.859464,-0.147791
51630,-2.706235,1.449729
51631,-3.650504,1.955573
51632,-3.215828,0.698220
51633,-3.326140,1.781812
51634,-1.636943,1.074730
51635,-1.637893,1.955573
51636,-1.207436,0.603718
51637,-3.826239,1.652478
51638,-3.158125,1.579063
51639,-2.810768,0.142820
51640,-1.236955,-1.488831
51641,-1.745664,-1.466104
51642,-3.427775,0.988831
51643,-3.484462,1.623490
51644,-2.119812,-0.109562
51645,-3.304955,1.652478
51646,-3.623490,1.246980
51647,-3.434289,1.911146
51648,-2.835050,1.320914
51649,-2.938128,0.142820
51650,-2.100697,-0.147791
51651,-3.650504,1.955573
51652,-2.526723,-0.425270
51653,-2.873202,0.400969
51654,-3.232059,0.730682
51655,-3.694931,1.911146
51656,-0.275215,1.826239
51657,-2.038874,-1.400969
51658,-3.152379,1.955573
51659,-1.926590,-0.109562
51660,-2.302521,1.030303
51661,-2.553446,0.149460
51662,-3.153395,0.440071
51663,-2.938128,0.142820
51664,-3.694931,1.911146
51665,-3.623490,1.246980
51666,-2.742943,1.911146
51667,-3.779838,1.826239
51668,-3.232059,0.730682
51669,-2.410859,1.246980
51670,-3.694931,1.911146
51671,-2.873202,0.400969
51672,-2.572099,-0.722521
51673,-2.316833,-1.233052
51674,-1.120429,-1.721883
51675,-1.330319,-0.914101
51676,-3.095692,1.320914
51677,-3.333174,1.320914
51678,-3.167133,0.988831
51679,-3.333174,1.320914
51680,-3.335148,1.191580
51681,-0.098933,1.030303
51682,-2.242359,1.781812
51683,-3.650504,1.955573
51684,-3.656250,1.579063
51685,-3.652478,1.826239
51686,-2.826042,1.911146
51687,-2.872277,1.781812
51688,0.149460,-0.074730
51689,0.420083,1.030303
51690,-3.866718,2.000000
51691,-2.302521,1.030303
51692,-3.281713,1.826239
51693,-2.835050,1.320914
51694,-3.955573,1.911146
51695,-3.153395,0.440071
51696,-0.650969,0.099031
51697,-1.695108,1.579063
51698,-3.232059,0.730682
51699,-2.885719,0.900969
51700,-3.484462,1.623490
51701,-3.281713,1.826239
51702,-2.993868,1.030303
51703,-3.153395,0.440071
51704,-1.050429,1.652478
51705,-1.303596,-1.488831
51706,-3.563623,1.781812
51707,-0.195054,-1.801938
51708,-2.526723,-0.425270
51709,-2.576901,1.579063
51710,-3.824265,1.781812
51711,-3.911146,1.955573
51712,-1.574735,-0.425270
51713,-3.051264,1.365341
51714,-3.102206,1.246980
51715,-3.462508,1.191580
51716,-2.899457,1.449729
51717,-2.563163,1.030303
51718,-2.670453,0.603718
51719,-2.553446,0.149460
51720,-3.528889,1.579063
51721,-2.835050,1.320914
51722,-3.484462,1.623490
51723,-3.268248,1.579063
51724,-3.955573,1.911146
51725,-2.873202,0.400969
51726,-3.824265,1.781812
51727,-3.152379,1.955573
51728,-3.281713,1.826239
51729,-3.824265,1.781812
51730,-3.824265,1.781812
51731,-2.431855,0.900969
51732,-3.232059,0.730682
51733,-2.872277,1.781812
51734,-1.594507,0.222521
51735,-2.430339,0.123490
51736,-2.730682,1.365341
51737,-3.065499,1.781812
51738,-3.324167,1.911146
51739,-2.011910,1.320914
51740,-1.836861,1.579063
51741,-2.654083,-0.425270
51742,-1.032469,0.698220
51743,-2.155959,-0.425270
51744,-3.824265,1.781812
51745,-3.304955,1.652478
51746,-3.490208,1.246980
51747,-2.874250,1.652478
51748,-2.110972,-1.123490
51749,-0.319126,-0.162592
51750,-0.764573,0.326239
51751,-2.383160,1.191580
51752,-2.461033,1.955573
51753,-2.493959,1.246980
51754,-0.866720,-1.233052
51755,-1.155045,-0.914101
51756,-3.563623,1.781812
51757,-2.899457,1.449729
51758,-3.123202,0.900969
51759,-3.335148,1.191580
51760,-3.824265,1.781812
51761,-3.484462,1.623490
51762,-2.149460,1.074730
51763,-3.658223,1.449729
51764,-3.123202,0.900969
51765,-3.215828,0.698220
51766,-3.246980,1.623490
51767,-3.822291,1.911146
51768,-2.835050,1.320914
51769,-2.810768,0.142820
51770,-2.899457,1.449729
51771,-1.044797,-0.109562
51772,-3.563623,1.781812
51773,-2.374152,1.781812
51774,-3.397582,1.449729
51775,-3.826239,1.652478
51776,-3.246980,1.623490
51777,-3.065499,1.781812
51778,-3.335148,1.191580
51779,-3.065499,1.781812
51780,-1.926590,-0.109562
51781,-3.215828,0.698220
51782,-1.733246,0.500000
51783,-1.733246,0.500000
51784,-3.095692,1.320914
51785,-2.518736,1.074730
51786,-2.518736,1.074730
51787,-3.652478,1.826239
51788,-3.656250,1.579063
51789,-3.652478,1.826239
51790,-3.911146,1.955573
51791,-2.136480,0.698220
51792,-2.553446,0.149460
51793,-3.824265,1.781812
51794,-3.232059,0.730682
51795,-2.576901,1.579063
51796,-2.644197,-0.445042
51797,-3.152379,1.955573
51798,-2.518736,1.074730
51799,-2.899457,1.449729
51800,-3.779838,1.826239
51801,-3.333174,1.320914
51802,-3.095692,1.320914
51803,-3.434289,1.911146
51804,-2.899457,1.449729
51805,-3.824265,1.781812
51806,-2.964384,1.191580
51807,-1.719513,1.246980
51808,-3.779838,1.826239
51809,-2.109756,0.123490
51810,-2.374152,1.781812
51811,-2.635719,0.400969
51812,-3.462508,1.191580
51813,-2.837543,1.579063
51814,-2.553446,0.149460
51815,-2.873202,0.400969
51816,-1.760035,1.320914
51817,-2.136480,0.698220
51818,-1.977662,0.988831
51819,-1.760035,1.320914
51820,-2.015156,0.455573
51821,-3.333174,1.320914
51822,-2.302521,1.030303
51823,-1.847313,0.603718
51824,-2.706235,1.449729
51825,-3.563623,1.781812
51826,-2.149460,1.074730
51827,-2.837543,1.579063
51828,-1.180804,0.266948
51829,-2.899457,1.449729
51830,-2.605388,-0.134659
51831,-3.692957,1.652478
51832,-2.670453,0.603718
51833,-2.056191,-1.233052
51834,-3.692957,1.652478
51835,-3.088468,0.698220
51836,-3.153395,0.440071
51837,-2.394628,0.440071
51838,-3.462508,1.191580
51839,-2.859464,-0.147791
51840,-3.246980,1.623490
51841,-2.598822,-0.147791
51842,-2.540461,0.123490
51843,-3.779838,1.826239
51844,-3.911146,1.955573
51845,-2.870469,2.000000
51846,-2.669008,0.988831
51847,-1.474108,-1.400969
51848,-2.334986,1.579063
51849,-1.198511,1.030303
51850,-2.730682,1.365341
51851,-3.490208,1.246980
51852,-1.955475,-0.826239
51853,-0.860591,0.400969
51854,-2.835050,1.320914
51855,-3.324167,1.911146
51856,-2.430339,0.123490
51857,-3.167133,0.988831
51858,-2.885719,0.900969
51859,-2.440004,0.142820
51860,-0.039708,-1.123490
51861,-2.056191,-1.233052
51862,-3.095692,1.320914
51863,-3.822291,1.911146
51864,-3.326140,1.781812
51865,-1.397882,0.603718
51866,-1.703282,0.440071
51867,-2.780575,0.603718
51868,-0.821489,0.440071
51869,-1.396440,0.698220
51870,-3.656250,1.579063
51871,-3.246980,1.623490
51872,-3.822291,1.911146
51873,-3.095692,1.320914
51874,-4.000000,2.000000
51875,-3.335148,1.191580
51876,-3.656250,1.579063
51877,-3.065499,1.781812
51878,-1.554958,0.777479
51879,-3.095692,1.320914
51880,-3.824265,1.781812
51881,-3.490208,1.246980
51882,-1.864156,-0.367711
51883,-1.475625,-0.623490
51884,-1.955475,-0.826239
51885,-1.275116,0.455573
51886,-1.409351,-0.147791
51887,-2.793116,1.623490
51888,-2.334986,1.579063
51889,-3.324167,1.911146
51890,-3.824265,1.781812
51891,-3.826239,1.652478
51892,-3.478716,2.000000
51893,-2.810768,0.142820
51894,-3.822291,1.911146
51895,-3.652478,1.826239
51896,-3.158125,1.579063
51897,-3.326140,1.781812
51898,-2.717704,0.698220
51899,-3.161387,1.365341
51900,-3.161387,1.365341
51901,-1.588247,1.365341
51902,-2.844057,0.730682
51903,-2.598822,-0.147791
51904,-2.541119,0.733052
51905,-3.652478,1.826239
51906,-3.656250,1.579063
51907,-3.246980,1.623490
51908,-3.650504,1.955573
51909,-2.883745,1.030303
51910,-2.383160,1.191580
51911,-1.032469,0.698220
51912,-3.650504,1.955573
51913,-2.826042,1.911146
51914,-3.822291,1.911146
51915,-3.324167,1.911146
51916,-3.335148,1.191580
51917,-3.658223,1.449729
51918,-1.574293,-1.721883
51919,-3.779838,1.826239
51920,-3.051264,1.365341
51921,-2.228125,1.365341
51922,-2.541119,0.733052
51923,-2.116349,-1.634021
51924,-0.322099,-0.722521
51925,-1.323809,0.455573
51926,-0.967322,0.123490
51927,-3.365341,0.730682
51928,-2.208111,1.449729
51929,-2.394628,0.440071
51930,-2.110972,-1.123490
51931,-0.764573,0.326239
51932,-2.873202,0.400969
51933,-2.717704,0.698220
51934,-2.431855,0.900969
51935,-2.116349,-1.634021
51936,-0.159449,-0.109562
51937,-2.051596,1.911146
51938,-2.235810,0.730682
51939,-3.397582,1.449729
51940,-3.955573,1.911146
51941,-3.692957,1.652478
51942,-3.246980,1.623490
51943,-3.528889,1.579063
51944,-2.899457,1.449729
51945,-2.461033,1.955573
51946,-1.507653,-1.721883
51947,-3.528889,1.579063
51948,-2.228125,1.365341
51949,-1.824442,1.449729
51950,-0.763270,1.246980
51951,-3.650504,1.955573
51952,-1.733246,0.500000
51953,-3.246980,1.623490
51954,-3.779838,1.826239
51955,-2.641828,1.320914
51956,-3.563623,1.781812
51957,-3.694931,1.911146
51958,-2.873202,0.400969
51959,0.259488,-1.721883
51960,-0.652478,0.326239
51961,-1.960449,1.826239
51962,-1.445881,-0.074730
51963,-2.038874,-1.400969
51964,-0.983246,-1.000000
51965,-3.692957,1.652478
51966,-3.281713,1.826239
51967,-3.866718,2.000000
51968,-2.899457,1.449729
51969,-2.553446,0.149460
51970,-0.151111,-0.365341
51971,-2.500000,-1.000000
51972,-2.394628,0.440071
51973,-2.540461,0.123490
51974,-3.658223,1.449729
51975,-1.574735,-0.425270
51976,-2.119812,-0.109562
51977,-2.873202,0.400969
51978,-3.911146,1.955573
51979,-2.964384,1.191580
51980,-2.526723,-0.425270
51981,-2.149460,1.074730
51982,-2.964384,1.191580
51983,-3.692957,1.652478
51984,-3.232059,0.730682
51985,-2.015156,0.455573
51986,-2.873202,0.400969
51987,-2.576901,1.579063
51988,-3.281713,1.826239
51989,-2.899457,1.449729
51990,-1.118740,0.142820
51991,-1.551584,-1.634021
51992,-2.553446,0.149460
51993,-2.993868,1.030303
51994,-1.775215,0.326239
51995,-3.824265,1.781812
51996,-2.837543,1.579063
51997,-2.669008,0.988831
51998,-2.885719,0.900969
51999,-3.824265,1.781812
52000,-2.526723,-0.425270
52001,-2.993868,1.030303
52002,-3.462508,1.191580
52003,-3.658223,1.449729
52004,-2.388932,-0.955573
52005,-1.574293,-1.721883
52006,-2.109756,0.123490
52007,-3.065499,1.781812
52008,-3.095692,1.320914
52009,-1.634892,-0.826239
52010,-2.885719,0.900969
52011,-3.484462,1.623490
52012,-2.235810,0.730682
52013,-2.526723,-0.425270
52014,-1.811776,-1.721883
52015,-2.810768,0.142820
52016,-2.383160,1.191580
52017,-3.167133,0.988831
52018,-2.641828,1.320914
52019,-3.324167,1.911146
52020,-3.246980,1.623490
52021,-3.911146,1.955573
52022,-2.635719,0.400969
52023,-3.335148,1.191580
52024,-2.810768,0.142820
52025,-3.123202,0.900969
52026,-3.281713,1.826239
52027,-3.326140,1.781812
52028,-2.885719,0.900969
52029,-1.086885,-1.400969
52030,-3.427775,0.988831
52031,-1.254687,0.698220
52032,-3.281713,1.826239
52033,-2.466259,1.191580
52034,-2.184738,-0.367711
52035,-2.099031,-1.801938
52036,-3.658223,1.449729
52037,-2.706235,1.449729
52038,-3.528889,1.579063
52039,-1.413198,1.623490
52040,-2.859464,-0.147791
52041,-2.892753,0.440071
52042,-3.650504,1.955573
52043,-2.696708,1.652478
52044,-3.095692,1.320914
52045,-2.899457,1.449729
52046,-0.159449,-0.109562
52047,-0.928928,-1.233052
52048,-1.212812,0.093187
52049,-2.184738,-0.367711
52050,-1.634892,-0.826239
52051,-2.181855,0.400969
52052,-1.116526,0.733052
52053,-3.779838,1.826239
52054,1.124714,1.449729
52055,-2.641828,1.320914
52056,-2.208111,1.449729
52057,-3.152379,1.955573
52058,-2.106074,-0.658322
52059,-3.779838,1.826239
52060,-2.696708,1.652478
52061,-2.654083,-0.425270
52062,-4.000000,2.000000
52063,-3.652478,1.826239
52064,-2.383160,1.191580
52065,-3.824265,1.781812
52066,-0.860591,0.400969
52067,-3.652478,1.826239
52068,-3.822291,1.911146
52069,-4.000000,2.000000
52070,-3.650504,1.955573
52071,-2.669008,0.988831
52072,-0.528520,0.777479
52073,-3.158125,1.579063
52074,-1.745664,-1.466104
52075,-2.038874,-1.400969
52076,-3.563623,1.781812
52077,-3.955573,1.911146
52078,-3.955573,1.911146
52079,-0.801938,0.400969
52080,-2.706235,1.449729
52081,-2.141244,1.191580
52082,-0.190819,0.011169
52083,-1.801938,0.900969
52084,-2.859464,-0.147791
52085,0.938944,0.988831
52086,-0.195042,-0.277479
52087,-0.916907,-0.365341
52088,-2.334986,1.579063
52089,-1.637893,1.955573
52090,-3.826239,1.652478
52091,-2.541119,0.733052
52092,-2.700489,1.826239
52093,-3.658223,1.449729
52094,-2.883745,1.030303
52095,-0.378932,-0.445042
52096,-3.397582,1.449729
52097,-1.717542,-0.914101
52098,-1.661706,-1.634021
52099,-2.874250,1.652478
52100,-3.484462,1.623490
52101,-3.650504,1.955573
52102,-3.397582,1.449729
52103,-3.095692,1.320914
52104,-3.158125,1.579063
52105,-3.652478,1.826239
52106,-2.730682,1.365341
52107,-3.824265,1.781812
52108,-3.427775,0.988831
52109,-2.777479,-0.445042
52110,-3.427775,0.988831
52111,-2.730682,1.365341
52112,-3.326140,1.781812
52113,-3.158125,1.579063
52114,-1.280886,-1.400969
52115,1.425270,0.149460
52116,-0.298846,-0.722521
52117,-2.540461,0.123490
52118,-2.184738,-0.367711
52119,-3.246980,1.623490
52120,-3.563623,1.781812
52121,-3.123202,0.900969
52122,-3.088468,0.698220
52123,-2.899457,1.449729
52124,-3.397582,1.449729
52125,-3.427775,0.988831
52126,-3.484462,1.623490
52127,-3.658223,1.449729
52128,-3.427775,0.988831
52129,-1.466104,0.733052
52130,-0.913353,-0.365341
52131,-3.246980,1.623490
52132,-3.824265,1.781812
52133,-0.383765,0.603718
52134,0.568709,0.733052
52135,-1.858780,0.142820
52136,-2.874250,1.652478
52137,-2.002903,1.911146
52138,-3.246980,1.623490
52139,-2.892753,0.440071
52140,-1.760035,1.320914
52141,-2.518736,1.074730
52142,-2.383160,1.191580
52143,-2.343556,-0.658322
52144,-3.152379,1.955573
52145,-2.899457,1.449729
52146,-2.892753,0.440071
52147,-2.098256,0.455573
52148,-2.780575,0.603718
52149,-2.119812,-0.109562
52150,-1.170753,0.149460
52151,-1.462714,0.222521
52152,-3.528889,1.579063
52153,-2.696708,1.652478
52154,-2.885719,0.900969
52155,-3.194833,1.652478
52156,-2.100697,-0.147791
52157,-3.088468,0.698220
52158,-3.434289,1.911146
52159,-3.563623,1.781812
52160,-3.434289,1.911146
52161,-3.326140,1.781812
52162,-3.779838,1.826239
52163,-3.866718,2.000000
52164,-1.637893,1.955573
52165,-0.417598,-0.367711
52166,-3.088468,0.698220
52167,-3.694931,1.911146
52168,-3.866718,2.000000
52169,-2.228125,1.365341
52170,-3.779838,1.826239
52171,-2.563163,1.030303
52172,-2.011910,1.320914
52173,-2.259209,0.777479
52174,-1.636943,1.074730
52175,-3.658223,1.449729
52176,-3.268248,1.579063
52177,-3.692957,1.652478
52178,-3.692957,1.652478
52179,-3.167133,0.988831
52180,-2.184738,-0.367711
52181,-3.095692,1.320914
52182,-3.427775,0.988831
52183,0.588389,0.099031
52184,0.156904,-1.634021
52185,-1.634892,-0.826239
52186,0.053596,0.988831
52187,-3.484462,1.623490
52188,-3.694931,1.911146
52189,-2.670453,0.603718
52190,-3.658223,1.449729
52191,-3.779838,1.826239
52192,-2.938128,0.142820
52193,-1.771749,-1.801938
52194,-2.885719,0.900969
52195,-3.650504,1.955573
52196,-3.304955,1.652478
52197,-2.366718,-1.000000
52198,-3.478716,2.000000
52199,-2.700489,1.826239
52200,-2.717704,0.698220
52201,-3.650504,1.955573
52202,-2.349870,0.603718
52203,-2.056191,-1.233052
52204,-0.966034,-0.162592
52205,-1.634892,-0.826239
52206,-3.911146,1.955573
52207,-3.650504,1.955573
52208,-3.955573,1.911146
52209,-3.911146,1.955573
52210,-3.911146,1.955573
52211,-3.434289,1.911146
52212,-2.793116,1.623490
52213,-1.928302,-1.488831
52214,-3.152379,1.955573
52215,-3.427775,0.988831
52216,-2.316833,-1.233052
52217,-2.810768,0.142820
52218,-2.334986,1.579063
52219,-3.304955,1.652478
52220,-3.158125,1.579063
52221,-3.335148,1.191580
52222,-2.635719,0.400969
52223,-2.430339,0.123490
52224,-2.431855,0.900969
52225,-2.367905,-0.134659
52226,-3.333174,1.320914
52227,-3.652478,1.826239
52228,-2.826042,1.911146
52229,-2.383160,1.191580
52230,-3.650504,1.955573
52231,-3.826239,1.652478
52232,-2.844057,0.730682
52233,-2.873202,0.400969
52234,-3.484462,1.623490
52235,-1.275116,0.455573
52236,-3.246980,1.623490
52237,-3.335148,1.191580
52238,1.311922,1.579063
52239,-1.396440,0.698220
52240,-2.347897,0.733052
52241,-3.824265,1.781812
52242,-3.822291,1.911146
52243,-2.700489,1.826239
52244,-1.858780,0.142820
52245,-3.656250,1.579063
52246,-3.324167,1.911146
52247,-0.251492,0.054604
52248,-1.928302,-1.488831
52249,-1.039708,-0.623490
52250,-2.302521,1.030303
52251,-3.779838,1.826239
52252,-1.409351,-0.147791
52253,-3.051264,1.365341
52254,-0.275215,1.826239
52255,-3.167133,0.988831
52256,-3.123202,0.900969
52257,-3.434289,1.911146
52258,-2.670453,0.603718
52259,-3.281713,1.826239
52260,-2.635719,0.400969
52261,-3.123202,0.900969
52262,-2.540461,0.123490
52263,-3.153395,0.440071
52264,-1.775215,0.326239
52265,-3.051264,1.365341
52266,-3.246980,1.623490
52267,-1.762918,-1.211352
52268,-2.899457,1.449729
52269,-2.144490,0.326239
52270,-0.544620,-0.277479
52271,-0.338389,0.900969
52272,-2.874250,1.652478
52273,-3.822291,1.911146
52274,-3.484462,1.623490
52275,-2.793116,1.623490
52276,-2.100697,-0.147791
52277,-3.095692,1.320914
52278,-2.874250,1.652478
52279,-2.168944,1.246980
52280,0.079338,-0.826239
52281,-1.558725,-0.623490
52282,-0.928928,-1.233052
52283,-2.256195,-0.445042
52284,-3.335148,1.191580
52285,-2.730682,1.365341
52286,-3.167133,0.988831
52287,-2.883745,1.030303
52288,-3.326140,1.781812
52289,-2.885719,0.900969
52290,-0.787833,-0.623490
52291,-2.635719,0.400969
52292,-2.374152,1.781812
52293,-2.793116,1.623490
52294,-2.563163,1.030303
52295,-3.866718,2.000000
52296,-3.484462,1.623490
52297,-2.466259,1.191580
52298,-1.044797,-0.109562
52299,-0.985218,0.603718
52300,-3.694931,1.911146
52301,-3.779838,1.826239
52302,-1.926590,-0.109562
52303,-3.333174,1.320914
52304,-3.123202,0.900969
52305,-3.427775,0.988831
52306,-3.434289,1.911146
52307,-3.528889,1.579063
52308,-2.696708,1.652478
52309,-2.347897,0.733052
52310,-3.692957,1.652478
52311,-1.845869,0.988831
52312,-3.434289,1.911146
52313,-1.120429,-1.721883
52314,-3.427775,0.988831
52315,-3.268248,1.579063
52316,-3.232059,0.730682
52317,-2.149460,1.074730
52318,-3.528889,1.579063
52319,-3.268248,1.579063
52320,-1.849772,0.733052
52321,-2.641828,1.320914
52322,-2.605388,-0.134659
52323,-3.528889,1.579063
52324,-2.993868,1.030303
52325,-1.123325,0.054604
52326,-2.670453,0.603718
52327,-3.153395,0.440071
52328,-2.964384,1.191580
52329,-1.445133,0.698220
52330,-2.272552,1.320914
52331,-3.866718,2.000000
52332,-2.993868,1.030303
52333,-1.384971,1.449729
52334,-3.326140,1.781812
52335,-2.394628,0.440071
52336,-1.906779,-0.535628
52337,-3.694931,1.911146
52338,-1.933731,0.900969
52339,-3.692957,1.652478
52340,-1.703282,0.440071
52341,-3.694931,1.911146
52342,-2.696708,1.652478
52343,-3.065499,1.781812
52344,-1.154522,0.988831
52345,-3.779838,1.826239
52346,-3.434289,1.911146
52347,-3.427775,0.988831
52348,-3.232059,0.730682
52349,-2.563163,1.030303
52350,-3.650504,1.955573
52351,-3.051264,1.365341
52352,-3.281713,1.826239
52353,-3.694931,1.911146
52354,-2.163198,1.623490
52355,-2.670453,0.603718
52356,-2.461033,1.955573
52357,-1.717979,0.733052
52358,-3.779838,1.826239
52359,-3.333174,1.320914
52360,-1.917063,0.093187
52361,-3.152379,1.955573
52362,-3.650504,1.955573
52363,-2.670453,0.603718
52364,-3.528889,1.579063
52365,-3.268248,1.579063
52366,-1.977662,0.988831
52367,-1.577747,-1.801938
52368,-2.133667,-1.466104
52369,-2.993868,1.030303
52370,-2.518736,1.074730
52371,-3.232059,0.730682
52372,-3.123202,0.900969
52373,-2.149460,1.074730
52374,-2.302521,1.030303
52375,-3.779838,1.826239
52376,-3.692957,1.652478
52377,-3.232059,0.730682
52378,-3.065499,1.781812
52379,-3.397582,1.449729
52380,-2.141244,1.191580
52381,-0.149926,-0.367711
52382,-2.163198,1.623490
52383,-2.605388,-0.134659
52384,-3.095692,1.320914
52385,-3.563623,1.781812
52386,-2.872277,1.781812
52387,-3.427775,0.988831
52388,-2.899457,1.449729
52389,-0.861260,0.222521
52390,-1.727818,-1.889800
52391,-1.225625,-1.123490
52392,-1.413419,-0.914101
52393,-3.563623,1.781812
52394,-2.394628,0.440071
52395,-1.933731,0.900969
52396,-2.155959,-0.425270
52397,-1.717979,0.733052
52398,-2.119812,-0.109562
52399,-0.911146,0.455573
52400,-3.822291,1.911146
52401,-2.431855,0.900969
52402,-1.873490,-1.123490
52403,-2.872277,1.781812
52404,-3.304955,1.652478
52405,-1.413419,-0.914101
52406,-2.644197,-0.445042
52407,-3.692957,1.652478
52408,-2.440004,0.142820
52409,-2.870469,2.000000
52410,-3.694931,1.911146
52411,-2.563163,1.030303
52412,-2.466259,1.191580
52413,-2.518736,1.074730
52414,-3.326140,1.781812
52415,-1.855707,-1.634021
52416,-1.375695,-1.211352
52417,-3.326140,1.781812
52418,-0.458468,1.320914
52419,-3.656250,1.579063
52420,-2.374152,1.781812
52421,-2.835050,1.320914
52422,-3.563623,1.781812
52423,-0.911611,-1.400969
52424,-2.410859,1.246980
52425,-3.866718,2.000000
52426,-1.845869,0.988831
52427,-3.153395,0.440071
52428,-3.822291,1.911146
52429,-3.911146,1.955573
52430,-2.873202,0.400969
52431,-3.652478,1.826239
52432,-2.394628,0.440071
52433,-3.490208,1.246980
52434,-2.844057,0.730682
52435,-1.824442,1.449729
52436,-2.383160,1.191580
52437,-3.152379,1.955573
52438,-0.309692,0.455573
52439,0.000371,0.099031
52440,-2.810768,0.142820
52441,-2.347897,0.733052
52442,-2.899457,1.449729
52443,-2.874250,1.652478
52444,-1.461364,0.730682
52445,-3.304955,1.652478
52446,-3.656250,1.579063
52447,-3.658223,1.449729
52448,-2.635719,0.400969
52449,-3.324167,1.911146
52450,-0.272292,-0.658322
52451,-3.304955,1.652478
52452,-2.394628,0.440071
52453,-2.349870,0.603718
52454,-1.550062,0.900969
52455,-2.706235,1.449729
52456,-2.410859,1.246980
52457,-3.692957,1.652478
52458,-1.647948,-0.445042
52459,-3.123202,0.900969
52460,-3.911146,1.955573
52461,-3.427775,0.988831
52462,-2.837543,1.579063
52463,-2.109756,0.123490
52464,-3.281713,1.826239
52465,-3.779838,1.826239
52466,-3.694931,1.911146
52467,-1.733246,0.500000
52468,-2.563163,1.030303
52469,-2.184738,-0.367711
52470,-2.302521,1.030303
52471,-2.742943,1.911146
52472,-2.500000,-1.000000
52473,-3.232059,0.730682
52474,-3.268248,1.579063
52475,-3.051264,1.365341
52476,-0.336881,-0.826239
52477,-0.700386,1.030303
52478,-3.161387,1.365341
52479,-0.219815,0.011169
52480,-3.822291,1.911146
52481,-1.824442,1.449729
52482,-1.080402,-1.801938
52483,-1.855707,-1.634021
52484,-3.822291,1.911146
52485,-3.246980,1.623490
52486,-3.822291,1.911146
52487,-2.859464,-0.147791
52488,-3.335148,1.191580
52489,-3.326140,1.781812
52490,-3.484462,1.623490
52491,-3.152379,1.955573
52492,-2.493959,1.246980
52493,-3.335148,1.191580
52494,-2.700489,1.826239
52495,-3.650504,1.955573
52496,-3.656250,1.579063
52497,-2.256195,-0.445042
52498,-3.335148,1.191580
52499,-3.335148,1.191580
52500,-3.692957,1.652478
52501,-3.692957,1.652478
52502,-3.434289,1.911146
52503,-1.558067,-1.233052
52504,-3.281713,1.826239
52505,-3.333174,1.320914
52506,-2.431855,0.900969
52507,-2.872277,1.781812
52508,-1.643120,1.191580
52509,-3.152379,1.955573
52510,-2.635719,0.400969
52511,-2.540461,0.123490
52512,-2.005777,-1.721883
52513,-2.316833,-1.233052
52514,-2.859464,-0.147791
52515,-1.088404,-0.914101
52516,0.253099,0.326239
52517,-3.650504,1.955573
52518,-3.333174,1.320914
52519,-3.167133,0.988831
52520,-3.650504,1.955573
52521,-2.371693,1.652478
52522,-3.281713,1.826239
52523,-1.349578,0.500000
52524,-3.658223,1.449729
52525,-3.528889,1.579063
52526,-3.650504,1.955573
52527,-3.866718,2.000000
52528,-1.420728,1.030303
52529,-3.911146,1.955573
52530,-2.576901,1.579063
52531,-2.440004,0.142820
52532,-2.885719,0.900969
52533,-3.911146,1.955573
52534,-2.374152,1.781812
52535,-1.917063,0.093187
52536,-2.367905,-0.134659
52537,-0.880142,0.440071
52538,-3.434289,1.911146
52539,-3.779838,1.826239
52540,-3.692957,1.652478
52541,-1.170753,0.149460
52542,-1.171501,-0.623490
52543,-1.474108,-1.400969
52544,-3.911146,1.955573
52545,-3.095692,1.320914
52546,-3.051264,1.365341
52547,-3.281713,1.826239
52548,-2.051596,1.911146
52549,-1.681370,1.030303
52550,-2.005777,-1.721883
52551,-2.038874,-1.400969
52552,-2.553446,0.149460
52553,-2.641828,1.320914
52554,-2.343556,-0.658322
52555,-1.524320,-0.914101
52556,-0.861260,0.222521
52557,-2.060606,1.030303
52558,-3.304955,1.652478
52559,-3.652478,1.826239
52560,-1.978621,0.733052
52561,-3.650504,1.955573
52562,-3.563623,1.781812
52563,-3.304955,1.652478
52564,-2.810768,0.142820
52565,-3.095692,1.320914
52566,-3.563623,1.781812
52567,-2.168944,1.246980
52568,-2.669008,0.988831
52569,-0.810020,1.191580
52570,-0.158676,1.652478
52571,-2.730682,1.365341
52572,-1.771749,-1.801938
52573,-2.343556,-0.658322
52574,-3.911146,1.955573
52575,-3.822291,1.911146
52576,-2.874250,1.652478
52577,-3.326140,1.781812
52578,-2.334986,1.579063
52579,-2.316833,-1.233052
52580,-1.507653,-1.721883
52581,-2.011169,-1.977662
52582,-1.921819,-1.889800
52583,-1.624178,-1.488831
52584,-3.826239,1.652478
52585,-3.167133,0.988831
52586,-2.777479,-0.445042
52587,-2.060606,1.030303
52588,-1.914041,-0.134659
52589,-1.396440,0.698220
52590,-2.810768,0.142820
52591,-2.641828,1.320914
52592,0.851418,-0.367711
52593,-3.824265,1.781812
52594,-3.335148,1.191580
52595,-3.324167,1.911146
52596,-1.801938,0.900969
52597,-3.335148,1.191580
52598,-3.167133,0.988831
52599,-2.899457,1.449729
52600,-3.304955,1.652478
52601,-1.858780,0.142820
52602,-2.730682,1.365341
52603,-3.427775,0.988831
52604,-3.158125,1.579063
52605,-3.650504,1.955573
52606,-3.158125,1.579063
52607,-2.541119,0.733052
52608,-2.374152,1.781812
52609,-2.572099,-0.722521
52610,-0.011858,0.123490
52611,-0.008010,-0.147791
52612,-2.696708,1.652478
52613,-2.742943,1.911146
52614,-1.824442,1.449729
52615,-2.885719,0.900969
52616,-2.302521,1.030303
52617,-3.528889,1.579063
52618,-1.466104,0.733052
52619,-3.528889,1.579063
52620,-2.576901,1.579063
52621,-3.911146,1.955573
52622,-3.065499,1.781812
52623,-1.801938,0.900969
52624,-0.322099,-0.722521
52625,2.378259,-1.889800
52626,0.320225,0.455573
52627,-3.158125,1.579063
52628,-3.911146,1.955573
52629,-3.563623,1.781812
52630,-2.899457,1.449729
52631,-2.334986,1.579063
52632,-2.366718,-1.000000
52633,-3.365341,0.730682
52634,-2.337712,0.326239
52635,-3.095692,1.320914
52636,-1.864156,-0.367711
52637,1.582805,-1.889800
52638,-0.212537,0.054604
52639,-1.926590,-0.109562
52640,-3.824265,1.781812
52641,-1.461364,0.730682
52642,-3.652478,1.826239
52643,-3.304955,1.652478
52644,-2.844057,0.730682
52645,-3.911146,1.955573
52646,-3.911146,1.955573
52647,-3.397582,1.449729
52648,-1.557314,-0.109562
52649,-1.466104,0.733052
52650,-3.824265,1.781812
52651,-3.824265,1.781812
52652,-3.158125,1.579063
52653,-3.484462,1.623490
52654,-3.650504,1.955573
52655,-3.153395,0.440071
52656,-1.873490,-1.123490
52657,-2.343556,-0.658322
52658,-2.780575,0.603718
52659,-2.110972,-1.123490
52660,-1.864156,-0.367711
52661,-2.116349,-1.634021
52662,-2.383160,1.191580
52663,-3.153395,0.440071
52664,-3.065499,1.781812
52665,-2.826042,1.911146
52666,-3.822291,1.911146
52667,-1.000000,0.500000
52668,-2.859464,-0.147791
52669,-1.171501,-0.623490
52670,-3.826239,1.652478
52671,-3.826239,1.652478
52672,-2.163198,1.623490
52673,-3.478716,2.000000
52674,-3.095692,1.320914
52675,-3.658223,1.449729
52676,-3.650504,1.955573
52677,-3.658223,1.449729
52678,-1.762008,1.191580
52679,-3.911146,1.955573
52680,-3.333174,1.320914
52681,-3.484462,1.623490
52682,-3.911146,1.955573
52683,-3.563623,1.781812
52684,-3.123202,0.900969
52685,-2.826042,1.911146
52686,-3.658223,1.449729
52687,-1.588247,1.365341
52688,-3.065499,1.781812
52689,-3.304955,1.652478
52690,-1.200484,0.900969
52691,-2.899457,1.449729
52692,-2.002903,1.911146
52693,-2.883745,1.030303
52694,-2.835050,1.320914
52695,-2.316833,-1.233052
52696,-2.259209,0.777479
52697,-2.938128,0.142820
52698,-3.326140,1.781812
52699,-3.095692,1.320914
52700,-2.576901,1.579063
52701,-1.713557,-0.535628
52702,-2.641828,1.320914
52703,-3.194833,1.652478
52704,-3.281713,1.826239
52705,-3.528889,1.579063
52706,-3.866718,2.000000
52707,-2.038874,-1.400969
52708,-1.934194,0.777479
52709,-3.397582,1.449729
52710,-2.938128,0.142820
52711,-1.308725,-1.123490
52712,-3.652478,1.826239
52713,-0.027125,-0.109562
52714,0.331531,0.440071
52715,-2.641828,1.320914
52716,-0.926428,-1.721883
52717,-3.911146,1.955573
52718,-0.823226,0.326239
52719,-2.706235,1.449729
52720,-2.168944,1.246980
52721,-3.490208,1.246980
52722,-3.333174,1.320914
52723,-3.563623,1.781812
52724,-2.711958,1.074730
52725,-3.652478,1.826239
52726,-2.641828,1.320914
52727,-2.892753,0.440071
52728,-1.977662,0.988831
52729,-3.824265,1.781812
52730,-1.212812,0.093187
52731,-1.855707,-1.634021
52732,-2.388932,-0.955573
52733,-0.272729,0.988831
52734,0.764201,-0.425270
52735,-3.326140,1.781812
52736,-1.420728,1.030303
52737,-3.692957,1.652478
52738,-2.388932,-0.955573
52739,-3.692957,1.652478
52740,-2.711958,1.074730
52741,-3.152379,1.955573
52742,-3.434289,1.911146
52743,-3.194833,1.652478
52744,-3.074730,0.149460
52745,-2.518736,1.074730
52746,-3.528889,1.579063
52747,-2.837543,1.579063
52748,-3.484462,1.623490
52749,-1.375695,-1.211352
52750,-1.811776,-1.721883
52751,-1.833963,0.093187
52752,-0.824281,-0.162592
52753,-2.316833,-1.233052
52754,0.231673,-0.134659
52755,-1.349578,0.500000
52756,-2.873202,0.400969
52757,-3.333174,1.320914
52758,-2.696708,1.652478
52759,-2.553446,0.149460
52760,-3.694931,1.911146
52761,-3.911146,1.955573
52762,-3.658223,1.449729
52763,-3.911146,1.955573
52764,-2.541119,0.733052
52765,-1.634892,-0.826239
52766,-2.015156,0.455573
52767,-1.236955,-1.488831
52768,-2.015156,0.455573
52769,-3.194833,1.652478
52770,-2.056191,-1.233052
52771,-2.563163,1.030303
52772,-2.056191,-1.233052
52773,-2.208111,1.449729
52774,-3.824265,1.781812
52775,-3.528889,1.579063
52776,-0.367567,0.455573
52777,-1.384971,1.449729
52778,-2.149460,1.074730
52779,-3.694931,1.911146
52780,-3.051264,1.365341
52781,-0.734763,-0.722521
52782,-3.563623,1.781812
52783,-2.635719,0.400969
52784,-2.461033,1.955573
52785,-3.161387,1.365341
52786,-1.717979,0.733052
52787,-3.490208,1.246980
52788,-2.899457,1.449729
52789,-3.824265,1.781812
52790,-3.215828,0.698220
52791,-2.383160,1.191580
52792,-3.158125,1.579063
52793,-3.304955,1.652478
52794,-2.835050,1.320914
52795,-3.333174,1.320914
52796,-2.119812,-0.109562
52797,-0.688917,1.781812
52798,-2.717704,0.698220
52799,-2.793116,1.623490
52800,-4.000000,2.000000
52801,-3.152379,1.955573
52802,-1.127350,1.826239
52803,-3.658223,1.449729
52804,-3.158125,1.579063
52805,-3.167133,0.988831
52806,-3.652478,1.826239
52807,-3.822291,1.911146
52808,-3.478716,2.000000
52809,-3.324167,1.911146
52810,-3.304955,1.652478
52811,-2.119812,-0.109562
52812,-2.730682,1.365341
52813,-2.844057,0.730682
52814,-3.167133,0.988831
52815,-2.883745,1.030303
52816,-1.409351,-0.147791
52817,-2.964384,1.191580
52818,-3.088468,0.698220
52819,-2.440004,0.142820
52820,-1.733246,0.500000
52821,-2.899457,1.449729
52822,-3.281713,1.826239
52823,-3.528889,1.579063
52824,-2.837543,1.579063
52825,-3.051264,1.365341
52826,-2.711958,1.074730
52827,-2.576901,1.579063
52828,-3.065499,1.781812
52829,-2.572099,-0.722521
52830,-0.728444,-1.634021
52831,-1.878417,-1.721883
52832,-3.152379,1.955573
52833,-0.821489,0.440071
52834,-3.822291,1.911146
52835,-2.431855,0.900969
52836,-2.872277,1.781812
52837,-3.051264,1.365341
52838,-1.873490,-1.123490
52839,-0.494415,-1.977662
52840,-3.911146,1.955573
52841,-3.484462,1.623490
52842,-3.694931,1.911146
52843,-3.123202,0.900969
52844,-0.983709,-1.123490
52845,-2.343556,-0.658322
52846,-1.977662,0.988831
52847,-2.700489,1.826239
52848,-2.899457,1.449729
52849,-3.335148,1.191580
52850,-3.304955,1.652478
52851,-2.730682,1.365341
52852,-2.181855,0.400969
52853,-3.563623,1.781812
52854,-3.095692,1.320914
52855,-2.793116,1.623490
52856,-3.152379,1.955573
52857,-3.911146,1.955573
52858,-2.885719,0.900969
52859,-3.158125,1.579063
52860,-0.666236,-1.634021
52861,-2.110972,-1.123490
52862,-1.554958,0.777479
52863,-3.652478,1.826239
52864,-1.717542,-0.914101
52865,-2.256195,-0.445042
52866,-2.964384,1.191580
52867,-3.528889,1.579063
52868,-3.528889,1.579063
52869,-2.793116,1.623490
52870,-3.246980,1.623490
52871,-3.462508,1.191580
52872,-1.637893,1.955573
52873,-3.779838,1.826239
52874,-3.658223,1.449729
52875,-3.065499,1.781812
52876,-3.088468,0.698220
52877,-2.572099,-0.722521
52878,-1.384971,1.449729
52879,-3.194833,1.652478
52880,-2.964384,1.191580
52881,-3.779838,1.826239
52882,-3.779838,1.826239
52883,-2.374152,1.781812
52884,-2.119812,-0.109562
52885,-3.650504,1.955573
52886,-3.326140,1.781812
52887,-3.528889,1.579063
52888,-3.955573,1.911146
52889,-1.934194,0.777479
52890,-2.669008,0.988831
52891,-3.434289,1.911146
52892,-1.394005,0.455573
52893,-0.983709,-1.123490
52894,-1.607199,0.123490
52895,-3.656250,1.579063
52896,-3.650504,1.955573
52897,-3.123202,0.900969
52898,-1.801938,0.900969
52899,-3.326140,1.781812
52900,-3.123202,0.900969
52901,-3.563623,1.781812
52902,-2.700489,1.826239
52903,0.219124,-0.109562
52904,-2.730682,1.365341
52905,-2.541119,0.733052
52906,-2.518736,1.074730
52907,-3.563623,1.781812
52908,-1.836861,1.579063
52909,-3.652478,1.826239
52910,-3.824265,1.781812
52911,-1.212812,0.093187
52912,-3.246980,1.623490
52913,-2.336959,1.449729
52914,-3.911146,1.955573
52915,-3.911146,1.955573
52916,-3.397582,1.449729
52917,-3.335148,1.191580
52918,-3.065499,1.781812
52919,-2.336959,1.449729
52920,-2.349870,0.603718
52921,-1.557314,-0.109562
52922,-1.409351,-0.147791
52923,-3.427775,0.988831
52924,-3.650504,1.955573
52925,-1.550062,0.900969
52926,-0.533896,0.266948
52927,-1.409351,-0.147791
52928,-3.911146,1.955573
52929,-1.847313,0.603718
52930,-2.870469,2.000000
52931,-1.824442,1.449729
52932,-2.388932,-0.955573
52933,-1.960449,1.826239
52934,-0.417598,-0.367711
52935,-0.169409,-0.109562
52936,-1.384971,1.449729
52937,-3.123202,0.900969
52938,-2.844057,0.730682
52939,-3.824265,1.781812
52940,-1.370469,-1.000000
52941,-1.811776,-1.721883
52942,-3.102206,1.246980
52943,-3.326140,1.781812
52944,-2.440004,0.142820
52945,-2.038874,-1.400969
52946,0.185908,-0.535628
52947,0.628854,-0.425270
52948,-3.167133,0.988831
52949,-2.899457,1.449729
52950,-3.824265,1.781812
52951,-2.347897,0.733052
52952,-3.333174,1.320914
52953,-2.385621,1.030303
52954,-2.349870,0.603718
52955,-3.167133,0.988831
52956,-2.316833,-1.233052
52957,-2.261572,-0.955573
52958,-3.158125,1.579063
52959,-3.095692,1.320914
52960,-1.849772,0.733052
52961,-3.824265,1.781812
52962,-2.176109,0.777479
52963,-3.911146,1.955573
52964,-3.158125,1.579063
52965,-3.065499,1.781812
52966,-2.155959,-0.425270
52967,-3.153395,0.440071
52968,-3.324167,1.911146
52969,-3.484462,1.623490
52970,-2.810768,0.142820
52971,-1.878417,-1.721883
52972,-2.572099,-0.722521
52973,-2.835050,1.320914
52974,-3.153395,0.440071
52975,-3.779838,1.826239
52976,-3.427775,0.988831
52977,-3.462508,1.191580
52978,-2.873202,0.400969
52979,-3.866718,2.000000
52980,-3.650504,1.955573
52981,-2.065597,-0.826239
52982,-2.835050,1.320914
52983,-3.194833,1.652478
52984,-3.623490,1.246980
52985,-3.462508,1.191580
52986,-3.563623,1.781812
52987,-2.859464,-0.147791
52988,-3.123202,0.900969
52989,-3.694931,1.911146
52990,-3.911146,1.955573
52991,-1.652210,-0.658322
52992,-3.153395,0.440071
52993,-3.623490,1.246980
52994,-0.913353,-0.365341
52995,-3.088468,0.698220
52996,-2.228125,1.365341
52997,-3.692957,1.652478
52998,-2.106074,-0.658322
52999,-1.014727,-0.162592
53000,-1.794458,-1.889800
53001,-1.977662,0.988831
53002,-0.967322,0.123490
53003,-2.181855,0.400969
53004,-1.917063,0.093187
53005,-2.526723,-0.425270
53006,-3.563623,1.781812
53007,-2.835050,1.320914
53008,-2.374152,1.781812
53009,-3.563623,1.781812
53010,-2.371693,1.652478
53011,-3.650504,1.955573
53012,-1.960449,1.826239
53013,-1.349578,0.500000
53014,-2.526723,-0.425270
53015,-2.572099,-0.722521
53016,-2.208111,1.449729
53017,-3.779838,1.826239
53018,-3.232059,0.730682
53019,-3.563623,1.781812
53020,-0.932879,0.054604
53021,-0.024843,0.149460
53022,0.961131,-0.826239
53023,-0.567329,-0.365341
53024,-2.540461,0.123490
53025,-1.330319,-0.914101
53026,-1.833963,0.093187
53027,-2.383160,1.191580
53028,-1.858780,0.142820
53029,-0.408062,-0.162592
53030,-2.872277,1.781812
53031,-3.563623,1.781812
53032,-1.921819,-1.889800
53033,-1.703282,0.440071
53034,-3.152379,1.955573
53035,-2.563163,1.030303
53036,-3.779838,1.826239
53037,-3.911146,1.955573
53038,-3.333174,1.320914
53039,-3.824265,1.781812
53040,-3.333174,1.320914
53041,-3.326140,1.781812
53042,-2.336959,1.449729
53043,-2.938128,0.142820
53044,-1.934194,0.777479
53045,-3.462508,1.191580
53046,-0.709168,-0.914101
53047,-2.859464,-0.147791
53048,-1.849772,0.733052
53049,-0.652478,0.326239
53050,-1.557314,-0.109562
53051,-1.733246,0.500000
53052,-2.700489,1.826239
53053,-3.326140,1.781812
53054,-3.563623,1.781812
53055,-3.563623,1.781812
53056,-3.427775,0.988831
53057,-2.383160,1.191580
53058,-0.824281,-0.162592
53059,-1.914041,-0.134659
53060,-2.938128,0.142820
53061,-3.088468,0.698220
53062,-3.194833,1.652478
53063,1.976827,-1.211352
53064,-2.837543,1.579063
53065,-2.136480,0.698220
53066,-3.434289,1.911146
53067,-3.152379,1.955573
53068,-0.600619,0.222521
53069,-2.015156,0.455573
53070,-3.326140,1.781812
53071,-3.427775,0.988831
53072,-2.872277,1.781812
53073,-3.167133,0.988831
53074,-3.563623,1.781812
53075,-3.911146,1.955573
53076,-2.371693,1.652478
53077,-3.268248,1.579063
53078,-3.824265,1.781812
53079,-3.779838,1.826239
53080,-3.866718,2.000000
53081,-3.650504,1.955573
53082,-2.837543,1.579063
53083,-3.095692,1.320914
53084,-3.528889,1.579063
53085,-3.955573,1.911146
53086,-0.712635,-0.074730
53087,-2.826042,1.911146
53088,-3.158125,1.579063
53089,-3.826239,1.652478
53090,-2.208111,1.449729
53091,-3.911146,1.955573
53092,-3.246980,1.623490
53093,-3.822291,1.911146
53094,-3.427775,0.988831
53095,-2.641828,1.320914
53096,-2.844057,0.730682
53097,-2.349870,0.603718
53098,-2.844057,0.730682
53099,-2.885719,0.900969
53100,-0.417598,-0.367711
53101,-2.964384,1.191580
53102,-0.458468,1.320914
53103,-3.911146,1.955573
53104,-1.551938,0.400969
53105,-3.095692,1.320914
53106,-3.911146,1.955573
53107,-2.518736,1.074730
53108,-2.316833,-1.233052
53109,-2.742943,1.911146
53110,-0.728444,-1.634021
53111,-3.088468,0.698220
53112,-3.281713,1.826239
53113,-3.232059,0.730682
53114,-2.837543,1.579063
53115,-1.637893,1.955573
53116,-3.434289,1.911146
53117,-3.427775,0.988831
53118,-0.966034,-0.162592
53119,-1.933731,0.900969
53120,-3.528889,1.579063
53121,-3.484462,1.623490
53122,-3.692957,1.652478
53123,-2.872277,1.781812
53124,-2.793116,1.623490
53125,-1.933731,0.900969
53126,-3.232059,0.730682
53127,-3.650504,1.955573
53128,-2.899457,1.449729
53129,-3.623490,1.246980
53130,-3.088468,0.698220
53131,0.420083,1.030303
53132,-1.406715,-0.277479
53133,-3.324167,1.911146
53134,-3.824265,1.781812
53135,-3.484462,1.623490
53136,-3.158125,1.579063
53137,-3.824265,1.781812
53138,-1.275116,0.455573
53139,-3.822291,1.911146
53140,-3.563623,1.781812
53141,-3.215828,0.698220
53142,-2.641828,1.320914
53143,-2.899457,1.449729
53144,-3.158125,1.579063
53145,-3.335148,1.191580
53146,-3.658223,1.449729
53147,-3.427775,0.988831
53148,-3.652478,1.826239
53149,-3.563623,1.781812
53150,-2.717704,0.698220
53151,-2.334986,1.579063
53152,-3.427775,0.988831
53153,-3.652478,1.826239
53154,-2.892753,0.440071
53155,-3.167133,0.988831
53156,-2.654083,-0.425270
53157,-1.607199,0.123490
53158,-1.212812,0.093187
53159,-3.826239,1.652478
53160,-3.563623,1.781812
53161,-1.074632,0.054604
53162,-0.637763,-0.535628
53163,-0.285640,0.142820
53164,-0.354198,-0.658322
53165,-1.977662,0.988831
53166,-2.872277,1.781812
53167,-2.810768,0.142820
53168,-2.730682,1.365341
53169,-2.780575,0.603718
53170,-3.822291,1.911146
53171,-3.215828,0.698220
53172,-3.427775,0.988831
53173,-3.153395,0.440071
53174,-3.365341,0.730682
53175,-3.656250,1.579063
53176,-2.430339,0.123490
53177,-3.246980,1.623490
53178,-3.911146,1.955573
53179,-2.385621,1.030303
53180,-0.735570,1.191580
53181,-2.793116,1.623490
53182,-0.305503,-0.367711
53183,-0.091484,0.149460
53184,-1.775215,0.326239
53185,-2.374152,1.781812
53186,-0.367567,0.455573
53187,-1.149815,1.320914
53188,-2.563163,1.030303
53189,-3.152379,1.955573
53190,-3.427775,0.988831
53191,-1.412671,0.730682
53192,-3.528889,1.579063
53193,-3.911146,1.955573
53194,-3.694931,1.911146
53195,-2.316833,-1.233052
53196,-2.367905,-0.134659
53197,-3.911146,1.955573
53198,-1.934194,0.777479
53199,-3.152379,1.955573
53200,-2.136480,0.698220
53201,-3.326140,1.781812
53202,-3.866718,2.000000
53203,-2.015156,0.455573
53204,-3.152379,1.955573
53205,-3.427775,0.988831
53206,-1.170844,-1.233052
53207,-1.423694,-1.889800
53208,-2.302521,1.030303
53209,-3.658223,1.449729
53210,-1.960449,1.826239
53211,-1.180804,0.266948
53212,-1.384971,1.449729
53213,-2.742943,1.911146
53214,-2.641828,1.320914
53215,-3.333174,1.320914
53216,-2.641828,1.320914
53217,-3.462508,1.191580
53218,-3.528889,1.579063
53219,-2.742943,1.911146
53220,-3.911146,1.955573
53221,-3.232059,0.730682
53222,-0.102430,-1.889800
53223,-3.826239,1.652478
53224,-1.396440,0.698220
53225,-0.195042,-0.277479
53226,-3.095692,1.320914
53227,-3.158125,1.579063
53228,-3.158125,1.579063
53229,-2.706235,1.449729
53230,-1.212812,0.093187
53231,-2.311457,-0.722521
53232,-3.478716,2.000000
53233,-3.065499,1.781812
53234,-3.652478,1.826239
53235,-3.335148,1.191580
53236,-3.335148,1.191580
53237,-3.161387,1.365341
53238,-3.824265,1.781812
53239,-2.780575,0.603718
53240,-2.383160,1.191580
53241,-3.335148,1.191580
53242,-3.826239,1.652478
53243,-3.167133,0.988831
53244,-3.824265,1.781812
53245,-3.333174,1.320914
53246,-3.158125,1.579063
53247,-3.650504,1.955573
53248,-2.541119,0.733052
53249,-2.872277,1.781812
53250,-3.333174,1.320914
53251,-3.658223,1.449729
53252,-3.563623,1.781812
53253,-3.484462,1.623490
53254,-3.652478,1.826239
53255,-3.304955,1.652478
53256,-3.427775,0.988831
53257,-2.892753,0.440071
53258,-1.466104,0.733052
53259,-3.656250,1.579063
53260,-1.179763,1.911146
53261,-3.158125,1.579063
53262,-2.311457,-0.722521
53263,-1.212812,0.093187
53264,-2.518736,1.074730
53265,-2.541119,0.733052
53266,-2.706235,1.449729
53267,-3.246980,1.623490
53268,-3.158125,1.579063
53269,-3.158125,1.579063
53270,-1.978621,0.733052
53271,-2.899457,1.449729
53272,-0.860591,0.400969
53273,-3.652478,1.826239
53274,-3.161387,1.365341
53275,-2.883745,1.030303
53276,-2.096023,2.000000
53277,-2.347897,0.733052
53278,-3.822291,1.911146
53279,-2.654083,-0.425270
53280,-2.777479,-0.445042
53281,-2.885719,0.900969
53282,-3.427775,0.988831
53283,-3.656250,1.579063
53284,-3.484462,1.623490
53285,0.288795,0.698220
53286,-0.544316,-0.722521
53287,-1.717542,-0.914101
53288,-1.760035,1.320914
53289,-1.474108,-1.400969
53290,-3.822291,1.911146
53291,-1.652210,-0.658322
53292,-3.478716,2.000000
53293,-3.333174,1.320914
53294,-2.883745,1.030303
53295,-0.066833,-1.233052
53296,0.559181,-1.488831
53297,-1.225625,-1.123490
53298,-3.335148,1.191580
53299,-2.168944,1.246980
53300,-1.225625,-1.123490
53301,-3.490208,1.246980
53302,-4.000000,2.000000
53303,-2.700489,1.826239
53304,-3.158125,1.579063
53305,-1.588247,1.365341
53306,-1.864156,-0.367711
53307,-0.354198,-0.658322
53308,-1.592048,0.093187
53309,-3.528889,1.579063
53310,-3.088468,0.698220
53311,-3.281713,1.826239
53312,-1.849772,0.733052
53313,2.149172,0.603718
53314,-3.074730,0.149460
53315,-1.412671,0.730682
53316,-1.926590,-0.109562
53317,-1.558067,-1.233052
53318,-2.780575,0.603718
53319,-3.563623,1.781812
53320,-3.304955,1.652478
53321,-3.158125,1.579063
53322,-3.158125,1.579063
53323,-3.095692,1.320914
53324,-1.801938,0.900969
53325,-0.186374,0.093187
53326,-2.605388,-0.134659
53327,-2.144490,0.326239
53328,-2.835050,1.320914
53329,-3.324167,1.911146
53330,-3.822291,1.911146
53331,-3.335148,1.191580
53332,-3.161387,1.365341
53333,-3.304955,1.652478
53334,-3.326140,1.781812
53335,-1.636943,1.074730
53336,-3.333174,1.320914
53337,-3.490208,1.246980
53338,-3.824265,1.781812
53339,-2.337712,0.326239
53340,-3.563623,1.781812
53341,-3.335148,1.191580
53342,-3.326140,1.781812
53343,-3.822291,1.911146
53344,-3.650504,1.955573
53345,-1.593993,0.988831
53346,0.001651,0.440071
53347,0.735422,-0.367711
53348,-2.899457,1.449729
53349,-2.394628,0.440071
53350,-2.383160,1.191580
53351,-2.374152,1.781812
53352,-1.370469,-1.000000
53353,-2.005777,-1.721883
53354,-1.349578,0.500000
53355,-2.136480,0.698220
53356,-3.167133,0.988831
53357,-3.650504,1.955573
53358,-3.051264,1.365341
53359,-3.563623,1.781812
53360,-3.563623,1.781812
53361,-2.641828,1.320914
53362,-1.413198,1.623490
53363,-3.095692,1.320914
53364,-2.576901,1.579063
53365,-0.197601,-0.033258
53366,-0.150295,-0.147791
53367,-1.062213,-0.074730
53368,-3.158125,1.579063
53369,-1.306849,1.246980
53370,-2.899457,1.449729
53371,-1.022292,-0.658322
53372,-0.145365,0.011169
53373,-3.065499,1.781812
53374,-2.730682,1.365341
53375,-3.065499,1.781812
53376,-2.144490,0.326239
53377,-2.635719,0.400969
53378,-1.652210,-0.658322
53379,-4.000000,2.000000
53380,-2.810768,0.142820
53381,-1.703282,0.440071
53382,-3.650504,1.955573
53383,-2.349870,0.603718
53384,-3.158125,1.579063
53385,-2.810768,0.142820
53386,-3.911146,1.955573
53387,-0.974766,1.579063
53388,-2.106074,-0.658322
53389,-1.423694,-1.889800
53390,-1.914041,-0.134659
53391,-3.365341,0.730682
53392,-2.598822,-0.147791
53393,-2.835050,1.320914
53394,-3.563623,1.781812
53395,-1.420728,1.030303
53396,-3.088468,0.698220
53397,-3.167133,0.988831
53398,-3.911146,1.955573
53399,-3.911146,1.955573
53400,-3.268248,1.579063
53401,-3.232059,0.730682
53402,-3.528889,1.579063
53403,-3.065499,1.781812
53404,-2.873202,0.400969
53405,-1.636943,1.074730
53406,-2.431855,0.900969
53407,-2.885719,0.900969
53408,-3.563623,1.781812
53409,-2.430339,0.123490
53410,-0.642527,-0.914101
53411,-2.367905,-0.134659
53412,-3.911146,1.955573
53413,-3.484462,1.623490
53414,-2.644197,-0.445042
53415,-2.892753,0.440071
53416,-3.095692,1.320914
53417,-2.367905,-0.134659
53418,-3.866718,2.000000
53419,-3.779838,1.826239
53420,-2.563163,1.030303
53421,-2.228125,1.365341
53422,-2.598822,-0.147791
53423,-3.088468,0.698220
53424,-2.742943,1.911146
53425,-3.824265,1.781812
53426,-3.462508,1.191580
53427,-2.835050,1.320914
53428,-3.268248,1.579063
53429,-3.484462,1.623490
53430,-2.228125,1.365341
53431,-3.563623,1.781812
53432,-1.557314,-0.109562
53433,-1.474108,-1.400969
53434,-0.578811,-0.162592
53435,-1.475625,-0.623490
53436,-1.849772,0.733052
53437,-2.572099,-0.722521
53438,-1.794458,-1.889800
53439,-1.934194,0.777479
53440,-3.563623,1.781812
53441,-1.648630,-0.277479
53442,-0.276723,-0.425270
53443,-0.088566,-1.634021
53444,1.089445,1.191580
53445,-1.120429,-1.721883
53446,-1.275116,0.455573
53447,-2.810768,0.142820
53448,-2.334986,1.579063
53449,-2.166234,-1.400969
53450,-0.346845,-1.400969
53451,1.316644,-0.658322
53452,-2.941449,0.149460
53453,-3.397582,1.449729
53454,-3.333174,1.320914
53455,-1.442336,-1.211352
53456,-1.050429,1.652478
53457,-3.333174,1.320914
53458,-3.528889,1.579063
53459,-2.576901,1.579063
53460,-2.576901,1.579063
53461,-2.311457,-0.722521
53462,-1.977662,0.988831
53463,-2.670453,0.603718
53464,-2.885719,0.900969
53465,-2.885719,0.900969
53466,-3.051264,1.365341
53467,-3.692957,1.652478
53468,-1.244415,0.988831
53469,-3.051264,1.365341
53470,-3.692957,1.652478
53471,-3.268248,1.579063
53472,-2.184738,-0.367711
53473,-1.813332,-0.722521
53474,-2.410859,1.246980
53475,-3.167133,0.988831
53476,-1.330319,-0.914101
53477,-2.144490,0.326239
53478,-1.308725,-1.123490
53479,-0.861260,0.222521
53480,-0.801039,-1.488831
53481,-2.993868,1.030303
53482,-2.899457,1.449729
53483,-0.801938,0.400969
53484,-2.742943,1.911146
53485,-3.462508,1.191580
53486,-1.180804,0.266948
53487,-3.232059,0.730682
53488,-3.152379,1.955573
53489,-3.397582,1.449729
53490,-2.696708,1.652478
53491,-2.440004,0.142820
53492,-3.167133,0.988831
53493,-1.648630,-0.277479
53494,-1.928302,-1.488831
53495,-0.881639,-1.977662
53496,-3.656250,1.579063
53497,-2.641828,1.320914
53498,-2.711958,1.074730
53499,-1.551938,0.400969
53500,-2.002903,1.911146
53501,-2.347897,0.733052
53502,-2.572099,-0.722521
53503,-1.703282,0.440071
53504,0.194373,0.099031
53505,-3.911146,1.955573
53506,-3.656250,1.579063
53507,-3.324167,1.911146
53508,-3.333174,1.320914
53509,-2.859464,-0.147791
53510,-2.374152,1.781812
53511,-2.060606,1.030303
53512,-3.397582,1.449729
53513,-3.304955,1.652478
53514,-2.892753,0.440071
53515,-3.335148,1.191580
53516,-3.658223,1.449729
53517,-1.833963,0.093187
53518,-3.158125,1.579063
53519,-2.155959,-0.425270
53520,-1.643120,1.191580
53521,-3.095692,1.320914
53522,-3.167133,0.988831
53523,-0.801938,0.400969
53524,-1.551584,-1.634021
53525,-1.568917,-1.211352
53526,-3.161387,1.365341
53527,-2.780575,0.603718
53528,-3.822291,1.911146
53529,-1.977662,0.988831
53530,-3.484462,1.623490
53531,-3.095692,1.320914
53532,-3.246980,1.623490
53533,-3.822291,1.911146
53534,-3.826239,1.652478
53535,-3.563623,1.781812
53536,-3.095692,1.320914
53537,0.876510,1.246980
53538,-3.095692,1.320914
53539,-1.824442,1.449729
53540,-3.563623,1.781812
53541,-3.528889,1.579063
53542,-3.650504,1.955573
53543,-3.484462,1.623490
53544,-3.246980,1.623490
53545,-3.563623,1.781812
53546,-2.099031,-1.801938
53547,-2.065597,-0.826239
53548,-2.872277,1.781812
53549,-2.367905,-0.134659
53550,-3.528889,1.579063
53551,-3.462508,1.191580
53552,-3.650504,1.955573
53553,-3.528889,1.579063
53554,-2.347897,0.733052
53555,-2.394628,0.440071
53556,-3.462508,1.191580
53557,-1.445133,0.698220
53558,-3.095692,1.320914
53559,-3.911146,1.955573
53560,-2.938128,0.142820
53561,-3.065499,1.781812
53562,-0.195054,-1.801938
53563,-3.397582,1.449729
53564,-4.000000,2.000000
53565,-2.730682,1.365341
53566,-2.883745,1.030303
53567,-2.899457,1.449729
53568,-3.123202,0.900969
53569,-3.095692,1.320914
53570,-3.158125,1.579063
53571,-3.153395,0.440071
53572,-1.845869,0.988831
53573,-2.654083,-0.425270
53574,-3.153395,0.440071
53575,-2.874250,1.652478
53576,-2.060606,1.030303
53577,-2.394628,0.440071
53578,-3.397582,1.449729
53579,0.066516,-0.033258
53580,-2.343556,-0.658322
53581,-2.872277,1.781812
53582,-3.065499,1.781812
53583,-0.382320,0.988831
53584,-1.207436,0.603718
53585,-0.109208,0.054604
53586,-3.158125,1.579063
53587,-3.822291,1.911146
53588,-3.563623,1.781812
53589,-3.911146,1.955573
53590,-2.700489,1.826239
53591,-3.563623,1.781812
53592,-3.427775,0.988831
53593,-1.461364,0.730682
53594,-3.658223,1.449729
53595,-3.658223,1.449729
53596,-3.822291,1.911146
53597,-3.333174,1.320914
53598,-3.427775,0.988831
53599,-3.824265,1.781812
53600,-3.123202,0.900969
53601,-2.572099,-0.722521
53602,-3.153395,0.440071
53603,-3.153395,0.440071
53604,-2.060606,1.030303
53605,-3.161387,1.365341
53606,-2.430339,0.123490
53607,-1.873040,-1.211352
53608,-3.324167,1.911146
53609,-2.883745,1.030303
53610,-2.826042,1.911146
53611,-2.119812,-0.109562
53612,-1.965750,-1.801938
53613,-3.051264,1.365341
53614,-3.824265,1.781812
53615,-1.890808,-0.955573
53616,-2.337712,0.326239
53617,-3.095692,1.320914
53618,-2.316833,-1.233052
53619,-1.771749,-1.801938
53620,-3.153395,0.440071
53621,-3.528889,1.579063
53622,-0.569543,-0.955573
53623,-2.149460,1.074730
53624,-1.574735,-0.425270
53625,1.503926,-1.400969
53626,-3.623490,1.246980
53627,-2.576901,1.579063
53628,-2.235810,0.730682
53629,-0.756100,1.955573
53630,-2.793116,1.623490
53631,-3.563623,1.781812
53632,-3.955573,1.911146
53633,-2.644197,-0.445042
53634,-3.153395,0.440071
53635,-1.934194,0.777479
53636,-2.641828,1.320914
53637,-1.681370,1.030303
53638,-3.065499,1.781812
53639,-2.576901,1.579063
53640,-1.934194,0.777479
53641,-2.706235,1.449729
53642,-2.116349,-1.634021
53643,-2.110972,-1.123490
53644,-3.281713,1.826239
53645,-1.690819,-1.488831
53646,-2.641828,1.320914
53647,-2.334986,1.579063
53648,-4.000000,2.000000
53649,-3.563623,1.781812
53650,-3.822291,1.911146
53651,-3.304955,1.652478
53652,-3.304955,1.652478
53653,-3.911146,1.955573
53654,-3.822291,1.911146
53655,-3.065499,1.781812
53656,-2.941449,0.149460
53657,-2.383160,1.191580
53658,-3.822291,1.911146
53659,-3.490208,1.246980
53660,-1.419626,-1.123490
53661,-3.397582,1.449729
53662,-3.246980,1.623490
53663,-3.304955,1.652478
53664,-2.431855,0.900969
53665,-3.324167,1.911146
53666,-3.563623,1.781812
53667,-3.658223,1.449729
53668,-3.658223,1.449729
53669,-2.430339,0.123490
53670,-0.686458,-0.826239
53671,-2.099031,-1.801938
53672,-2.883745,1.030303
53673,-2.873202,0.400969
53674,-2.430339,0.123490
53675,-3.152379,1.955573
53676,-3.397582,1.449729
53677,-3.490208,1.246980
53678,-2.383160,1.191580
53679,-0.847680,1.246980
53680,-3.161387,1.365341
53681,-2.272552,1.320914
53682,-2.874250,1.652478
53683,-0.600619,0.222521
53684,-3.478716,2.000000
53685,-1.933731,0.900969
53686,-3.822291,1.911146
53687,-3.824265,1.781812
53688,-3.822291,1.911146
53689,-3.650504,1.955573
53690,-2.859464,-0.147791
53691,-3.158125,1.579063
53692,-1.000000,0.500000
53693,-2.572099,-0.722521
53694,-1.858780,0.142820
53695,-3.911146,1.955573
53696,-2.383160,1.191580
53697,-0.260824,0.093187
53698,-3.652478,1.826239
53699,-2.885719,0.900969
53700,-1.695108,1.579063
53701,-3.232059,0.730682
53702,-3.528889,1.579063
53703,-3.246980,1.623490
53704,-3.281713,1.826239
53705,-3.623490,1.246980
53706,-2.106074,-0.658322
53707,-3.563623,1.781812
53708,-1.960449,1.826239
53709,-1.960449,1.826239
53710,-0.861260,0.222521
53711,-3.088468,0.698220
53712,-3.824265,1.781812
53713,-3.822291,1.911146
53714,-3.656250,1.579063
53715,-2.844057,0.730682
53716,-4.000000,2.000000
53717,-2.899457,1.449729
53718,-1.833963,0.093187
53719,-1.636943,1.074730
53720,-3.304955,1.652478
53721,-3.652478,1.826239
53722,-3.656250,1.579063
53723,-3.822291,1.911146
53724,-3.335148,1.191580
53725,-3.822291,1.911146
53726,-2.641828,1.320914
53727,-3.911146,1.955573
53728,-2.383160,1.191580
53729,-0.604474,-1.123490
53730,-2.155959,-0.425270
53731,-3.167133,0.988831
53732,-0.578811,-0.162592
53733,-0.666236,-1.634021
53734,-1.690819,-1.488831
53735,-2.870469,2.000000
53736,-3.281713,1.826239
53737,-2.899457,1.449729
53738,-3.824265,1.781812
53739,-3.088468,0.698220
53740,-2.563163,1.030303
53741,-0.983246,-1.000000
53742,-2.168944,1.246980
53743,-3.427775,0.988831
53744,-3.650504,1.955573
53745,-0.207561,-0.033258
53746,-0.472729,-0.033258
53747,-3.326140,1.781812
53748,-3.866718,2.000000
53749,-3.088468,0.698220
53750,-3.779838,1.826239
53751,-3.779838,1.826239
53752,-3.650504,1.955573
53753,-2.598822,-0.147791
53754,-2.347897,0.733052
53755,-2.635719,0.400969
53756,-3.281713,1.826239
53757,-3.866718,2.000000
53758,-2.793116,1.623490
53759,-2.272552,1.320914
53760,-2.440004,0.142820
53761,-3.167133,0.988831
53762,-0.831764,-0.535628
53763,-3.281713,1.826239
53764,-0.584824,-0.033258
53765,-2.136480,0.698220
53766,-3.074730,0.149460
53767,-1.933731,0.900969
53768,-2.540461,0.123490
53769,-2.141244,1.191580
53770,-3.528889,1.579063
53771,-2.065597,-0.826239
53772,-1.727818,-1.889800
53773,-1.180804,0.266948
53774,-3.397582,1.449729
53775,-2.109756,0.123490
53776,-2.837543,1.579063
53777,-3.563623,1.781812
53778,-3.397582,1.449729
53779,-3.281713,1.826239
53780,-3.528889,1.579063
53781,-3.779838,1.826239
53782,-2.337712,0.326239
53783,-3.779838,1.826239
53784,-2.163198,1.623490
53785,-2.431855,0.900969
53786,-1.926590,-0.109562
53787,-1.592048,0.093187
53788,-2.711958,1.074730
53789,-1.717542,-0.914101
53790,-3.658223,1.449729
53791,-2.892753,0.440071
53792,-1.006419,-1.211352
53793,-1.988459,-1.889800
53794,-3.167133,0.988831
53795,-3.779838,1.826239
53796,-2.106074,-0.658322
53797,-2.563163,1.030303
53798,-2.181855,0.400969
53799,-2.371693,1.652478
53800,-0.966034,-0.162592
53801,-2.256195,-0.445042
53802,-3.658223,1.449729
53803,-2.383160,1.191580
53804,-1.344281,-0.535628
53805,-1.690819,-1.488831
53806,-3.123202,0.900969
53807,-2.670453,0.603718
53808,-3.623490,1.246980
53809,-2.242359,1.781812
53810,-2.576901,1.579063
53811,-0.749532,0.698220
53812,-3.152379,1.955573
53813,-3.528889,1.579063
53814,-2.837543,1.579063
53815,-1.960449,1.826239
53816,-0.153316,0.142820
53817,-2.116349,-1.634021
53818,-1.088404,-0.914101
53819,-2.859464,-0.147791
53820,-3.822291,1.911146
53821,-3.397582,1.449729
53822,-2.844057,0.730682
53823,-2.383160,1.191580
53824,-3.153395,0.440071
53825,-1.652210,-0.658322
53826,-1.878417,-1.721883
53827,-2.383160,1.191580
53828,-2.826042,1.911146
53829,-2.336959,1.449729
53830,-3.333174,1.320914
53831,-3.158125,1.579063
53832,-2.493959,1.246980
53833,-3.333174,1.320914
53834,-2.144490,0.326239
53835,-2.343556,-0.658322
53836,-3.650504,1.955573
53837,-3.911146,1.955573
53838,-3.427775,0.988831
53839,-2.598822,-0.147791
53840,-2.272552,1.320914
53841,-0.399093,-1.400969
53842,-1.248319,-1.466104
53843,-2.526723,-0.425270
53844,-3.167133,0.988831
53845,-3.866718,2.000000
53846,-2.837543,1.579063
53847,-3.866718,2.000000
53848,-0.712714,0.222521
53849,-3.095692,1.320914
53850,-1.574735,-0.425270
53851,-2.116349,-1.634021
53852,-2.810768,0.142820
53853,-3.824265,1.781812
53854,-1.801938,0.900969
53855,-2.793116,1.623490
53856,-2.883745,1.030303
53857,-2.461033,1.955573
53858,-3.427775,0.988831
53859,-1.914041,-0.134659
53860,-1.955475,-0.826239
53861,-2.272552,1.320914
53862,-3.563623,1.781812
53863,-3.397582,1.449729
53864,-3.095692,1.320914
53865,-2.541119,0.733052
53866,-1.577747,-1.801938
53867,-3.563623,1.781812
53868,-3.462508,1.191580
53869,-3.528889,1.579063
53870,-2.835050,1.320914
53871,-3.088468,0.698220
53872,-2.133667,-1.466104
53873,-3.246980,1.623490
53874,-3.123202,0.900969
53875,-3.650504,1.955573
53876,-3.911146,1.955573
53877,-3.866718,2.000000
53878,-3.333174,1.320914
53879,-2.116349,-1.634021
53880,-3.694931,1.911146
53881,-2.872277,1.781812
53882,-3.088468,0.698220
53883,-2.500000,-1.000000
53884,-3.650504,1.955573
53885,-3.866718,2.000000
53886,-2.837543,1.579063
53887,-1.551938,0.400969
53888,-3.051264,1.365341
53889,-3.462508,1.191580
53890,-2.576901,1.579063
53891,-3.528889,1.579063
53892,-2.711958,1.074730
53893,-1.121986,-0.722521
53894,-2.065597,-0.826239
53895,-2.964384,1.191580
53896,-2.553446,0.149460
53897,-1.928302,-1.488831
53898,-1.934194,0.777479
53899,-3.824265,1.781812
53900,-2.670453,0.603718
53901,-2.440004,0.142820
53902,-2.440004,0.142820
53903,-1.977662,0.988831
53904,-2.670453,0.603718
53905,-2.466259,1.191580
53906,-3.397582,1.449729
53907,-2.859464,-0.147791
53908,-1.760035,1.320914
53909,-1.934194,0.777479
53910,-3.694931,1.911146
53911,-3.434289,1.911146
53912,-2.141244,1.191580
53913,-3.692957,1.652478
53914,-3.152379,1.955573
53915,-2.311457,-0.722521
53916,-3.268248,1.579063
53917,-3.563623,1.781812
53918,-3.692957,1.652478
53919,-3.246980,1.623490
53920,-2.394628,0.440071
53921,-3.095692,1.320914
53922,-1.977662,0.988831
53923,-3.694931,1.911146
53924,-1.361599,-0.367711
53925,0.781922,0.603718
53926,-2.730682,1.365341
53927,-2.155959,-0.425270
53928,-3.324167,1.911146
53929,-1.977662,0.988831
53930,-2.385621,1.030303
53931,-1.745664,-1.466104
53932,-1.551584,-1.634021
53933,-2.337712,0.326239
53934,-2.136480,0.698220
53935,-0.821489,0.440071
53936,-2.394628,0.440071
53937,-3.281713,1.826239
53938,-2.136480,0.698220
53939,-2.885719,0.900969
53940,-1.080402,-1.801938
53941,-0.215380,0.266948
53942,-3.281713,1.826239
53943,-2.964384,1.191580
53944,-2.670453,0.603718
53945,0.369625,0.093187
53946,-1.858780,0.142820
53947,-1.794458,-1.889800
53948,-3.866718,2.000000
53949,-3.824265,1.781812
53950,-2.141244,1.191580
53951,-3.650504,1.955573
53952,-2.228125,1.365341
53953,-3.088468,0.698220
53954,-2.742943,1.911146
53955,-3.095692,1.320914
53956,-2.347897,0.733052
53957,-3.427775,0.988831
53958,-2.670453,0.603718
53959,-2.837543,1.579063
53960,-2.711958,1.074730
53961,-2.605388,-0.134659
53962,-3.051264,1.365341
53963,-1.733246,0.500000
53964,-3.692957,1.652478
53965,-3.333174,1.320914
53966,-2.964384,1.191580
53967,-3.694931,1.911146
53968,-0.669220,1.781812
53969,-3.658223,1.449729
53970,-2.885719,0.900969
53971,-2.670453,0.603718
53972,-3.484462,1.623490
53973,1.324558,0.093187
53974,-2.899457,1.449729
53975,-2.670453,0.603718
53976,-3.333174,1.320914
53977,-3.434289,1.911146
53978,-1.210838,0.222521
53979,-0.252485,-0.162592
53980,-3.779838,1.826239
53981,-3.153395,0.440071
53982,-2.837543,1.579063
53983,-3.152379,1.955573
53984,-2.793116,1.623490
53985,-2.011910,1.320914
53986,-3.911146,1.955573
53987,-3.102206,1.246980
53988,-3.694931,1.911146
53989,-2.109756,0.123490
53990,-2.136480,0.698220
53991,-3.563623,1.781812
53992,-2.461033,1.955573
53993,-0.784266,0.900969
53994,-2.133667,-1.466104
53995,-2.116349,-1.634021
53996,-0.275215,1.826239
53997,-1.681370,1.030303
53998,-2.598822,-0.147791
53999,-2.742943,1.911146
54000,-1.695108,1.579063
54001,-3.694931,1.911146
54002,-3.694931,1.911146
54003,-2.311457,-0.722521
54004,-3.694931,1.911146
54005,-3.065499,1.781812
54006,-3.658223,1.449729
54007,-3.692957,1.652478
54008,-3.462508,1.191580
54009,-1.762918,-1.211352
54010,0.476746,-1.233052
54011,0.559181,-1.488831
54012,-0.487094,0.603718
54013,-2.859464,-0.147791
54014,-2.837543,1.579063
54015,-1.006419,-1.211352
54016,-1.873490,-1.123490
54017,-1.086885,-1.400969
54018,-3.095692,1.320914
54019,-2.110972,-1.123490
54020,-2.208111,1.449729
54021,-3.656250,1.579063
54022,-3.123202,0.900969
54023,-2.874250,1.652478
54024,-3.304955,1.652478
54025,-1.593993,0.988831
54026,-3.167133,0.988831
54027,-3.427775,0.988831
54028,-2.060606,1.030303
54029,-2.168944,1.246980
54030,-3.123202,0.900969
54031,-2.294861,-0.367711
54032,-1.988459,-1.889800
54033,-2.367905,-0.134659
54034,-3.123202,0.900969
54035,-3.528889,1.579063
54036,-1.847313,0.603718
54037,-2.163198,1.623490
54038,-3.397582,1.449729
54039,-2.136480,0.698220
54040,-2.149460,1.074730
54041,-1.185762,-1.977662
54042,-2.576901,1.579063
54043,-3.528889,1.579063
54044,-2.837543,1.579063
54045,-1.977662,0.988831
54046,-3.333174,1.320914
54047,-3.779838,1.826239
54048,-0.084999,-0.109562
54049,-3.528889,1.579063
54050,-0.338389,0.900969
54051,-1.914041,-0.134659
54052,-3.427775,0.988831
54053,-2.526723,-0.425270
54054,-1.960449,1.826239
54055,-2.374152,1.781812
54056,-3.065499,1.781812
54057,-2.302521,1.030303
54058,-2.641828,1.320914
54059,-3.824265,1.781812
54060,-2.540461,0.123490
54061,-1.155045,-0.914101
54062,-1.445133,0.698220
54063,-2.563163,1.030303
54064,-2.837543,1.579063
54065,-2.837543,1.579063
54066,-2.015156,0.455573
54067,-2.302521,1.030303
54068,-1.652210,-0.658322
54069,-3.911146,1.955573
54070,-3.911146,1.955573
54071,-3.658223,1.449729
54072,-2.885719,0.900969
54073,-3.158125,1.579063
54074,-3.490208,1.246980
54075,-3.167133,0.988831
54076,-2.859464,-0.147791
54077,-3.658223,1.449729
54078,-3.824265,1.781812
54079,-2.873202,0.400969
54080,-3.326140,1.781812
54081,-3.822291,1.911146
54082,-3.563623,1.781812
54083,-2.311457,-0.722521
54084,-1.601453,0.500000
54085,-2.717704,0.698220
54086,-3.652478,1.826239
54087,-2.700489,1.826239
54088,-0.202183,0.733052
54089,-1.396440,0.698220
54090,-3.304955,1.652478
54091,-2.844057,0.730682
54092,-2.493959,1.246980
54093,-3.652478,1.826239
54094,-3.324167,1.911146
54095,-3.656250,1.579063
54096,-3.563623,1.781812
54097,-0.274673,1.652478
54098,-2.883745,1.030303
54099,-3.563623,1.781812
54100,-0.801938,0.400969
54101,-2.383160,1.191580
54102,-2.096023,2.000000
54103,-2.349870,0.603718
54104,-1.262697,0.326239
54105,-3.652478,1.826239
54106,-3.563623,1.781812
54107,-3.650504,1.955573
54108,-3.656250,1.579063
54109,-1.396440,0.698220
54110,-2.598822,-0.147791
54111,-2.261572,-0.955573
54112,-2.826042,1.911146
54113,-2.899457,1.449729
54114,-3.822291,1.911146
54115,-1.489885,-1.977662
54116,-2.706235,1.449729
54117,-3.692957,1.652478
54118,-1.926590,-0.109562
54119,-3.866718,2.000000
54120,-3.650504,1.955573
54121,-1.225625,-1.123490
54122,-0.710661,0.054604
54123,-2.394628,0.440071
54124,-2.872277,1.781812
54125,-3.563623,1.781812
54126,-3.161387,1.365341
54127,-3.652478,1.826239
54128,-3.656250,1.579063
54129,-2.493959,1.246980
54130,-2.874250,1.652478
54131,-2.899457,1.449729
54132,-1.637893,1.955573
54133,-3.158125,1.579063
54134,-3.822291,1.911146
54135,-2.717704,0.698220
54136,-3.123202,0.900969
54137,-3.822291,1.911146
54138,-0.983709,-1.123490
54139,0.158759,0.011169
54140,-2.109756,0.123490
54141,-1.086885,-1.400969
54142,-1.006419,-1.211352
54143,-1.314088,-0.074730
54144,-2.670453,0.603718
54145,-3.281713,1.826239
54146,-2.641828,1.320914
54147,-3.194833,1.652478
54148,-3.650504,1.955573
54149,-3.528889,1.579063
54150,-3.694931,1.911146
54151,-3.051264,1.365341
54152,-2.696708,1.652478
54153,-3.074730,0.149460
54154,-3.911146,1.955573
54155,-2.605388,-0.134659
54156,-2.466259,1.191580
54157,-2.440004,0.142820
54158,-3.051264,1.365341
54159,-3.824265,1.781812
54160,-3.095692,1.320914
54161,-3.955573,1.911146
54162,-3.232059,0.730682
54163,-2.065597,-0.826239
54164,-3.694931,1.911146
54165,-2.431855,0.900969
54166,-2.235810,0.730682
54167,-2.343556,-0.658322
54168,-2.440004,0.142820
54169,-1.933731,0.900969
54170,-2.440004,0.142820
54171,-3.281713,1.826239
54172,-3.484462,1.623490
54173,-3.167133,0.988831
54174,-3.152379,1.955573
54175,-3.074730,0.149460
54176,-3.911146,1.955573
54177,-2.540461,0.123490
54178,-3.095692,1.320914
54179,-2.873202,0.400969
54180,-3.694931,1.911146
54181,-2.993868,1.030303
54182,-2.837543,1.579063
54183,-3.427775,0.988831
54184,-3.824265,1.781812
54185,-3.779838,1.826239
54186,-3.650504,1.955573
54187,-3.484462,1.623490
54188,-2.518736,1.074730
54189,-0.563340,0.698220
54190,1.833815,0.730682
54191,-2.835050,1.320914
54192,-1.955475,-0.826239
54193,-2.605388,-0.134659
54194,-1.858780,0.142820
54195,-1.668109,-1.400969
54196,-0.801039,-1.488831
54197,-1.906779,-0.535628
54198,-3.822291,1.911146
54199,-1.270918,0.730682
54200,-3.563623,1.781812
54201,-3.656250,1.579063
54202,-3.484462,1.623490
54203,-2.835050,1.320914
54204,-3.822291,1.911146
54205,-3.650504,1.955573
54206,-3.152379,1.955573
54207,-3.153395,0.440071
54208,-1.207436,0.603718
54209,-1.116526,0.733052
54210,-3.652478,1.826239
54211,-2.874250,1.652478
54212,-3.158125,1.579063
54213,-1.944528,-1.977662
54214,-2.711958,1.074730
54215,-1.977662,0.988831
54216,-3.866718,2.000000
54217,-1.933731,0.900969
54218,-3.779838,1.826239
54219,-3.246980,1.623490
54220,-3.088468,0.698220
54221,-2.899457,1.449729
54222,-0.650969,0.099031
54223,-0.500689,-0.365341
54224,-1.849772,0.733052
54225,-3.822291,1.911146
54226,-2.334986,1.579063
54227,-3.333174,1.320914
54228,-3.911146,1.955573
54229,-3.652478,1.826239
54230,-3.152379,1.955573
54231,-3.652478,1.826239
54232,-2.598822,-0.147791
54233,-3.652478,1.826239
54234,3.268041,-1.634021
54235,-2.349870,0.603718
54236,-1.475625,-0.623490
54237,-3.650504,1.955573
54238,-3.427775,0.988831
54239,-3.324167,1.911146
54240,-1.396440,0.698220
54241,-2.311457,-0.722521
54242,-1.965750,-1.801938
54243,0.196183,0.440071
54244,-0.207271,1.246980
54245,-2.711958,1.074730
54246,-2.826042,1.911146
54247,-2.793116,1.623490
54248,1.460838,0.777479
54249,1.157242,-1.211352
54250,-0.072451,-0.134659
54251,-1.624178,-1.488831
54252,-1.154522,0.988831
54253,-1.703282,0.440071
54254,-2.144490,0.326239
54255,-3.324167,1.911146
54256,-1.833963,0.093187
54257,-3.304955,1.652478
54258,-2.641828,1.320914
54259,-2.872277,1.781812
54260,-3.824265,1.781812
54261,-1.668109,-1.400969
54262,0.175093,0.093187
54263,-1.955475,-0.826239
54264,-1.574293,-1.721883
54265,-0.834695,-0.425270
54266,-2.541119,0.733052
54267,-1.406715,-0.277479
54268,-0.854474,-0.623490
54269,-1.858780,0.142820
54270,-0.298846,-0.722521
54271,-2.011910,1.320914
54272,-3.822291,1.911146
54273,-4.000000,2.000000
54274,-3.304955,1.652478
54275,-3.158125,1.579063
54276,-2.711958,1.074730
54277,-2.859464,-0.147791
54278,-3.095692,1.320914
54279,-2.261572,-0.955573
54280,0.504443,0.326239
54281,-2.810768,0.142820
54282,0.872832,0.733052
54283,-0.065885,-0.147791
54284,-2.635719,0.400969
54285,-3.824265,1.781812
54286,-2.835050,1.320914
54287,-2.696708,1.652478
54288,-3.694931,1.911146
54289,-3.484462,1.623490
54290,-3.911146,1.955573
54291,-2.163198,1.623490
54292,-0.842470,-1.889800
54293,-2.136480,0.698220
54294,-2.711958,1.074730
54295,-3.955573,1.911146
54296,-3.650504,1.955573
54297,-1.717979,0.733052
54298,-3.065499,1.781812
54299,-3.658223,1.449729
54300,-1.681370,1.030303
54301,-2.149460,1.074730
54302,-2.938128,0.142820
54303,-3.167133,0.988831
54304,-2.899457,1.449729
54305,-3.065499,1.781812
54306,-0.764573,0.326239
54307,-0.700386,1.030303
54308,-3.333174,1.320914
54309,-3.246980,1.623490
54310,-1.593993,0.988831
54311,-3.161387,1.365341
54312,-1.474108,-1.400969
54313,-1.420728,1.030303
54314,-1.262697,0.326239
54315,-3.478716,2.000000
54316,-3.304955,1.652478
54317,-2.316833,-1.233052
54318,-3.650504,1.955573
54319,-3.779838,1.826239
54320,-3.779838,1.826239
54321,-2.711958,1.074730
54322,-1.727818,-1.889800
54323,-3.158125,1.579063
54324,-3.822291,1.911146
54325,-3.246980,1.623490
54326,-1.965750,-1.801938
54327,-2.302521,1.030303
54328,-3.123202,0.900969
54329,-2.938128,0.142820
54330,-3.779838,1.826239
54331,-3.397582,1.449729
54332,-3.281713,1.826239
54333,-2.635719,0.400969
54334,-3.152379,1.955573
54335,-2.859464,-0.147791
54336,-0.578811,-0.162592
54337,-2.730682,1.365341
54338,-2.780575,0.603718
54339,-2.526723,-0.425270
54340,-2.235810,0.730682
54341,-3.528889,1.579063
54342,-2.644197,-0.445042
54343,-3.434289,1.911146
54344,-3.333174,1.320914
54345,-3.528889,1.579063
54346,-1.845869,0.988831
54347,-1.557314,-0.109562
54348,-2.899457,1.449729
54349,-3.563623,1.781812
54350,-2.235810,0.730682
54351,-3.563623,1.781812
54352,-3.434289,1.911146
54353,-3.528889,1.579063
54354,-1.695108,1.579063
54355,-2.038874,-1.400969
54356,-3.528889,1.579063
54357,-2.259209,0.777479
54358,-2.541119,0.733052
54359,-2.011910,1.320914
54360,-3.102206,1.246980
54361,-2.793116,1.623490
54362,-1.384971,1.449729
54363,-3.563623,1.781812
54364,-1.652210,-0.658322
54365,-2.440004,0.142820
54366,-2.899457,1.449729
54367,-3.427775,0.988831
54368,-3.824265,1.781812
54369,-3.281713,1.826239
54370,-3.268248,1.579063
54371,-3.694931,1.911146
54372,-2.892753,0.440071
54373,-3.911146,1.955573
54374,-3.528889,1.579063
54375,-2.835050,1.320914
54376,-3.955573,1.911146
54377,-3.694931,1.911146
54378,-3.326140,1.781812
54379,-3.658223,1.449729
54380,-2.938128,0.142820
54381,-2.051596,1.911146
54382,-1.978716,-1.000000
54383,0.646711,-1.721883
54384,-0.586211,-0.147791
54385,-2.430339,0.123490
54386,-2.572099,-0.722521
54387,-3.161387,1.365341
54388,-3.326140,1.781812
54389,-3.153395,0.440071
54390,-3.167133,0.988831
54391,-2.641828,1.320914
54392,-3.656250,1.579063
54393,-3.123202,0.900969
54394,-1.127350,1.826239
54395,-1.032469,0.698220
54396,-3.065499,1.781812
54397,-1.207436,0.603718
54398,-3.650504,1.955573
54399,-3.656250,1.579063
54400,-0.939778,-1.211352
54401,-3.563623,1.781812
54402,-2.440004,0.142820
54403,-2.730682,1.365341
54404,-1.978621,0.733052
54405,-2.641828,1.320914
54406,-2.899457,1.449729
54407,-3.822291,1.911146
54408,-3.326140,1.781812
54409,-3.563623,1.781812
54410,-2.872277,1.781812
54411,-2.430339,0.123490
54412,-0.652478,0.326239
54413,-3.650504,1.955573
54414,-2.051596,1.911146
54415,-2.099031,-1.801938
54416,-1.330319,-0.914101
54417,-1.229693,-1.889800
54418,-1.833963,0.093187
54419,-2.844057,0.730682
54420,-2.700489,1.826239
54421,-3.822291,1.911146
54422,-2.892753,0.440071
54423,-3.326140,1.781812
54424,-3.822291,1.911146
54425,-2.311457,-0.722521
54426,-3.955573,1.911146
54427,-2.374152,1.781812
54428,-3.623490,1.246980
54429,-3.528889,1.579063
54430,-2.394628,0.440071
54431,-3.528889,1.579063
54432,-2.859464,-0.147791
54433,-2.526723,-0.425270
54434,-3.563623,1.781812
54435,-3.246980,1.623490
54436,-2.837543,1.579063
54437,-2.015156,0.455573
54438,-3.281713,1.826239
54439,-3.051264,1.365341
54440,-2.371693,1.652478
54441,-0.563340,0.698220
54442,-0.001379,-0.367711
54443,-2.835050,1.320914
54444,-2.347897,0.733052
54445,-2.993868,1.030303
54446,-3.397582,1.449729
54447,-3.563623,1.781812
54448,-3.434289,1.911146
54449,-2.371693,1.652478
54450,-2.605388,-0.134659
54451,-3.462508,1.191580
54452,-1.934194,0.777479
54453,-2.859464,-0.147791
54454,0.858223,-0.109562
54455,-1.801938,0.900969
54456,-2.440004,0.142820
54457,-0.771367,0.222521
54458,-2.259209,0.777479
54459,-3.528889,1.579063
54460,-3.779838,1.826239
54461,-3.955573,1.911146
54462,-3.434289,1.911146
54463,-3.911146,1.955573
54464,-3.779838,1.826239
54465,-3.824265,1.781812
54466,-1.254687,0.698220
54467,-2.837543,1.579063
54468,-3.397582,1.449729
54469,-3.051264,1.365341
54470,-3.462508,1.191580
54471,-1.466104,0.733052
54472,-3.650504,1.955573
54473,-3.484462,1.623490
54474,-3.658223,1.449729
54475,-3.955573,1.911146
54476,-3.232059,0.730682
54477,-2.343556,-0.658322
54478,-2.060606,1.030303
54479,-3.478716,2.000000
54480,-3.152379,1.955573
54481,-3.656250,1.579063
54482,-3.095692,1.320914
54483,-2.872277,1.781812
54484,-2.493959,1.246980
54485,-3.158125,1.579063
54486,-1.198511,1.030303
54487,-3.484462,1.623490
54488,-3.324167,1.911146
54489,-3.822291,1.911146
54490,-3.563623,1.781812
54491,-1.396440,0.698220
54492,-2.700489,1.826239
54493,-3.304955,1.652478
54494,-2.700489,1.826239
54495,-2.885719,0.900969
54496,-2.669008,0.988831
54497,-2.272552,1.320914
54498,-1.280886,-1.400969
54499,-3.158125,1.579063
54500,-1.074632,0.054604
54501,-3.652478,1.826239
54502,-3.427775,0.988831
54503,-2.598822,-0.147791
54504,-3.911146,1.955573
54505,-3.652478,1.826239
54506,-3.826239,1.652478
54507,-2.717704,0.698220
54508,-3.365341,0.730682
54509,-2.706235,1.449729
54510,-1.248319,-1.466104
54511,-1.926590,-0.109562
54512,-3.779838,1.826239
54513,-2.964384,1.191580
54514,-2.461033,1.955573
54515,-2.388932,-0.955573
54516,-2.466259,1.191580
54517,-2.228125,1.365341
54518,-3.650504,1.955573
54519,-3.484462,1.623490
54520,-2.899457,1.449729
54521,-2.065597,-0.826239
54522,-2.899457,1.449729
54523,-3.051264,1.365341
54524,-1.072099,0.777479
54525,-3.152379,1.955573
54526,-1.284124,-0.134659
54527,-3.822291,1.911146
54528,-3.065499,1.781812
54529,-3.246980,1.623490
54530,-3.822291,1.911146
54531,-3.304955,1.652478
54532,-4.000000,2.000000
54533,-3.656250,1.579063
54534,-2.730682,1.365341
54535,-2.176109,0.777479
54536,-3.822291,1.911146
54537,-2.383160,1.191580
54538,-3.324167,1.911146
54539,-1.309583,-0.955573
54540,-1.475625,-0.623490
54541,-2.711958,1.074730
54542,-2.874250,1.652478
54543,-3.656250,1.579063
54544,-1.864156,-0.367711
54545,-3.335148,1.191580
54546,-2.859464,-0.147791
54547,-3.335148,1.191580
54548,-3.304955,1.652478
54549,-3.335148,1.191580
54550,-2.883745,1.030303
54551,0.174686,0.054604
54552,-1.370469,-1.000000
54553,-2.168944,1.246980
54554,-2.717704,0.698220
54555,-2.899457,1.449729
54556,-3.152379,1.955573
54557,-3.158125,1.579063
54558,-1.370469,-1.000000
54559,-3.911146,1.955573
54560,-3.158125,1.579063
54561,-3.652478,1.826239
54562,-2.242359,1.781812
54563,-1.314088,-0.074730
54564,-2.272552,1.320914
54565,-1.858780,0.142820
54566,-2.349870,0.603718
54567,-1.713557,-0.535628
54568,-1.200484,0.900969
54569,-0.533896,0.266948
54570,-1.690819,-1.488831
54571,-1.977662,0.988831
54572,-2.641828,1.320914
54573,-3.281713,1.826239
54574,-3.397582,1.449729
54575,-3.824265,1.781812
54576,-3.563623,1.781812
54577,-0.494415,-1.977662
54578,-1.813332,-0.722521
54579,-2.242359,1.781812
54580,-3.326140,1.781812
54581,-3.822291,1.911146
54582,-3.335148,1.191580
54583,-1.922262,1.652478
54584,-3.158125,1.579063
54585,-2.993868,1.030303
54586,-3.123202,0.900969
54587,-1.507653,-1.721883
54588,0.854009,0.266948
54589,-0.024843,0.149460
54590,-3.324167,1.911146
54591,-3.158125,1.579063
54592,-1.574293,-1.721883
54593,-3.528889,1.579063
54594,-3.563623,1.781812
54595,-3.658223,1.449729
54596,-2.837543,1.579063
54597,-3.650504,1.955573
54598,-2.964384,1.191580
54599,-2.859464,-0.147791
54600,-3.779838,1.826239
54601,-3.246980,1.623490
54602,-3.152379,1.955573
54603,-3.484462,1.623490
54604,-3.779838,1.826239
54605,-2.337712,0.326239
54606,-2.343556,-0.658322
54607,-2.371693,1.652478
54608,-1.960449,1.826239
54609,-3.065499,1.781812
54610,-1.168783,-0.365341
54611,-1.836861,1.579063
54612,-2.885719,0.900969
54613,-3.478716,2.000000
54614,-3.478716,2.000000
54615,-2.100697,-0.147791
54616,-1.849772,0.733052
54617,-3.215828,0.698220
54618,-3.826239,1.652478
54619,-2.873202,0.400969
54620,-3.656250,1.579063
54621,-0.702281,0.603718
54622,0.057142,-0.147791
54623,-3.650504,1.955573
54624,-1.847313,0.603718
54625,-2.938128,0.142820
54626,-3.246980,1.623490
54627,-3.268248,1.579063
54628,-3.153395,0.440071
54629,0.216586,0.054604
54630,-0.824281,-0.162592
54631,-3.658223,1.449729
54632,-3.397582,1.449729
54633,-2.883745,1.030303
54634,-2.892753,0.440071
54635,-3.215828,0.698220
54636,-2.899457,1.449729
54637,-1.588247,1.365341
54638,-2.717704,0.698220
54639,-1.461364,0.730682
54640,-3.650504,1.955573
54641,-2.635719,0.400969
54642,-2.168944,1.246980
54643,1.038697,-1.634021
54644,-1.132335,-0.826239
54645,-2.256195,-0.445042
54646,-1.551012,1.781812
54647,-3.161387,1.365341
54648,-2.106074,-0.658322
54649,-2.149460,1.074730
54650,-1.229693,-1.889800
54651,-2.294861,-0.367711
54652,-2.777479,-0.445042
54653,-4.000000,2.000000
54654,-3.397582,1.449729
54655,-1.717979,0.733052
54656,-2.717704,0.698220
54657,-3.333174,1.320914
54658,-3.152379,1.955573
54659,-1.858780,0.142820
54660,-2.343556,-0.658322
54661,-3.194833,1.652478
54662,-1.813332,-0.722521
54663,-1.727818,-1.889800
54664,-2.316833,-1.233052
54665,-1.396440,0.698220
54666,-3.304955,1.652478
54667,-0.652478,0.326239
54668,-1.441541,-1.466104
54669,-1.133363,0.455573
54670,-2.576901,1.579063
54671,-2.742943,1.911146
54672,-3.694931,1.911146
54673,-3.397582,1.449729
54674,-3.911146,1.955573
54675,-3.650504,1.955573
54676,-2.440004,0.142820
54677,-3.397582,1.449729
54678,-2.899457,1.449729
54679,-2.141244,1.191580
54680,-3.194833,1.652478
54681,-2.899457,1.449729
54682,-3.866718,2.000000
54683,-1.574735,-0.425270
54684,-2.873202,0.400969
54685,-3.051264,1.365341
54686,-2.228125,1.365341
54687,-1.121986,-0.722521
54688,-2.259209,0.777479
54689,-3.102206,1.246980
54690,-2.141244,1.191580
54691,-2.336959,1.449729
54692,-3.152379,1.955573
54693,-2.461033,1.955573
54694,-3.694931,1.911146
54695,-3.152379,1.955573
54696,-1.648630,-0.277479
54697,-2.670453,0.603718
54698,-3.427775,0.988831
54699,-3.866718,2.000000
54700,-3.246980,1.623490
54701,-3.484462,1.623490
54702,-2.163198,1.623490
54703,-0.246980,0.123490
54704,-2.941449,0.149460
54705,-0.824281,-0.162592
54706,-3.397582,1.449729
54707,-2.810768,0.142820
54708,-1.154522,0.988831
54709,-2.810768,0.142820
54710,-2.641828,1.320914
54711,-1.489885,-1.977662
54712,-1.690819,-1.488831
54713,-1.878417,-1.721883
54714,-1.461364,0.730682
54715,-2.700489,1.826239
54716,-3.397582,1.449729
54717,-3.650504,1.955573
54718,-3.427775,0.988831
54719,-0.088566,-1.634021
54720,-1.601453,0.500000
54721,-1.210838,0.222521
54722,-2.605388,-0.134659
54723,-1.180804,0.266948
54724,-3.102206,1.246980
54725,-2.410859,1.246980
54726,-2.706235,1.449729
54727,-3.281713,1.826239
54728,-0.939778,-1.211352
54729,-1.557314,-0.109562
54730,-3.824265,1.781812
54731,-3.153395,0.440071
54732,-3.911146,1.955573
54733,-3.911146,1.955573
54734,0.131183,-0.162592
54735,-3.095692,1.320914
54736,-2.311457,-0.722521
54737,0.150276,0.142820
54738,-1.577747,-1.801938
54739,-3.397582,1.449729
54740,-3.656250,1.579063
54741,-3.650504,1.955573
54742,-3.652478,1.826239
54743,-3.167133,0.988831
54744,-1.039051,0.266948
54745,-3.652478,1.826239
54746,-3.152379,1.955573
54747,-3.484462,1.623490
54748,-0.712635,-0.074730
54749,-3.694931,1.911146
54750,-3.268248,1.579063
54751,-1.086885,-1.400969
54752,-2.430339,0.123490
54753,-0.913353,-0.365341
54754,-3.694931,1.911146
54755,-3.088468,0.698220
54756,-2.696708,1.652478
54757,-2.440004,0.142820
54758,-3.528889,1.579063
54759,-2.938128,0.142820
54760,-2.742943,1.911146
54761,-3.281713,1.826239
54762,-3.911146,1.955573
54763,-2.208111,1.449729
54764,-3.623490,1.246980
54765,-1.592048,0.093187
54766,-1.977662,0.988831
54767,-3.824265,1.781812
54768,-3.102206,1.246980
54769,-3.462508,1.191580
54770,-3.095692,1.320914
54771,-3.824265,1.781812
54772,-3.462508,1.191580
54773,-3.232059,0.730682
54774,-1.978716,-1.000000
54775,-1.375695,-1.211352
54776,-3.095692,1.320914
54777,-1.960449,1.826239
54778,-3.528889,1.579063
54779,-2.228125,1.365341
54780,-2.347897,0.733052
54781,-1.647948,-0.445042
54782,-0.487094,0.603718
54783,-3.051264,1.365341
54784,-2.553446,0.149460
54785,-2.873202,0.400969
54786,-2.899457,1.449729
54787,-3.102206,1.246980
54788,-3.095692,1.320914
54789,-1.977662,0.988831
54790,-1.420728,1.030303
54791,-3.650504,1.955573
54792,-2.011910,1.320914
54793,-3.563623,1.781812
54794,-2.235810,0.730682
54795,-3.692957,1.652478
54796,-2.540461,0.123490
54797,-3.528889,1.579063
54798,-3.563623,1.781812
54799,-3.462508,1.191580
54800,-1.384971,1.449729
54801,-0.221544,-0.535628
54802,-0.583781,0.500000
54803,-2.431855,0.900969
54804,-3.563623,1.781812
54805,-2.872277,1.781812
54806,-2.337712,0.326239
54807,-2.598822,-0.147791
54808,-0.816833,0.266948
54809,-2.563163,1.030303
54810,-2.540461,0.123490
54811,-1.890808,-0.955573
54812,0.057142,-0.147791
54813,-2.235810,0.730682
54814,-3.911146,1.955573
54815,0.238315,-0.033258
54816,-1.934194,0.777479
54817,0.194384,0.054604
54818,-3.397582,1.449729
54819,-1.344281,-0.535628
54820,-0.549693,-1.233052
54821,-0.071261,-0.658322
54822,0.106511,0.011169
54823,-2.892753,0.440071
54824,-1.762008,1.191580
54825,-2.334986,1.579063
54826,-3.652478,1.826239
54827,-0.880142,0.440071
54828,-3.484462,1.623490
54829,-3.822291,1.911146
54830,-3.826239,1.652478
54831,-0.710661,0.054604
54832,-1.133363,0.455573
54833,-3.528889,1.579063
54834,-3.462508,1.191580
54835,-3.623490,1.246980
54836,-2.793116,1.623490
54837,-3.694931,1.911146
54838,-3.194833,1.652478
54839,-3.434289,1.911146
54840,-3.866718,2.000000
54841,-3.563623,1.781812
54842,-3.563623,1.781812
54843,-3.088468,0.698220
54844,-3.246980,1.623490
54845,-1.977662,0.988831
54846,-3.167133,0.988831
54847,-2.133667,-1.466104
54848,-1.914041,-0.134659
54849,-2.349870,0.603718
54850,-3.326140,1.781812
54851,-3.563623,1.781812
54852,-2.810768,0.142820
54853,-2.336959,1.449729
54854,-2.885719,0.900969
54855,-3.490208,1.246980
54856,-3.652478,1.826239
54857,-2.810768,0.142820
54858,-3.158125,1.579063
54859,-2.394628,0.440071
54860,-3.658223,1.449729
54861,-3.658223,1.449729
54862,-3.563623,1.781812
54863,-3.650504,1.955573
54864,-0.609756,1.623490
54865,-1.955475,-0.826239
54866,-1.475625,-0.623490
54867,-1.396440,0.698220
54868,-3.152379,1.955573
54869,-3.335148,1.191580
54870,-2.883745,1.030303
54871,-1.836861,1.579063
54872,-3.652478,1.826239
54873,-2.730682,1.365341
54874,-2.874250,1.652478
54875,-3.652478,1.826239
54876,-2.383160,1.191580
54877,-0.700386,1.030303
54878,-3.152379,1.955573
54879,-1.945199,0.149460
54880,-3.484462,1.623490
54881,-1.921819,-1.889800
54882,-3.215828,0.698220
54883,-3.065499,1.781812
54884,-3.490208,1.246980
54885,-1.955475,-0.826239
54886,-3.650504,1.955573
54887,-2.717704,0.698220
54888,-3.652478,1.826239
54889,-2.605388,-0.134659
54890,-0.939778,-1.211352
54891,-1.062213,-0.074730
54892,-3.911146,1.955573
54893,-2.065597,-0.826239
54894,-1.713557,-0.535628
54895,-2.938128,0.142820
54896,-2.181855,0.400969
54897,-1.121986,-0.722521
54898,-2.964384,1.191580
54899,-1.977662,0.988831
54900,-3.694931,1.911146
54901,-2.742943,1.911146
54902,-1.394005,0.455573
54903,-3.623490,1.246980
54904,-3.326140,1.781812
54905,-3.153395,0.440071
54906,-1.733246,0.500000
54907,-3.397582,1.449729
54908,-3.911146,1.955573
54909,-2.553446,0.149460
54910,-1.574735,-0.425270
54911,-2.261572,-0.955573
54912,-1.745664,-1.466104
54913,-2.541119,0.733052
54914,-1.731816,1.652478
54915,-2.873202,0.400969
54916,-3.158125,1.579063
54917,-3.065499,1.781812
54918,-2.383160,1.191580
54919,-1.731730,-0.277479
54920,-2.100697,-0.147791
54921,1.071256,-0.535628
54922,-3.658223,1.449729
54923,-0.039708,-1.123490
54924,-3.153395,0.440071
54925,-1.384971,1.449729
54926,-1.214222,1.449729
54927,-3.427775,0.988831
54928,-2.870469,2.000000
54929,-2.228125,1.365341
54930,-1.588247,1.365341
54931,-1.132335,-0.826239
54932,-3.324167,1.911146
54933,-3.065499,1.781812
54934,-3.123202,0.900969
54935,-4.000000,2.000000
54936,-0.974766,1.579063
54937,-1.074632,0.054604
54938,0.531149,-0.658322
54939,-1.601453,0.500000
54940,-3.658223,1.449729
54941,-2.938128,0.142820
54942,-3.051264,1.365341
54943,-3.333174,1.320914
54944,-3.102206,1.246980
54945,-2.316833,-1.233052
54946,-0.061373,0.222521
54947,-1.558067,-1.233052
54948,-2.526723,-0.425270
54949,-2.670453,0.603718
54950,-2.518736,1.074730
54951,-1.801938,0.900969
54952,-3.095692,1.320914
54953,0.216102,0.011169
54954,-1.070127,-0.826239
54955,-3.822291,1.911146
54956,-3.158125,1.579063
54957,-3.153395,0.440071
54958,-2.941449,0.149460
54959,-2.780575,0.603718
54960,-2.572099,-0.722521
54961,-3.563623,1.781812
54962,-2.835050,1.320914
54963,-0.434577,-0.109562
54964,-3.065499,1.781812
54965,-1.977662,0.988831
54966,-2.109756,0.123490
54967,-2.899457,1.449729
54968,-3.563623,1.781812
54969,-3.484462,1.623490
54970,-3.528889,1.579063
54971,-2.374152,1.781812
54972,-1.960449,1.826239
54973,-1.849772,0.733052
54974,-3.153395,0.440071
54975,-3.692957,1.652478
54976,-3.462508,1.191580
54977,-3.281713,1.826239
54978,-2.696708,1.652478
54979,-2.576901,1.579063
54980,-2.526723,-0.425270
54981,-2.885719,0.900969
54982,-1.933731,0.900969
54983,-1.474108,-1.400969
54984,-1.225625,-1.123490
54985,-1.873040,-1.211352
54986,-2.872277,1.781812
54987,-3.304955,1.652478
54988,-3.656250,1.579063
54989,-3.490208,1.246980
54990,-2.810768,0.142820
54991,-3.652478,1.826239
54992,-2.100697,-0.147791
54993,-3.650504,1.955573
54994,-3.490208,1.246980
54995,-3.304955,1.652478
54996,-2.717704,0.698220
54997,-1.636943,1.074730
54998,-3.656250,1.579063
54999,-2.461033,1.955573
55000,-3.158125,1.579063
55001,-2.883745,1.030303
55002,-0.544316,-0.722521
55003,-2.015156,0.455573
55004,-3.051264,1.365341
55005,-2.635719,0.400969
55006,-3.658223,1.449729
55007,-2.563163,1.030303
55008,-2.899457,1.449729
55009,-1.801938,0.900969
55010,-2.837543,1.579063
55011,-3.051264,1.365341
55012,-1.977662,0.988831
55013,-2.870469,2.000000
55014,-0.689843,0.400969
55015,-2.500000,-1.000000
55016,-2.576901,1.579063
55017,-3.434289,1.911146
55018,-2.149460,1.074730
55019,-2.228125,1.365341
55020,-2.885719,0.900969
55021,-2.109756,0.123490
55022,-3.434289,1.911146
55023,-3.824265,1.781812
55024,-2.872277,1.781812
55025,-1.169803,1.911146
55026,-3.650504,1.955573
55027,-2.669008,0.988831
55028,-2.235810,0.730682
55029,-2.518736,1.074730
55030,-3.434289,1.911146
55031,-2.635719,0.400969
55032,-2.184738,-0.367711
55033,-3.427775,0.988831
55034,-3.232059,0.730682
55035,-2.440004,0.142820
55036,-3.650504,1.955573
55037,-3.650504,1.955573
55038,0.016102,0.455573
55039,-2.576901,1.579063
55040,-2.576901,1.579063
55041,-3.427775,0.988831
55042,-2.553446,0.149460
55043,-2.133667,-1.466104
55044,-1.357582,-1.634021
55045,-1.811776,-1.721883
55046,-2.060606,1.030303
55047,-2.311457,-0.722521
55048,-2.885719,0.900969
55049,-3.158125,1.579063
55050,-2.163198,1.623490
55051,-2.635719,0.400969
55052,-3.324167,1.911146
55053,-3.335148,1.191580
55054,-3.161387,1.365341
55055,-3.304955,1.652478
55056,-3.324167,1.911146
55057,-3.333174,1.320914
55058,-4.000000,2.000000
55059,-3.123202,0.900969
55060,-1.607199,0.123490
55061,-3.158125,1.579063
55062,-3.656250,1.579063
55063,-1.207436,0.603718
55064,-3.065499,1.781812
55065,-2.343556,-0.658322
55066,-3.304955,1.652478
55067,-3.365341,0.730682
55068,-3.397582,1.449729
55069,-2.106074,-0.658322
55070,-1.914041,-0.134659
55071,-3.490208,1.246980
55072,-2.208111,1.449729
55073,-3.304955,1.652478
55074,-3.650504,1.955573
55075,-3.824265,1.781812
55076,-3.652478,1.826239
55077,-2.272552,1.320914
55078,-2.294861,-0.367711
55079,-0.855884,0.733052
55080,-0.158676,1.652478
55081,-1.955475,-0.826239
55082,-2.700489,1.826239
55083,-3.478716,2.000000
55084,-3.478716,2.000000
55085,-3.652478,1.826239
55086,-1.132335,-0.826239
55087,-1.762918,-1.211352
55088,-1.406715,-0.277479
55089,-3.153395,0.440071
55090,-3.563623,1.781812
55091,-2.541119,0.733052
55092,-2.518736,1.074730
55093,-3.123202,0.900969
55094,-3.152379,1.955573
55095,-1.026723,1.074730
55096,-1.588247,1.365341
55097,-3.158125,1.579063
55098,-3.822291,1.911146
55099,-3.652478,1.826239
55100,-3.563623,1.781812
55101,-3.824265,1.781812
55102,-3.822291,1.911146
55103,-4.000000,2.000000
55104,-3.335148,1.191580
55105,-3.822291,1.911146
55106,-0.710661,0.054604
55107,-0.938334,-0.826239
55108,-1.507653,-1.721883
55109,-1.507653,-1.721883
55110,-1.988459,-1.889800
55111,-2.155959,-0.425270
55112,-1.717979,0.733052
55113,-3.824265,1.781812
55114,-2.835050,1.320914
55115,1.183359,0.500000
55116,-1.062213,-0.074730
55117,-3.692957,1.652478
55118,-3.563623,1.781812
55119,-3.692957,1.652478
55120,-3.692957,1.652478
55121,-0.983709,-1.123490
55122,-3.074730,0.149460
55123,-3.911146,1.955573
55124,-3.563623,1.781812
55125,-3.694931,1.911146
55126,-2.110972,-1.123490
55127,-1.594507,0.222521
55128,-1.524320,-0.914101
55129,-2.316833,-1.233052
55130,-2.367905,-0.134659
55131,-3.268248,1.579063
55132,-3.462508,1.191580
55133,-3.167133,0.988831
55134,-2.038874,-1.400969
55135,-2.208111,1.449729
55136,-2.141244,1.191580
55137,-3.563623,1.781812
55138,-3.232059,0.730682
55139,-3.065499,1.781812
55140,-2.670453,0.603718
55141,-1.965750,-1.801938
55142,-3.167133,0.988831
55143,-3.194833,1.652478
55144,-3.911146,1.955573
55145,-2.553446,0.149460
55146,-1.977662,0.988831
55147,-2.553446,0.149460
55148,-2.835050,1.320914
55149,-3.281713,1.826239
55150,-2.670453,0.603718
55151,-3.434289,1.911146
55152,-2.711958,1.074730
55153,-2.670453,0.603718
55154,-1.244415,0.988831
55155,-2.119812,-0.109562
55156,-3.158125,1.579063
55157,-3.652478,1.826239
55158,-2.835050,1.320914
55159,-0.821489,0.440071
55160,-3.427775,0.988831
55161,-2.859464,-0.147791
55162,-1.116526,0.733052
55163,-2.717704,0.698220
55164,-2.717704,0.698220
55165,-3.215828,0.698220
55166,-2.700489,1.826239
55167,-2.598822,-0.147791
55168,-2.176109,0.777479
55169,-2.518736,1.074730
55170,-2.430339,0.123490
55171,-3.335148,1.191580
55172,-2.826042,1.911146
55173,-2.002903,1.911146
55174,-2.337712,0.326239
55175,-2.883745,1.030303
55176,-3.822291,1.911146
55177,-3.652478,1.826239
55178,-2.826042,1.911146
55179,-2.337712,0.326239
55180,-1.492359,1.781812
55181,-3.563623,1.781812
55182,-2.899457,1.449729
55183,-3.563623,1.781812
55184,-2.518736,1.074730
55185,-3.153395,0.440071
55186,-3.158125,1.579063
55187,-1.149815,1.320914
55188,-0.855884,0.733052
55189,-0.520157,-0.162592
55190,-3.158125,1.579063
55191,-1.461364,0.730682
55192,-2.669008,0.988831
55193,-3.824265,1.781812
55194,-3.335148,1.191580
55195,-2.334986,1.579063
55196,-3.652478,1.826239
55197,-3.652478,1.826239
55198,-3.427775,0.988831
55199,-3.490208,1.246980
55200,-1.022292,-0.658322
55201,-2.347897,0.733052
55202,-2.168944,1.246980
55203,-3.658223,1.449729
55204,-1.849772,0.733052
55205,-1.396440,0.698220
55206,-3.563623,1.781812
55207,-3.824265,1.781812
55208,-2.518736,1.074730
55209,-3.484462,1.623490
55210,-1.466104,0.733052
55211,-1.280886,-1.400969
55212,-0.621791,-0.955573
55213,-1.200484,0.900969
55214,-3.397582,1.449729
55215,-1.813332,-0.722521
55216,-2.383160,1.191580
55217,-3.563623,1.781812
55218,-3.304955,1.652478
55219,-3.822291,1.911146
55220,-3.123202,0.900969
55221,-3.484462,1.623490
55222,-3.324167,1.911146
55223,-2.885719,0.900969
55224,-3.824265,1.781812
55225,-3.152379,1.955573
55226,-3.158125,1.579063
55227,-1.801938,0.900969
55228,-2.780575,0.603718
55229,-2.885719,0.900969
55230,-2.874250,1.652478
55231,-3.335148,1.191580
55232,-3.324167,1.911146
55233,-3.246980,1.623490
55234,-1.014727,-0.162592
55235,0.589366,0.988831
55236,-1.303596,-1.488831
55237,-2.844057,0.730682
55238,-2.654083,-0.425270
55239,-3.158125,1.579063
55240,-2.859464,-0.147791
55241,-2.711958,1.074730
55242,-3.158125,1.579063
55243,-3.826239,1.652478
55244,-0.285640,0.142820
55245,-2.176109,0.777479
55246,-3.658223,1.449729
55247,-2.149460,1.074730
55248,-3.158125,1.579063
55249,-2.730682,1.365341
55250,-1.384971,1.449729
55251,-3.335148,1.191580
55252,-3.563623,1.781812
55253,-2.883745,1.030303
55254,-3.822291,1.911146
55255,-1.836861,1.579063
55256,-3.246980,1.623490
55257,-2.383160,1.191580
55258,-3.563623,1.781812
55259,-3.246980,1.623490
55260,-2.383160,1.191580
55261,-2.826042,1.911146
55262,-3.490208,1.246980
55263,-3.065499,1.781812
55264,-1.773241,0.455573
55265,-3.658223,1.449729
55266,-3.304955,1.652478
55267,-3.333174,1.320914
55268,-3.652478,1.826239
55269,-2.349870,0.603718
55270,-2.334986,1.579063
55271,-1.801938,0.900969
55272,-2.874250,1.652478
55273,-3.304955,1.652478
55274,-3.246980,1.623490
55275,-3.304955,1.652478
55276,-3.911146,1.955573
55277,-3.822291,1.911146
55278,-3.911146,1.955573
55279,-3.826239,1.652478
55280,-3.652478,1.826239
55281,-3.650504,1.955573
55282,-3.563623,1.781812
55283,-3.123202,0.900969
55284,-3.324167,1.911146
55285,-1.977662,0.988831
55286,-1.917063,0.093187
55287,-2.526723,-0.425270
55288,-3.563623,1.781812
55289,0.159941,0.123490
55290,-0.637763,-0.535628
55291,-3.490208,1.246980
55292,-3.427775,0.988831
55293,-2.168944,1.246980
55294,-2.872277,1.781812
55295,-3.658223,1.449729
55296,-3.333174,1.320914
55297,-1.006419,-1.211352
55298,0.531149,-0.658322
55299,-0.039708,-1.123490
55300,-2.837543,1.579063
55301,-3.824265,1.781812
55302,-3.281713,1.826239
55303,-2.235810,0.730682
55304,-3.326140,1.781812
55305,-2.015156,0.455573
55306,-0.147870,-0.074730
55307,-0.721721,-0.367711
55308,-3.824265,1.781812
55309,-1.127350,1.826239
55310,-1.349578,0.500000
55311,-2.272552,1.320914
55312,-1.207436,0.603718
55313,1.661500,1.579063
55314,-2.730682,1.365341
55315,-3.324167,1.911146
55316,-3.158125,1.579063
55317,-3.656250,1.579063
55318,-3.822291,1.911146
55319,-4.000000,2.000000
55320,-3.822291,1.911146
55321,-2.176109,0.777479
55322,-3.656250,1.579063
55323,-0.088566,-1.634021
55324,-0.861260,0.222521
55325,-2.711958,1.074730
55326,-1.507653,-1.721883
55327,-0.621791,-0.955573
55328,-3.650504,1.955573
55329,-2.872277,1.781812
55330,-2.242359,1.781812
55331,-1.314088,-0.074730
55332,-2.038874,-1.400969
55333,-1.734301,-1.488831
55334,-0.709622,0.099031
55335,-3.779838,1.826239
55336,-1.801938,0.900969
55337,-1.133363,0.455573
55338,-1.574735,-0.425270
55339,-3.623490,1.246980
55340,-3.692957,1.652478
55341,-3.095692,1.320914
55342,-3.692957,1.652478
55343,-3.528889,1.579063
55344,-1.681370,1.030303
55345,-3.563623,1.781812
55346,-3.694931,1.911146
55347,-3.326140,1.781812
55348,-2.696708,1.652478
55349,-1.349578,0.500000
55350,-0.621791,-0.955573
55351,-1.847313,0.603718
55352,-2.302521,1.030303
55353,-2.540461,0.123490
55354,-3.158125,1.579063
55355,-2.493959,1.246980
55356,-3.158125,1.579063
55357,-3.826239,1.652478
55358,-2.367905,-0.134659
55359,-2.144490,0.326239
55360,-2.235810,0.730682
55361,-3.658223,1.449729
55362,-3.281713,1.826239
55363,-1.873490,-1.123490
55364,-1.551012,1.781812
55365,-3.232059,0.730682
55366,-2.964384,1.191580
55367,-3.694931,1.911146
55368,-2.394628,0.440071
55369,-3.246980,1.623490
55370,-3.911146,1.955573
55371,-0.771367,0.222521
55372,-1.088404,-0.914101
55373,-2.605388,-0.134659
55374,-3.652478,1.826239
55375,-2.060606,1.030303
55376,-2.430339,0.123490
55377,-3.158125,1.579063
55378,-1.762008,1.191580
55379,-2.002903,1.911146
55380,-3.365341,0.730682
55381,-3.335148,1.191580
55382,-0.211190,0.142820
55383,-3.822291,1.911146
55384,-1.906779,-0.535628
55385,-1.683887,-1.977662
55386,-2.388932,-0.955573
55387,-2.541119,0.733052
55388,-3.563623,1.781812
55389,0.366703,0.099031
55390,-3.824265,1.781812
55391,-1.717542,-0.914101
55392,-1.231001,-1.634021
55393,-1.155045,-0.914101
55394,-2.116349,-1.634021
55395,-3.194833,1.652478
55396,-1.801938,0.900969
55397,-3.397582,1.449729
55398,-3.246980,1.623490
55399,-3.484462,1.623490
55400,-2.431855,0.900969
55401,-1.244415,0.988831
55402,-0.549693,-1.233052
55403,0.066516,-0.033258
55404,-3.652478,1.826239
55405,-2.541119,0.733052
55406,-3.650504,1.955573
55407,-3.822291,1.911146
55408,-2.706235,1.449729
55409,-3.656250,1.579063
55410,-2.883745,1.030303
55411,-0.447472,-0.425270
55412,-1.323809,0.455573
55413,-2.598822,-0.147791
55414,-2.116349,-1.634021
55415,-3.065499,1.781812
55416,-0.771367,0.222521
55417,-2.872277,1.781812
55418,-3.866718,2.000000
55419,-0.749532,0.698220
55420,-0.198062,0.099031
55421,-2.410859,1.246980
55422,-2.302521,1.030303
55423,-3.563623,1.781812
55424,-2.899457,1.449729
55425,-3.563623,1.781812
55426,-2.964384,1.191580
55427,-3.824265,1.781812
55428,-3.434289,1.911146
55429,-3.333174,1.320914
55430,-1.624178,-1.488831
55431,-2.383160,1.191580
55432,-2.810768,0.142820
55433,-3.822291,1.911146
55434,-0.686458,-0.826239
55435,-2.119812,-0.109562
55436,-2.500000,-1.000000
55437,-1.303596,-1.488831
55438,-2.810768,0.142820
55439,-2.654083,-0.425270
55440,-3.490208,1.246980
55441,-3.153395,0.440071
55442,-2.874250,1.652478
55443,-2.367905,-0.134659
55444,0.474785,0.326239
55445,-2.302521,1.030303
55446,-3.779838,1.826239
55447,-3.326140,1.781812
55448,-3.694931,1.911146
55449,-1.849772,0.733052
55450,-2.598822,-0.147791
55451,-2.993868,1.030303
55452,-1.719513,1.246980
55453,-2.461033,1.955573
55454,-3.281713,1.826239
55455,-1.890808,-0.955573
55456,-3.335148,1.191580
55457,-3.822291,1.911146
55458,-2.844057,0.730682
55459,-3.822291,1.911146
55460,-3.215828,0.698220
55461,-2.899457,1.449729
55462,-2.572099,-0.722521
55463,-2.885719,0.900969
55464,-2.311457,-0.722521
55465,-3.167133,0.988831
55466,-2.883745,1.030303
55467,-1.607199,0.123490
55468,-1.906779,-0.535628
55469,-1.601453,0.500000
55470,-3.123202,0.900969
55471,-3.215828,0.698220
55472,-2.810768,0.142820
55473,-0.789708,-1.123490
55474,-2.116349,-1.634021
55475,-2.730682,1.365341
55476,-3.824265,1.781812
55477,-2.844057,0.730682
55478,-3.158125,1.579063
55479,-1.601453,0.500000
55480,-1.349578,0.500000
55481,-2.149460,1.074730
55482,-0.735570,1.191580
55483,-0.643478,-0.033258
55484,-2.002903,1.911146
55485,-2.810768,0.142820
55486,-3.490208,1.246980
55487,-3.822291,1.911146
55488,-3.822291,1.911146
55489,-3.397582,1.449729
55490,-0.854474,-0.623490
55491,-1.461364,0.730682
55492,-3.652478,1.826239
55493,-2.844057,0.730682
55494,-3.824265,1.781812
55495,-3.304955,1.652478
55496,-3.123202,0.900969
55497,-2.163198,1.623490
55498,-2.844057,0.730682
55499,-1.396440,0.698220
55500,-2.793116,1.623490
55501,-1.349578,0.500000
55502,-0.322099,-0.722521
55503,-1.588247,1.365341
55504,-1.717979,0.733052
55505,-3.324167,1.911146
55506,-2.835050,1.320914
55507,-1.762008,1.191580
55508,-2.163198,1.623490
55509,-3.335148,1.191580
55510,-3.324167,1.911146
55511,-3.304955,1.652478
55512,-2.334986,1.579063
55513,-3.490208,1.246980
55514,-3.656250,1.579063
55515,-4.000000,2.000000
55516,-1.864156,-0.367711
55517,-0.801938,0.400969
55518,-0.285640,0.142820
55519,-3.822291,1.911146
55520,0.180972,-0.033258
55521,-3.652478,1.826239
55522,-3.490208,1.246980
55523,-3.563623,1.781812
55524,-2.883745,1.030303
55525,-3.161387,1.365341
55526,-2.700489,1.826239
55527,-3.304955,1.652478
55528,-2.700489,1.826239
55529,-2.844057,0.730682
55530,-3.822291,1.911146
55531,-1.624178,-1.488831
55532,-1.557314,-0.109562
55533,-3.152379,1.955573
55534,-3.281713,1.826239
55535,-2.242359,1.781812
55536,-3.694931,1.911146
55537,-0.179571,1.191580
55538,-3.281713,1.826239
55539,-2.964384,1.191580
55540,-1.262697,0.326239
55541,-3.911146,1.955573
55542,-1.960449,1.826239
55543,-1.643120,1.191580
55544,-1.574735,-0.425270
55545,-3.397582,1.449729
55546,-3.779838,1.826239
55547,-3.434289,1.911146
55548,-3.051264,1.365341
55549,-3.333174,1.320914
55550,-3.232059,0.730682
55551,-2.141244,1.191580
55552,-2.576901,1.579063
55553,-3.434289,1.911146
55554,-3.281713,1.826239
55555,-2.706235,1.449729
55556,-0.202183,0.733052
55557,-2.366718,-1.000000
55558,-3.563623,1.781812
55559,-3.051264,1.365341
55560,-2.711958,1.074730
55561,0.050576,-0.134659
55562,-1.847313,0.603718
55563,-2.038874,-1.400969
55564,-2.793116,1.623490
55565,-2.119812,-0.109562
55566,0.420083,1.030303
55567,-2.892753,0.440071
55568,-2.742943,1.911146
55569,-2.870469,2.000000
55570,-2.302521,1.030303
55571,-2.374152,1.781812
55572,-2.208111,1.449729
55573,-2.885719,0.900969
55574,-0.938334,-0.826239
55575,-0.686458,-0.826239
55576,-1.409351,-0.147791
55577,-3.911146,1.955573
55578,-3.911146,1.955573
55579,-2.706235,1.449729
55580,-2.872277,1.781812
55581,-2.060606,1.030303
55582,-2.261572,-0.955573
55583,-2.518736,1.074730
55584,-1.801938,0.900969
55585,-3.658223,1.449729
55586,-2.700489,1.826239
55587,-1.116526,0.733052
55588,-2.311457,-0.722521
55589,-3.167133,0.988831
55590,-2.100697,-0.147791
55591,-3.427775,0.988831
55592,-1.137418,-1.466104
55593,-1.022292,-0.658322
55594,-3.246980,1.623490
55595,-3.528889,1.579063
55596,-3.051264,1.365341
55597,-3.528889,1.579063
55598,-3.692957,1.652478
55599,-2.540461,0.123490
55600,-2.343556,-0.658322
55601,-3.779838,1.826239
55602,-2.394628,0.440071
55603,-3.462508,1.191580
55604,-1.978621,0.733052
55605,-3.281713,1.826239
55606,-3.955573,1.911146
55607,-3.462508,1.191580
55608,-2.242359,1.781812
55609,-3.528889,1.579063
55610,-3.911146,1.955573
55611,-3.528889,1.579063
55612,-3.102206,1.246980
55613,-2.837543,1.579063
55614,-2.518736,1.074730
55615,-3.824265,1.781812
55616,-2.711958,1.074730
55617,-3.281713,1.826239
55618,-3.563623,1.781812
55619,-2.598822,-0.147791
55620,-2.605388,-0.134659
55621,-2.388932,-0.955573
55622,-0.712714,0.222521
55623,-2.553446,0.149460
55624,-3.232059,0.730682
55625,-2.837543,1.579063
55626,-3.484462,1.623490
55627,-3.650504,1.955573
55628,-3.563623,1.781812
55629,-3.866718,2.000000
55630,-2.859464,-0.147791
55631,-1.475625,-0.623490
55632,0.432848,-0.033258
55633,-2.730682,1.365341
55634,-1.978621,0.733052
55635,-3.161387,1.365341
55636,-3.563623,1.781812
55637,-1.475625,-0.623490
55638,-3.822291,1.911146
55639,-3.158125,1.579063
55640,-1.733246,0.500000
55641,-1.171501,-0.623490
55642,-2.835050,1.320914
55643,-3.478716,2.000000
55644,-3.652478,1.826239
55645,-3.652478,1.826239
55646,-3.652478,1.826239
55647,-3.490208,1.246980
55648,-3.658223,1.449729
55649,-3.153395,0.440071
55650,-1.794458,-1.889800
55651,-3.656250,1.579063
55652,-2.872277,1.781812
55653,-3.490208,1.246980
55654,-2.777479,-0.445042
55655,-1.014727,-0.162592
55656,-1.185762,-1.977662
55657,-2.706235,1.449729
55658,-1.466104,0.733052
55659,-3.658223,1.449729
55660,-1.836861,1.579063
55661,-3.650504,1.955573
55662,-3.123202,0.900969
55663,-3.158125,1.579063
55664,-2.899457,1.449729
55665,-2.941449,0.149460
55666,-3.822291,1.911146
55667,-2.730682,1.365341
55668,-2.899457,1.449729
55669,-2.261572,-0.955573
55670,-1.890808,-0.955573
55671,-1.978716,-1.000000
55672,-1.185762,-1.977662
55673,-1.794458,-1.889800
55674,-2.938128,0.142820
55675,-2.669008,0.988831
55676,-1.634892,-0.826239
55677,-0.000610,-0.162592
55678,1.170153,-0.365341
55679,-3.152379,1.955573
55680,-2.669008,0.988831
55681,-3.095692,1.320914
55682,-2.576901,1.579063
55683,-2.208111,1.449729
55684,-1.978716,-1.000000
55685,-3.427775,0.988831
55686,-2.964384,1.191580
55687,-3.866718,2.000000
55688,-3.152379,1.955573
55689,-0.087490,0.011169
55690,-3.102206,1.246980
55691,-2.144490,0.326239
55692,-3.484462,1.623490
55693,-3.051264,1.365341
55694,-3.427775,0.988831
55695,-1.574735,-0.425270
55696,-2.641828,1.320914
55697,-0.275215,1.826239
55698,-2.005777,-1.721883
55699,-1.475625,-0.623490
55700,-3.658223,1.449729
55701,-2.060606,1.030303
55702,-1.132335,-0.826239
55703,-3.161387,1.365341
55704,-2.334986,1.579063
55705,-2.316833,-1.233052
55706,-3.911146,1.955573
55707,-3.095692,1.320914
55708,-1.760035,1.320914
55709,-2.060606,1.030303
55710,-3.304955,1.652478
55711,-1.262697,0.326239
55712,-2.266948,-1.466104
55713,-2.155959,-0.425270
55714,-1.280886,-1.400969
55715,-2.256195,-0.445042
55716,-2.899457,1.449729
55717,-3.656250,1.579063
55718,-3.652478,1.826239
55719,-1.601453,0.500000
55720,-2.336959,1.449729
55721,-1.554958,0.777479
55722,-2.859464,-0.147791
55723,-3.152379,1.955573
55724,-1.922262,1.652478
55725,-3.158125,1.579063
55726,-3.826239,1.652478
55727,-1.088404,-0.914101
55728,-1.170844,-1.233052
55729,0.735422,-0.367711
55730,-0.652478,0.326239
55731,-2.669008,0.988831
55732,-2.844057,0.730682
55733,-3.167133,0.988831
55734,-3.158125,1.579063
55735,-1.492359,1.781812
55736,-3.490208,1.246980
55737,-1.039051,0.266948
55738,-3.656250,1.579063
55739,-2.717704,0.698220
55740,-3.123202,0.900969
55741,-3.490208,1.246980
55742,-2.706235,1.449729
55743,-3.478716,2.000000
55744,-1.127350,1.826239
55745,-2.873202,0.400969
55746,-0.607038,-1.488831
55747,-0.866720,-1.233052
55748,0.588389,0.099031
55749,-3.326140,1.781812
55750,-2.899457,1.449729
55751,-3.281713,1.826239
55752,-3.694931,1.911146
55753,-3.088468,0.698220
55754,-3.779838,1.826239
55755,-2.899457,1.449729
55756,-1.960449,1.826239
55757,-3.650504,1.955573
55758,-2.184738,-0.367711
55759,-0.299901,-1.211352
55760,-1.601453,0.500000
55761,-2.349870,0.603718
55762,-2.106074,-0.658322
55763,-2.155959,-0.425270
55764,-2.541119,0.733052
55765,-2.266948,-1.466104
55766,-3.462508,1.191580
55767,-3.658223,1.449729
55768,-0.709394,0.440071
55769,-1.977662,0.988831
55770,-3.123202,0.900969
55771,-2.440004,0.142820
55772,-1.593993,0.988831
55773,-3.779838,1.826239
55774,-3.779838,1.826239
55775,-2.149460,1.074730
55776,-2.572099,-0.722521
55777,-3.281713,1.826239
55778,-3.824265,1.781812
55779,-3.692957,1.652478
55780,-3.281713,1.826239
55781,-2.670453,0.603718
55782,-2.885719,0.900969
55783,-1.557314,-0.109562
55784,-3.167133,0.988831
55785,-3.427775,0.988831
55786,-3.563623,1.781812
55787,-3.397582,1.449729
55788,-2.144490,0.326239
55789,-3.333174,1.320914
55790,0.823974,0.222521
55791,-2.859464,-0.147791
55792,-3.694931,1.911146
55793,-3.911146,1.955573
55794,-3.563623,1.781812
55795,-3.153395,0.440071
55796,-3.563623,1.781812
55797,-2.541119,0.733052
55798,-3.281713,1.826239
55799,-1.308725,-1.123490
55800,-0.146901,-0.134659
55801,-2.431855,0.900969
55802,-3.484462,1.623490
55803,-2.349870,0.603718
55804,-3.490208,1.246980
55805,-1.212812,0.093187
55806,-1.731730,-0.277479
55807,-3.324167,1.911146
55808,-2.383160,1.191580
55809,-1.855707,-1.634021
55810,-2.394628,0.440071
55811,-2.964384,1.191580
55812,-2.119812,-0.109562
55813,-2.696708,1.652478
55814,-2.302521,1.030303
55815,-3.623490,1.246980
55816,-3.268248,1.579063
55817,-3.246980,1.623490
55818,-2.388932,-0.955573
55819,-3.074730,0.149460
55820,-1.574735,-0.425270
55821,-1.574735,-0.425270
55822,-2.336959,1.449729
55823,-3.528889,1.579063
55824,-3.152379,1.955573
55825,-3.434289,1.911146
55826,-2.837543,1.579063
55827,-2.837543,1.579063
55828,-3.694931,1.911146
55829,-3.563623,1.781812
55830,-3.528889,1.579063
55831,-3.051264,1.365341
55832,-0.718169,-0.658322
55833,-1.039708,-0.623490
55834,-1.906779,-0.535628
55835,-3.167133,0.988831
55836,-2.859464,-0.147791
55837,-2.810768,0.142820
55838,-4.000000,2.000000
55839,-3.324167,1.911146
55840,-3.065499,1.781812
55841,-3.656250,1.579063
55842,-2.374152,1.781812
55843,-0.583781,0.500000
55844,-3.822291,1.911146
55845,-3.822291,1.911146
55846,-3.658223,1.449729
55847,-2.883745,1.030303
55848,-2.859464,-0.147791
55849,-2.899457,1.449729
55850,-2.780575,0.603718
55851,-1.396440,0.698220
55852,-3.335148,1.191580
55853,-2.899457,1.449729
55854,-2.859464,-0.147791
55855,-2.311457,-0.722521
55856,-3.911146,1.955573
55857,-1.634892,-0.826239
55858,-2.011169,-1.977662
55859,-2.605388,-0.134659
55860,-1.813332,-0.722521
55861,-3.650504,1.955573
55862,-1.594507,0.222521
55863,-2.208111,1.449729
55864,-2.873202,0.400969
55865,-2.334986,1.579063
55866,-2.899457,1.449729
55867,-3.490208,1.246980
55868,-3.153395,0.440071
55869,-2.334986,1.579063
55870,-1.601453,0.500000
55871,-1.551012,1.781812
55872,-2.541119,0.733052
55873,-2.730682,1.365341
55874,-1.466104,0.733052
55875,-2.883745,1.030303
55876,-3.484462,1.623490
55877,-2.242359,1.781812
55878,-2.605388,-0.134659
55879,-3.478716,2.000000
55880,-2.810768,0.142820
55881,-2.106074,-0.658322
55882,-2.941449,0.149460
55883,-3.158125,1.579063
55884,-2.461033,1.955573
55885,-0.847680,1.246980
55886,-1.588247,1.365341
55887,-1.849772,0.733052
55888,-2.374152,1.781812
55889,-0.382320,0.988831
55890,-0.445042,0.222521
55891,-2.964384,1.191580
55892,-3.824265,1.781812
55893,-1.262697,0.326239
55894,-3.232059,0.730682
55895,-1.762918,-1.211352
55896,-3.462508,1.191580
55897,-3.333174,1.320914
55898,-3.484462,1.623490
55899,-2.696708,1.652478
55900,-3.246980,1.623490
55901,-2.371693,1.652478
55902,-3.779838,1.826239
55903,-2.711958,1.074730
55904,-1.180804,0.266948
55905,-3.326140,1.781812
55906,-2.347897,0.733052
55907,-3.824265,1.781812
55908,-2.993868,1.030303
55909,-2.641828,1.320914
55910,-1.279149,1.191580
55911,-3.434289,1.911146
55912,-3.434289,1.911146
55913,-3.095692,1.320914
55914,-1.789708,1.246980
55915,-3.528889,1.579063
55916,-2.302521,1.030303
55917,-2.259209,0.777479
55918,-3.779838,1.826239
55919,-3.563623,1.781812
55920,-3.528889,1.579063
55921,-2.696708,1.652478
55922,-3.779838,1.826239
55923,-2.899457,1.449729
55924,-1.558067,-1.233052
55925,-2.518736,1.074730
55926,-3.152379,1.955573
55927,-2.938128,0.142820
55928,-1.775215,0.326239
55929,-2.526723,-0.425270
55930,-3.692957,1.652478
55931,-3.694931,1.911146
55932,-3.194833,1.652478
55933,-2.899457,1.449729
55934,-3.563623,1.781812
55935,-3.333174,1.320914
55936,-2.777479,-0.445042
55937,-2.717704,0.698220
55938,-3.246980,1.623490
55939,-2.892753,0.440071
55940,-2.116349,-1.634021
55941,-3.563623,1.781812
55942,-3.652478,1.826239
55943,-2.176109,0.777479
55944,-3.822291,1.911146
55945,-2.873202,0.400969
55946,-1.978621,0.733052
55947,-3.051264,1.365341
55948,-3.563623,1.781812
55949,-3.246980,1.623490
55950,-2.870469,2.000000
55951,-2.837543,1.579063
55952,-3.528889,1.579063
55953,-3.779838,1.826239
55954,-2.793116,1.623490
55955,-3.102206,1.246980
55956,-1.574735,-0.425270
55957,-1.558067,-1.233052
55958,-2.576901,1.579063
55959,-3.658223,1.449729
55960,-2.553446,0.149460
55961,-1.121986,-0.722521
55962,-0.399093,-1.400969
55963,-3.658223,1.449729
55964,-3.158125,1.579063
55965,-3.824265,1.781812
55966,-3.652478,1.826239
55967,-3.484462,1.623490
55968,-3.824265,1.781812
55969,-2.110972,-1.123490
55970,-2.844057,0.730682
55971,-3.158125,1.579063
55972,-2.874250,1.652478
55973,-3.824265,1.781812
55974,-3.822291,1.911146
55975,-2.208111,1.449729
55976,-3.490208,1.246980
55977,-3.650504,1.955573
55978,-0.111339,-0.147791
55979,-3.484462,1.623490
55980,-3.650504,1.955573
55981,-3.692957,1.652478
55982,-3.281713,1.826239
55983,-2.133667,-1.466104
55984,-3.658223,1.449729
55985,-3.123202,0.900969
55986,-2.670453,0.603718
55987,-3.528889,1.579063
55988,-3.397582,1.449729
55989,0.556688,1.365341
55990,-3.563623,1.781812
55991,-1.643120,1.191580
55992,-3.333174,1.320914
55993,-3.397582,1.449729
55994,-1.637893,1.955573
55995,-2.099031,-1.801938
55996,-0.816833,0.266948
55997,-2.572099,-0.722521
55998,-2.133667,-1.466104
55999,-2.116349,-1.634021
56000,-1.878417,-1.721883
56001,-2.056191,-1.233052
56002,-3.153395,0.440071
56003,-2.155959,-0.425270
56004,-1.794458,-1.889800
56005,-3.088468,0.698220
56006,-2.696708,1.652478
56007,-3.484462,1.623490
56008,-3.694931,1.911146
56009,-2.343556,-0.658322
56010,-2.011169,-1.977662
56011,-4.000000,2.000000
56012,-3.824265,1.781812
56013,-1.637893,1.955573
56014,-3.161387,1.365341
56015,-3.324167,1.911146
56016,-3.065499,1.781812
56017,-3.656250,1.579063
56018,-3.484462,1.623490
56019,-3.158125,1.579063
56020,-2.605388,-0.134659
56021,-2.461033,1.955573
56022,-1.845869,0.988831
56023,-2.700489,1.826239
56024,-3.656250,1.579063
56025,-3.324167,1.911146
56026,-3.324167,1.911146
56027,-3.911146,1.955573
56028,-1.878417,-1.721883
56029,-2.706235,1.449729
56030,-2.367905,-0.134659
56031,-2.717704,0.698220
56032,-2.334986,1.579063
56033,-1.396440,0.698220
56034,-3.652478,1.826239
56035,-2.641828,1.320914
56036,-3.822291,1.911146
56037,-3.658223,1.449729
56038,-3.652478,1.826239
56039,-1.873040,-1.211352
56040,-1.133363,0.455573
56041,-3.246980,1.623490
56042,-1.420728,1.030303
56043,-3.065499,1.781812
56044,-2.184738,-0.367711
56045,-0.487094,0.603718
56046,-1.231001,-1.634021
56047,-2.337712,0.326239
56048,-2.141244,1.191580
56049,-3.563623,1.781812
56050,-3.232059,0.730682
56051,-2.466259,1.191580
56052,-3.484462,1.623490
56053,-3.528889,1.579063
56054,-3.694931,1.911146
56055,-2.272552,1.320914
56056,-3.658223,1.449729
56057,-2.870469,2.000000
56058,-2.885719,0.900969
56059,-3.563623,1.781812
56060,-2.711958,1.074730
56061,-3.692957,1.652478
56062,-3.911146,1.955573
56063,-1.934194,0.777479
56064,-2.899457,1.449729
56065,-2.347897,0.733052
56066,-1.944528,-1.977662
56067,-1.801938,0.900969
56068,-1.180804,0.266948
56069,-1.801938,0.900969
56070,-3.484462,1.623490
56071,-2.892753,0.440071
56072,-0.427724,0.054604
56073,-3.528889,1.579063
56074,-3.528889,1.579063
56075,-3.462508,1.191580
56076,-3.658223,1.449729
56077,0.038027,-0.109562
56078,0.073974,-0.445042
56079,-3.246980,1.623490
56080,-1.441541,-1.466104
56081,-3.484462,1.623490
56082,-1.634892,-0.826239
56083,-1.683887,-1.977662
56084,-1.558725,-0.623490
56085,-1.185762,-1.977662
56086,-2.874250,1.652478
56087,-3.490208,1.246980
56088,-2.541119,0.733052
56089,-3.824265,1.781812
56090,-3.484462,1.623490
56091,-3.650504,1.955573
56092,-2.336959,1.449729
56093,-3.478716,2.000000
56094,-0.834695,-0.425270
56095,-3.326140,1.781812
56096,-2.383160,1.191580
56097,-3.397582,1.449729
56098,-1.261910,1.320914
56099,-2.730682,1.365341
56100,-2.336959,1.449729
56101,-3.490208,1.246980
56102,-3.324167,1.911146
56103,-1.039051,0.266948
56104,-4.000000,2.000000
56105,-2.793116,1.623490
56106,-0.159449,-0.109562
56107,-1.683887,-1.977662
56108,-3.866718,2.000000
56109,-3.123202,0.900969
56110,-2.336959,1.449729
56111,-1.681370,1.030303
56112,-2.635719,0.400969
56113,-3.692957,1.652478
56114,-2.793116,1.623490
56115,-2.228125,1.365341
56116,-3.065499,1.781812
56117,-3.281713,1.826239
56118,-2.641828,1.320914
56119,0.279355,-0.722521
56120,-0.728444,-1.634021
56121,-3.650504,1.955573
56122,-2.730682,1.365341
56123,-2.641828,1.320914
56124,-2.700489,1.826239
56125,-2.883745,1.030303
56126,-2.461033,1.955573
56127,-3.822291,1.911146
56128,-1.731816,1.652478
56129,-2.641828,1.320914
56130,-2.394628,0.440071
56131,-2.706235,1.449729
56132,-3.650504,1.955573
56133,-2.885719,0.900969
56134,-3.911146,1.955573
56135,-2.700489,1.826239
56136,-2.383160,1.191580
56137,-3.490208,1.246980
56138,-2.780575,0.603718
56139,-3.911146,1.955573
56140,-2.311457,-0.722521
56141,-2.793116,1.623490
56142,-1.877888,-1.977662
56143,-1.988459,-1.889800
56144,-0.254431,0.733052
56145,-4.000000,2.000000
56146,-2.337712,0.326239
56147,0.127258,0.149460
56148,-1.233709,-0.623490
56149,-3.095692,1.320914
56150,-3.333174,1.320914
56151,-1.760035,1.320914
56152,-3.333174,1.320914
56153,-1.801938,0.900969
56154,-1.394005,0.455573
56155,-3.484462,1.623490
56156,-3.955573,1.911146
56157,-2.015156,0.455573
56158,-1.524320,-0.914101
56159,-1.760035,1.320914
56160,-1.394005,0.455573
56161,-0.476251,-0.367711
56162,-0.285640,0.142820
56163,-2.872277,1.781812
56164,-3.563623,1.781812
56165,-3.324167,1.911146
56166,-2.941449,0.149460
56167,-3.656250,1.579063
56168,-2.383160,1.191580
56169,-3.095692,1.320914
56170,-3.427775,0.988831
56171,-1.762008,1.191580
56172,-2.654083,-0.425270
56173,-1.214222,1.449729
56174,-3.215828,0.698220
56175,-0.299901,-1.211352
56176,-3.658223,1.449729
56177,-3.158125,1.579063
56178,-3.335148,1.191580
56179,-3.123202,0.900969
56180,-1.873040,-1.211352
56181,-2.060606,1.030303
56182,-3.161387,1.365341
56183,-3.304955,1.652478
56184,-3.304955,1.652478
56185,-2.272552,1.320914
56186,-3.153395,0.440071
56187,0.001224,0.326239
56188,-2.181855,0.400969
56189,-3.656250,1.579063
56190,-3.656250,1.579063
56191,-3.333174,1.320914
56192,-3.824265,1.781812
56193,-2.208111,1.449729
56194,-2.641828,1.320914
56195,-1.396440,0.698220
56196,-2.337712,0.326239
56197,-3.397582,1.449729
56198,-3.652478,1.826239
56199,-3.656250,1.579063
56200,-3.563623,1.781812
56201,-2.717704,0.698220
56202,0.421965,-1.123490
56203,-1.155045,-0.914101
56204,-3.152379,1.955573
56205,-3.563623,1.781812
56206,-3.650504,1.955573
56207,-2.136480,0.698220
56208,-2.899457,1.449729
56209,-3.955573,1.911146
56210,-2.892753,0.440071
56211,-3.051264,1.365341
56212,-2.141244,1.191580
56213,-2.706235,1.449729
56214,-2.336959,1.449729
56215,-3.650504,1.955573
56216,-3.123202,0.900969
56217,-2.873202,0.400969
56218,-2.837543,1.579063
56219,-1.419626,-1.123490
56220,-0.476251,-0.367711
56221,-2.711958,1.074730
56222,-2.316833,-1.233052
56223,-1.928302,-1.488831
56224,-1.551938,0.400969
56225,-2.706235,1.449729
56226,-3.484462,1.623490
56227,-1.960449,1.826239
56228,-3.153395,0.440071
56229,-3.528889,1.579063
56230,-3.102206,1.246980
56231,-3.955573,1.911146
56232,-2.526723,-0.425270
56233,-3.911146,1.955573
56234,-3.563623,1.781812
56235,-2.711958,1.074730
56236,-2.466259,1.191580
56237,-3.866718,2.000000
56238,-3.167133,0.988831
56239,-1.636943,1.074730
56240,-3.088468,0.698220
56241,-3.246980,1.623490
56242,-3.434289,1.911146
56243,-1.906779,-0.535628
56244,-2.777479,-0.445042
56245,-1.965750,-1.801938
56246,-0.881639,-1.977662
56247,-2.540461,0.123490
56248,-2.440004,0.142820
56249,-3.153395,0.440071
56250,-2.899457,1.449729
56251,-3.779838,1.826239
56252,-0.146901,-0.134659
56253,-1.253943,-1.233052
56254,-0.596023,-1.000000
56255,-3.281713,1.826239
56256,-3.326140,1.781812
56257,-1.977662,0.988831
56258,-2.899457,1.449729
56259,-3.866718,2.000000
56260,-3.528889,1.579063
56261,-3.397582,1.449729
56262,-3.911146,1.955573
56263,-3.563623,1.781812
56264,-3.281713,1.826239
56265,-1.906779,-0.535628
56266,-2.500000,-1.000000
56267,-3.866718,2.000000
56268,-2.367905,-0.134659
56269,-2.540461,0.123490
56270,-3.434289,1.911146
56271,-3.658223,1.449729
56272,-3.692957,1.652478
56273,-3.102206,1.246980
56274,-3.563623,1.781812
56275,-3.427775,0.988831
56276,-3.152379,1.955573
56277,-3.563623,1.781812
56278,-3.051264,1.365341
56279,-3.051264,1.365341
56280,-2.336959,1.449729
56281,-3.167133,0.988831
56282,-0.764573,0.326239
56283,-2.873202,0.400969
56284,-1.960449,1.826239
56285,-3.095692,1.320914
56286,-2.899457,1.449729
56287,-1.474108,-1.400969
56288,-0.881639,-1.977662
56289,-1.005460,-0.955573
56290,-0.643478,-0.033258
56291,-2.383160,1.191580
56292,-2.100697,-0.147791
56293,-3.822291,1.911146
56294,-3.304955,1.652478
56295,-1.717979,0.733052
56296,-1.461364,0.730682
56297,-3.326140,1.781812
56298,-3.158125,1.579063
56299,-2.835050,1.320914
56300,-2.730682,1.365341
56301,-4.000000,2.000000
56302,-2.793116,1.623490
56303,-3.123202,0.900969
56304,-1.275116,0.455573
56305,-3.911146,1.955573
56306,-3.652478,1.826239
56307,-1.926590,-0.109562
56308,-3.563623,1.781812
56309,-2.892753,0.440071
56310,-3.563623,1.781812
56311,-2.385621,1.030303
56312,-2.349870,0.603718
56313,-2.780575,0.603718
56314,-2.598822,-0.147791
56315,-3.652478,1.826239
56316,-3.427775,0.988831
56317,-3.822291,1.911146
56318,-3.822291,1.911146
56319,-2.885719,0.900969
56320,-3.158125,1.579063
56321,-2.872277,1.781812
56322,-2.810768,0.142820
56323,-2.100697,-0.147791
56324,-2.711958,1.074730
56325,-2.235810,0.730682
56326,-3.528889,1.579063
56327,-3.434289,1.911146
56328,-3.779838,1.826239
56329,-2.669008,0.988831
56330,-3.088468,0.698220
56331,-2.872277,1.781812
56332,-3.866718,2.000000
56333,-3.563623,1.781812
56334,-2.110972,-1.123490
56335,-1.681370,1.030303
56336,-3.088468,0.698220
56337,-3.427775,0.988831
56338,-2.641828,1.320914
56339,-3.462508,1.191580
56340,-1.180804,0.266948
56341,-1.344281,-0.535628
56342,-2.837543,1.579063
56343,-2.605388,-0.134659
56344,-2.440004,0.142820
56345,-3.824265,1.781812
56346,-3.911146,1.955573
56347,-3.911146,1.955573
56348,-2.563163,1.030303
56349,-3.563623,1.781812
56350,-1.977662,0.988831
56351,-3.268248,1.579063
56352,-2.859464,-0.147791
56353,-3.866718,2.000000
56354,-3.333174,1.320914
56355,-3.911146,1.955573
56356,-1.330319,-0.914101
56357,-2.374152,1.781812
56358,-3.427775,0.988831
56359,-3.824265,1.781812
56360,-3.304955,1.652478
56361,-3.478716,2.000000
56362,-3.304955,1.652478
56363,-3.824265,1.781812
56364,-3.824265,1.781812
56365,-3.824265,1.781812
56366,-3.167133,0.988831
56367,-3.824265,1.781812
56368,-3.656250,1.579063
56369,-2.892753,0.440071
56370,-3.650504,1.955573
56371,-2.780575,0.603718
56372,-2.336959,1.449729
56373,-3.824265,1.781812
56374,-3.335148,1.191580
56375,-3.826239,1.652478
56376,-3.826239,1.652478
56377,-2.885719,0.900969
56378,-3.911146,1.955573
56379,-1.284124,-0.134659
56380,-3.822291,1.911146
56381,0.877172,-0.658322
56382,-2.431855,0.900969
56383,-3.427775,0.988831
56384,-3.324167,1.911146
56385,-3.563623,1.781812
56386,-2.654083,-0.425270
56387,-3.095692,1.320914
56388,-2.899457,1.449729
56389,-1.762008,1.191580
56390,-2.780575,0.603718
56391,-2.116349,-1.634021
56392,-0.217752,-0.365341
56393,-0.607038,-1.488831
56394,-3.779838,1.826239
56395,-3.911146,1.955573
56396,-3.563623,1.781812
56397,-2.184738,-0.367711
56398,-0.729953,0.093187
56399,-0.472729,-0.033258
56400,-1.960449,1.826239
56401,-0.916907,-0.365341
56402,-2.051596,1.911146
56403,-2.311457,-0.722521
56404,-2.563163,1.030303
56405,-2.835050,1.320914
56406,-1.890808,-0.955573
56407,-3.911146,1.955573
56408,-3.462508,1.191580
56409,0.127258,0.149460
56410,-2.060606,1.030303
56411,-1.014727,-0.162592
56412,-0.146901,-0.134659
56413,-1.794458,-1.889800
56414,-2.133667,-1.466104
56415,-3.153395,0.440071
56416,-1.977662,0.988831
56417,-1.357582,-1.634021
56418,-1.648630,-0.277479
56419,-3.692957,1.652478
56420,-3.911146,1.955573
56421,-2.518736,1.074730
56422,-2.964384,1.191580
56423,-3.268248,1.579063
56424,-3.434289,1.911146
56425,-3.955573,1.911146
56426,-3.246980,1.623490
56427,-3.694931,1.911146
56428,-3.866718,2.000000
56429,-1.558725,-0.623490
56430,-1.375695,-1.211352
56431,-0.728444,-1.634021
56432,-1.775215,0.326239
56433,-2.700489,1.826239
56434,-2.011910,1.320914
56435,-3.826239,1.652478
56436,-3.911146,1.955573
56437,-2.394628,0.440071
56438,-2.349870,0.603718
56439,-1.489885,-1.977662
56440,-2.654083,-0.425270
56441,-2.711958,1.074730
56442,-0.983246,-1.000000
56443,-1.229693,-1.889800
56444,-1.801938,0.900969
56445,-2.374152,1.781812
56446,-3.051264,1.365341
56447,0.182671,0.730682
56448,-0.111339,-0.147791
56449,-0.928928,-1.233052
56450,0.238315,-0.033258
56451,-3.333174,1.320914
56452,-3.652478,1.826239
56453,-2.874250,1.652478
56454,-2.635719,0.400969
56455,-2.654083,-0.425270
56456,-3.490208,1.246980
56457,-3.246980,1.623490
56458,-3.822291,1.911146
56459,-3.123202,0.900969
56460,-2.899457,1.449729
56461,-3.656250,1.579063
56462,-3.824265,1.781812
56463,-1.384971,1.449729
56464,-2.700489,1.826239
56465,-1.652210,-0.658322
56466,-3.650504,1.955573
56467,-3.335148,1.191580
56468,-3.304955,1.652478
56469,-3.161387,1.365341
56470,-3.158125,1.579063
56471,-0.445042,0.222521
56472,-0.932879,0.054604
56473,-3.051264,1.365341
56474,-3.246980,1.623490
56475,-1.262697,0.326239
56476,-2.002903,1.911146
56477,-2.261572,-0.955573
56478,-3.563623,1.781812
56479,-2.899457,1.449729
56480,-3.563623,1.781812
56481,-0.063347,0.093187
56482,-2.780575,0.603718
56483,-2.641828,1.320914
56484,-3.650504,1.955573
56485,-2.780575,0.603718
56486,-2.430339,0.123490
56487,-0.861260,0.222521
56488,-2.810768,0.142820
56489,-1.492359,1.781812
56490,-0.824281,-0.162592
56491,-1.922262,1.652478
56492,-3.161387,1.365341
56493,-3.563623,1.781812
56494,-1.062213,-0.074730
56495,-1.734301,-1.488831
56496,-1.423694,-1.889800
56497,-1.275116,0.455573
56498,-3.824265,1.781812
56499,-2.899457,1.449729
56500,-3.158125,1.579063
56501,-3.326140,1.781812
56502,-3.153395,0.440071
56503,-2.873202,0.400969
56504,-3.824265,1.781812
56505,-3.304955,1.652478
56506,-2.730682,1.365341
56507,-3.397582,1.449729
56508,-0.821489,0.440071
56509,-3.324167,1.911146
56510,-3.563623,1.781812
56511,-2.349870,0.603718
56512,-2.793116,1.623490
56513,-0.643478,-0.033258
56514,-0.974766,1.579063
56515,-2.835050,1.320914
56516,-3.911146,1.955573
56517,-3.167133,0.988831
56518,-1.703282,0.440071
56519,-0.399093,-1.400969
56520,-2.711958,1.074730
56521,-3.051264,1.365341
56522,-1.592048,0.093187
56523,-3.326140,1.781812
56524,-3.484462,1.623490
56525,-2.605388,-0.134659
56526,-2.873202,0.400969
56527,-1.072099,0.777479
56528,-2.641828,1.320914
56529,-2.837543,1.579063
56530,-1.926590,-0.109562
56531,-1.170844,-1.233052
56532,-2.110972,-1.123490
56533,-2.098256,0.455573
56534,-3.563623,1.781812
56535,-3.161387,1.365341
56536,-2.883745,1.030303
56537,-3.158125,1.579063
56538,-3.065499,1.781812
56539,-3.397582,1.449729
56540,-0.211190,0.142820
56541,-3.153395,0.440071
56542,-2.208111,1.449729
56543,-3.658223,1.449729
56544,-3.161387,1.365341
56545,-3.095692,1.320914
56546,-2.208111,1.449729
56547,-3.822291,1.911146
56548,-3.484462,1.623490
56549,-3.427775,0.988831
56550,-3.153395,0.440071
56551,-3.824265,1.781812
56552,-1.773241,0.455573
56553,-2.706235,1.449729
56554,-1.231001,-1.634021
56555,-3.088468,0.698220
56556,-3.694931,1.911146
56557,-3.824265,1.781812
56558,-3.623490,1.246980
56559,-1.634892,-0.826239
56560,-0.067251,-0.162592
56561,-1.349578,0.500000
56562,-1.006419,-1.211352
56563,-2.883745,1.030303
56564,-3.324167,1.911146
56565,-2.256195,-0.445042
56566,-2.941449,0.149460
56567,-3.158125,1.579063
56568,-3.324167,1.911146
56569,-1.212812,0.093187
56570,-3.152379,1.955573
56571,-3.215828,0.698220
56572,-3.158125,1.579063
56573,-3.484462,1.623490
56574,-1.309583,-0.955573
56575,-0.718169,-0.658322
56576,-1.233709,-0.623490
56577,-3.528889,1.579063
56578,-3.268248,1.579063
56579,-3.824265,1.781812
56580,-1.121986,-0.722521
56581,-3.779838,1.826239
56582,-3.095692,1.320914
56583,-2.181855,0.400969
56584,-3.824265,1.781812
56585,-2.938128,0.142820
56586,-3.281713,1.826239
56587,-3.484462,1.623490
56588,-3.281713,1.826239
56589,-2.466259,1.191580
56590,-3.528889,1.579063
56591,-3.484462,1.623490
56592,-2.899457,1.449729
56593,-3.955573,1.911146
56594,-3.123202,0.900969
56595,-3.779838,1.826239
56596,-3.281713,1.826239
56597,-3.650504,1.955573
56598,-3.152379,1.955573
56599,-2.598822,-0.147791
56600,-2.605388,-0.134659
56601,-2.742943,1.911146
56602,-1.323809,0.455573
56603,-3.281713,1.826239
56604,-1.801938,0.900969
56605,-1.934194,0.777479
56606,-1.873490,-1.123490
56607,-3.194833,1.652478
56608,-3.152379,1.955573
56609,-1.977662,0.988831
56610,-3.955573,1.911146
56611,-3.911146,1.955573
56612,-2.870469,2.000000
56613,-2.885719,0.900969
56614,-2.410859,1.246980
56615,-3.484462,1.623490
56616,-3.065499,1.781812
56617,-2.374152,1.781812
56618,-0.860591,0.400969
56619,-3.528889,1.579063
56620,-3.779838,1.826239
56621,-3.955573,1.911146
56622,0.246153,0.603718
56623,-2.899457,1.449729
56624,-3.824265,1.781812
56625,-3.694931,1.911146
56626,-3.065499,1.781812
56627,-3.692957,1.652478
56628,-2.347897,0.733052
56629,-3.528889,1.579063
56630,-2.793116,1.623490
56631,-2.374152,1.781812
56632,-0.248496,0.900969
56633,-3.779838,1.826239
56634,-2.336959,1.449729
56635,-2.644197,-0.445042
56636,-2.440004,0.142820
56637,-2.119812,-0.109562
56638,-3.824265,1.781812
56639,-3.281713,1.826239
56640,-3.051264,1.365341
56641,-2.837543,1.579063
56642,-2.011910,1.320914
56643,-3.152379,1.955573
56644,-2.466259,1.191580
56645,-2.993868,1.030303
56646,-2.116349,-1.634021
56647,-3.088468,0.698220
56648,-3.824265,1.781812
56649,-3.246980,1.623490
56650,-3.528889,1.579063
56651,-1.636943,1.074730
56652,-1.394005,0.455573
56653,-2.553446,0.149460
56654,-1.855707,-1.634021
56655,-3.268248,1.579063
56656,-2.259209,0.777479
56657,-2.109756,0.123490
56658,-1.944528,-1.977662
56659,-2.060606,1.030303
56660,-1.207436,0.603718
56661,-3.333174,1.320914
56662,-1.922262,1.652478
56663,-2.941449,0.149460
56664,-2.383160,1.191580
56665,-3.563623,1.781812
56666,-3.822291,1.911146
56667,-3.652478,1.826239
56668,-1.845869,0.988831
56669,-2.892753,0.440071
56670,-3.911146,1.955573
56671,-3.158125,1.579063
56672,-3.304955,1.652478
56673,-2.181855,0.400969
56674,-1.813332,-0.722521
56675,-3.215828,0.698220
56676,-3.333174,1.320914
56677,-1.198511,1.030303
56678,-1.836861,1.579063
56679,-3.365341,0.730682
56680,-2.706235,1.449729
56681,-1.462714,0.222521
56682,-1.229693,-1.889800
56683,-3.333174,1.320914
56684,-2.883745,1.030303
56685,-2.777479,-0.445042
56686,-1.878417,-1.721883
56687,-3.652478,1.826239
56688,-3.484462,1.623490
56689,-3.650504,1.955573
56690,-3.152379,1.955573
56691,-3.365341,0.730682
56692,-0.637763,-0.535628
56693,-2.440004,0.142820
56694,-3.658223,1.449729
56695,-2.181855,0.400969
56696,-3.694931,1.911146
56697,-2.993868,1.030303
56698,-3.194833,1.652478
56699,-2.367905,-0.134659
56700,-3.324167,1.911146
56701,-2.349870,0.603718
56702,-2.461033,1.955573
56703,-2.242359,1.781812
56704,-3.656250,1.579063
56705,-3.824265,1.781812
56706,-1.873040,-1.211352
56707,-1.466104,0.733052
56708,-3.484462,1.623490
56709,-3.123202,0.900969
56710,-0.828197,0.988831
56711,-3.824265,1.781812
56712,-2.635719,0.400969
56713,-3.123202,0.900969
56714,-3.484462,1.623490
56715,-3.246980,1.623490
56716,-2.873202,0.400969
56717,-2.964384,1.191580
56718,-3.194833,1.652478
56719,-3.528889,1.579063
56720,-3.563623,1.781812
56721,-1.413198,1.623490
56722,-3.281713,1.826239
56723,-2.837543,1.579063
56724,-2.837543,1.579063
56725,-3.232059,0.730682
56726,-3.232059,0.730682
56727,-1.062213,-0.074730
56728,-3.102206,1.246980
56729,-1.180804,0.266948
56730,-2.144490,0.326239
56731,-3.824265,1.781812
56732,-2.136480,0.698220
56733,-2.388932,-0.955573
56734,-2.116349,-1.634021
56735,-3.167133,0.988831
56736,-2.366718,-1.000000
56737,-1.207436,0.603718
56738,-3.563623,1.781812
56739,-3.826239,1.652478
56740,-2.883745,1.030303
56741,-1.703282,0.440071
56742,-3.563623,1.781812
56743,-1.824442,1.449729
56744,-2.461033,1.955573
56745,-1.977662,0.988831
56746,-2.394628,0.440071
56747,-2.430339,0.123490
56748,-1.574293,-1.721883
56749,-1.330319,-0.914101
56750,-3.866718,2.000000
56751,-3.658223,1.449729
56752,-3.824265,1.781812
56753,-1.323809,0.455573
56754,-2.149460,1.074730
56755,-1.300576,-0.365341
56756,-2.136480,0.698220
56757,-2.700489,1.826239
56758,-1.824442,1.449729
56759,-1.594507,0.222521
56760,-3.333174,1.320914
56761,-3.158125,1.579063
56762,-3.650504,1.955573
56763,-3.333174,1.320914
56764,-2.859464,-0.147791
56765,-1.760035,1.320914
56766,-2.793116,1.623490
56767,-2.892753,0.440071
56768,-0.709622,0.099031
56769,-3.822291,1.911146
56770,-2.011910,1.320914
56771,-1.423694,-1.889800
56772,-3.826239,1.652478
56773,-2.635719,0.400969
56774,-3.650504,1.955573
56775,-3.324167,1.911146
56776,-2.149460,1.074730
56777,-1.773241,0.455573
56778,-3.246980,1.623490
56779,-2.311457,-0.722521
56780,-2.334986,1.579063
56781,-3.215828,0.698220
56782,-3.304955,1.652478
56783,-2.060606,1.030303
56784,-2.155959,-0.425270
56785,-1.955475,-0.826239
56786,-2.431855,0.900969
56787,-3.158125,1.579063
56788,-3.490208,1.246980
56789,-3.656250,1.579063
56790,-3.652478,1.826239
56791,-3.152379,1.955573
56792,-3.656250,1.579063
56793,-3.333174,1.320914
56794,-0.246980,0.123490
56795,-3.335148,1.191580
56796,-3.304955,1.652478
56797,-2.874250,1.652478
56798,-3.153395,0.440071
56799,-1.396440,0.698220
56800,-3.333174,1.320914
56801,-1.977662,0.988831
56802,-3.822291,1.911146
56803,-2.899457,1.449729
56804,-2.717704,0.698220
56805,-1.409351,-0.147791
56806,-3.658223,1.449729
56807,-2.337712,0.326239
56808,-1.229497,0.266948
56809,-1.965750,-1.801938
56810,-0.584824,-0.033258
56811,-1.370469,-1.000000
56812,-3.397582,1.449729
56813,-3.911146,1.955573
56814,-2.711958,1.074730
56815,-3.161387,1.365341
56816,-3.397582,1.449729
56817,-3.427775,0.988831
56818,-3.158125,1.579063
56819,-1.349578,0.500000
56820,-3.822291,1.911146
56821,-0.500689,-0.365341
56822,-2.383160,1.191580
56823,-2.669008,0.988831
56824,-2.155959,-0.425270
56825,-3.652478,1.826239
56826,-2.261572,-0.955573
56827,-3.822291,1.911146
56828,-2.885719,0.900969
56829,-1.080402,-1.801938
56830,-1.988459,-1.889800
56831,-1.794458,-1.889800
56832,-2.670453,0.603718
56833,-3.692957,1.652478
56834,-1.719513,1.246980
56835,-2.598822,-0.147791
56836,-3.281713,1.826239
56837,-3.911146,1.955573
56838,-0.584824,-0.033258
56839,-3.824265,1.781812
56840,-3.563623,1.781812
56841,-3.824265,1.781812
56842,-1.314088,-0.074730
56843,-2.835050,1.320914
56844,-3.824265,1.781812
56845,-1.062213,-0.074730
56846,-2.133667,-1.466104
56847,-0.709622,0.099031
56848,-2.872277,1.781812
56849,-3.563623,1.781812
56850,-2.440004,0.142820
56851,-3.326140,1.781812
56852,-2.336959,1.449729
56853,-0.938334,-0.826239
56854,-1.858780,0.142820
56855,-2.385621,1.030303
56856,-3.304955,1.652478
56857,-2.541119,0.733052
56858,-1.154522,0.988831
56859,-3.822291,1.911146
56860,-3.158125,1.579063
56861,-0.702281,0.603718
56862,-0.252485,-0.162592
56863,-3.232059,0.730682
56864,-2.065597,-0.826239
56865,-3.824265,1.781812
56866,-2.302521,1.030303
56867,-2.500000,-1.000000
56868,-3.694931,1.911146
56869,-3.528889,1.579063
56870,-2.141244,1.191580
56871,-3.051264,1.365341
56872,-3.152379,1.955573
56873,-3.397582,1.449729
56874,-3.692957,1.652478
56875,-3.563623,1.781812
56876,-2.576901,1.579063
56877,-3.694931,1.911146
56878,-2.670453,0.603718
56879,-3.911146,1.955573
56880,-3.866718,2.000000
56881,-2.119812,-0.109562
56882,-1.423694,-1.889800
56883,-3.822291,1.911146
56884,-3.824265,1.781812
56885,-3.911146,1.955573
56886,-3.826239,1.652478
56887,-3.158125,1.579063
56888,-2.110972,-1.123490
56889,-2.526723,-0.425270
56890,-2.337712,0.326239
56891,-3.652478,1.826239
56892,-2.941449,0.149460
56893,-3.652478,1.826239
56894,-3.065499,1.781812
56895,-3.333174,1.320914
56896,-3.158125,1.579063
56897,-2.366718,-1.000000
56898,-2.605388,-0.134659
56899,-1.933731,0.900969
56900,-2.461033,1.955573
56901,-2.176109,0.777479
56902,-3.563623,1.781812
56903,-3.152379,1.955573
56904,-2.168944,1.246980
56905,-3.824265,1.781812
56906,-3.826239,1.652478
56907,-2.700489,1.826239
56908,-2.294861,-0.367711
56909,-2.700489,1.826239
56910,-3.911146,1.955573
56911,-3.911146,1.955573
56912,-2.518736,1.074730
56913,-2.367905,-0.134659
56914,-2.383160,1.191580
56915,-1.813332,-0.722521
56916,-0.873502,-0.445042
56917,-1.873490,-1.123490
56918,-2.098256,0.455573
56919,-2.730682,1.365341
56920,-0.771367,0.222521
56921,-1.878417,-1.721883
56922,-0.880142,0.440071
56923,-3.158125,1.579063
56924,-2.144490,0.326239
56925,-2.155959,-0.425270
56926,-1.811776,-1.721883
56927,-2.598822,-0.147791
56928,-2.892753,0.440071
56929,-1.813332,-0.722521
56930,-1.762918,-1.211352
56931,-2.540461,0.123490
56932,-3.333174,1.320914
56933,-3.911146,1.955573
56934,-2.572099,-0.722521
56935,-1.934194,0.777479
56936,-1.261910,1.320914
56937,-3.563623,1.781812
56938,-3.095692,1.320914
56939,-2.706235,1.449729
56940,-1.406715,-0.277479
56941,-1.507653,-1.721883
56942,-1.551584,-1.634021
56943,-3.955573,1.911146
56944,-2.899457,1.449729
56945,-3.333174,1.320914
56946,-2.141244,1.191580
56947,-0.578811,-0.162592
56948,0.526644,0.222521
56949,-3.065499,1.781812
56950,-3.911146,1.955573
56951,-3.153395,0.440071
56952,-2.184738,-0.367711
56953,-2.133667,-1.466104
56954,-1.890808,-0.955573
56955,-3.658223,1.449729
56956,-3.955573,1.911146
56957,-2.228125,1.365341
56958,-2.302521,1.030303
56959,-2.576901,1.579063
56960,-3.658223,1.449729
56961,-3.065499,1.781812
56962,-3.123202,0.900969
56963,-3.397582,1.449729
56964,-3.333174,1.320914
56965,-2.311457,-0.722521
56966,-3.123202,0.900969
56967,-2.598822,-0.147791
56968,-1.988459,-1.889800
56969,-1.233709,-0.623490
56970,-2.302521,1.030303
56971,-3.268248,1.579063
56972,-1.926590,-0.109562
56973,-2.431855,0.900969
56974,-1.762008,1.191580
56975,-2.899457,1.449729
56976,-2.717704,0.698220
56977,-3.650504,1.955573
56978,-3.656250,1.579063
56979,-2.883745,1.030303
56980,-2.367905,-0.134659
56981,-3.822291,1.911146
56982,-1.988459,-1.889800
56983,-2.572099,-0.722521
56984,-2.641828,1.320914
56985,-2.669008,0.988831
56986,-2.844057,0.730682
56987,-2.899457,1.449729
56988,-2.394628,0.440071
56989,-1.762918,-1.211352
56990,-0.602063,-0.162592
56991,-3.051264,1.365341
56992,-0.764573,0.326239
56993,-1.813332,-0.722521
56994,-1.441541,-1.466104
56995,-3.335148,1.191580
56996,-3.822291,1.911146
56997,-3.335148,1.191580
56998,-3.824265,1.781812
56999,-3.652478,1.826239
57000,-3.335148,1.191580
57001,-3.158125,1.579063
57002,-1.212812,0.093187
57003,-2.106074,-0.658322
57004,-3.652478,1.826239
57005,-3.822291,1.911146
57006,-3.326140,1.781812
57007,-1.588247,1.365341
57008,-1.261910,1.320914
57009,-3.397582,1.449729
57010,-2.844057,0.730682
57011,-0.652478,0.326239
57012,-1.855707,-1.634021
57013,-3.623490,1.246980
57014,-2.526723,-0.425270
57015,-1.300576,-0.365341
57016,-3.123202,0.900969
57017,-3.167133,0.988831
57018,-2.872277,1.781812
57019,-3.153395,0.440071
57020,-1.592048,0.093187
57021,-1.568917,-1.211352
57022,-1.789708,1.246980
57023,-1.396440,0.698220
57024,-1.200484,0.900969
57025,-2.002903,1.911146
57026,-1.833963,0.093187
57027,-1.005460,-0.955573
57028,-2.844057,0.730682
57029,-3.490208,1.246980
57030,-3.652478,1.826239
57031,-3.826239,1.652478
57032,-2.431855,0.900969
57033,-3.095692,1.320914
57034,-1.442336,-1.211352
57035,-0.246980,0.123490
57036,-2.056191,-1.233052
57037,-1.811776,-1.721883
57038,-1.794458,-1.889800
57039,-1.344281,-0.535628
57040,-3.427775,0.988831
57041,-3.692957,1.652478
57042,-2.859464,-0.147791
57043,-0.576416,-0.658322
57044,-1.198511,1.030303
57045,-2.700489,1.826239
57046,-2.700489,1.826239
57047,-1.244415,0.988831
57048,-3.158125,1.579063
57049,-3.490208,1.246980
57050,-3.650504,1.955573
57051,-3.152379,1.955573
57052,-1.922262,1.652478
57053,-3.161387,1.365341
57054,-2.563163,1.030303
57055,-3.152379,1.955573
57056,-3.779838,1.826239
57057,-2.670453,0.603718
57058,-3.563623,1.781812
57059,-1.695108,1.579063
57060,-3.153395,0.440071
57061,-3.232059,0.730682
57062,-3.462508,1.191580
57063,-2.670453,0.603718
57064,-3.824265,1.781812
57065,-2.938128,0.142820
57066,-1.811776,-1.721883
57067,-1.988459,-1.889800
57068,-1.836861,1.579063
57069,-3.158125,1.579063
57070,-2.176109,0.777479
57071,-2.793116,1.623490
57072,-3.824265,1.781812
57073,-3.478716,2.000000
57074,-2.343556,-0.658322
57075,-3.652478,1.826239
57076,-2.316833,-1.233052
57077,-2.383160,1.191580
57078,-2.873202,0.400969
57079,-2.711958,1.074730
57080,-2.176109,0.777479
57081,-3.826239,1.652478
57082,-1.922262,1.652478
57083,-3.824265,1.781812
57084,-3.656250,1.579063
57085,-3.065499,1.781812
57086,-2.060606,1.030303
57087,-3.095692,1.320914
57088,-3.484462,1.623490
57089,-3.158125,1.579063
57090,-3.652478,1.826239
57091,-2.334986,1.579063
57092,-3.656250,1.579063
57093,-3.911146,1.955573
57094,-3.826239,1.652478
57095,-3.911146,1.955573
57096,-3.427775,0.988831
57097,-3.563623,1.781812
57098,-2.872277,1.781812
57099,-3.824265,1.781812
57100,-3.822291,1.911146
57101,-0.834695,-0.425270
57102,-2.730682,1.365341
57103,-3.652478,1.826239
57104,-2.056191,-1.233052
57105,-2.116349,-1.634021
57106,-2.116349,-1.634021
57107,0.427744,-0.367711
57108,0.946404,-1.488831
57109,-1.280886,-1.400969
57110,-0.186374,0.093187
57111,-3.335148,1.191580
57112,-0.823226,0.326239
57113,-0.974766,1.579063
57114,-1.731816,1.652478
57115,-3.335148,1.191580
57116,-1.300576,-0.365341
57117,-1.648630,-0.277479
57118,-2.337712,0.326239
57119,-3.911146,1.955573
57120,-3.397582,1.449729
57121,-2.938128,0.142820
57122,-2.149460,1.074730
57123,-2.873202,0.400969
57124,-1.849772,0.733052
57125,-1.308725,-1.123490
57126,-2.541119,0.733052
57127,-1.254687,0.698220
57128,-3.281713,1.826239
57129,1.755283,0.123490
57130,-1.551584,-1.634021
57131,-2.859464,-0.147791
57132,-2.461033,1.955573
57133,-1.551584,-1.634021
57134,-1.878417,-1.721883
57135,-3.088468,0.698220
57136,-3.563623,1.781812
57137,-3.167133,0.988831
57138,-2.873202,0.400969
57139,-3.563623,1.781812
57140,-3.074730,0.149460
57141,-3.694931,1.911146
57142,-3.326140,1.781812
57143,-2.563163,1.030303
57144,-1.634892,-0.826239
57145,-2.110972,-1.123490
57146,-3.088468,0.698220
57147,-3.484462,1.623490
57148,-2.938128,0.142820
57149,-1.116526,0.733052
57150,-3.051264,1.365341
57151,-2.461033,1.955573
57152,-3.281713,1.826239
57153,-2.242359,1.781812
57154,-2.641828,1.320914
57155,-3.528889,1.579063
57156,-3.692957,1.652478
57157,-2.899457,1.449729
57158,-2.109756,0.123490
57159,-3.694931,1.911146
57160,-3.434289,1.911146
57161,-2.899457,1.449729
57162,-2.518736,1.074730
57163,-3.326140,1.781812
57164,-3.088468,0.698220
57165,-3.779838,1.826239
57166,-3.650504,1.955573
57167,-3.194833,1.652478
57168,-2.696708,1.652478
57169,-1.551012,1.781812
57170,-3.563623,1.781812
57171,-3.694931,1.911146
57172,-3.484462,1.623490
57173,-3.563623,1.781812
57174,-2.696708,1.652478
57175,-2.641828,1.320914
57176,-1.636943,1.074730
57177,-3.484462,1.623490
57178,-0.153316,0.142820
57179,-0.153316,0.142820
57180,-2.541119,0.733052
57181,-3.955573,1.911146
57182,-3.866718,2.000000
57183,-3.484462,1.623490
57184,-2.938128,0.142820
57185,-2.410859,1.246980
57186,-3.955573,1.911146
57187,-3.333174,1.320914
57188,-3.434289,1.911146
57189,-3.326140,1.781812
57190,-1.845869,0.988831
57191,-3.268248,1.579063
57192,-2.163198,1.623490
57193,-2.641828,1.320914
57194,-2.793116,1.623490
57195,-2.388932,-0.955573
57196,-3.065499,1.781812
57197,-3.650504,1.955573
57198,-2.347897,0.733052
57199,-3.088468,0.698220
57200,-3.694931,1.911146
57201,-2.938128,0.142820
57202,-2.181855,0.400969
57203,-3.427775,0.988831
57204,-1.960449,1.826239
57205,-3.326140,1.781812
57206,-2.144490,0.326239
57207,-1.303596,-1.488831
57208,-1.926590,-0.109562
57209,-3.152379,1.955573
57210,-1.977662,0.988831
57211,-0.088566,-1.634021
57212,-0.520157,-0.162592
57213,0.950307,0.266948
57214,-1.229693,-1.889800
57215,-3.153395,0.440071
57216,-3.692957,1.652478
57217,-3.123202,0.900969
57218,-2.526723,-0.425270
57219,-3.102206,1.246980
57220,-1.300576,-0.365341
57221,-3.335148,1.191580
57222,-3.824265,1.781812
57223,-1.864156,-0.367711
57224,-1.568917,-1.211352
57225,-2.259209,0.777479
57226,-3.123202,0.900969
57227,-1.717979,0.733052
57228,-1.409351,-0.147791
57229,-3.694931,1.911146
57230,-3.563623,1.781812
57231,-3.824265,1.781812
57232,-2.410859,1.246980
57233,-3.692957,1.652478
57234,-3.563623,1.781812
57235,-3.528889,1.579063
57236,-3.955573,1.911146
57237,-2.670453,0.603718
57238,-2.576901,1.579063
57239,-3.528889,1.579063
57240,-2.576901,1.579063
57241,-2.793116,1.623490
57242,-3.153395,0.440071
57243,-3.123202,0.900969
57244,-3.095692,1.320914
57245,-3.692957,1.652478
57246,-3.095692,1.320914
57247,-3.333174,1.320914
57248,-3.088468,0.698220
57249,-3.824265,1.781812
57250,-2.892753,0.440071
57251,-2.899457,1.449729
57252,-3.333174,1.320914
57253,-3.692957,1.652478
57254,-2.696708,1.652478
57255,-3.326140,1.781812
57256,-3.427775,0.988831
57257,0.884738,-0.162592
57258,0.105995,1.955573
57259,-2.742943,1.911146
57260,-1.906779,-0.535628
57261,-3.167133,0.988831
57262,-3.563623,1.781812
57263,0.000371,0.099031
57264,-3.152379,1.955573
57265,-3.095692,1.320914
57266,-1.568917,-1.211352
57267,-2.141244,1.191580
57268,-3.824265,1.781812
57269,-2.518736,1.074730
57270,-2.181855,0.400969
57271,-3.123202,0.900969
57272,-3.088468,0.698220
57273,-3.955573,1.911146
57274,-3.102206,1.246980
57275,-3.692957,1.652478
57276,-2.563163,1.030303
57277,-2.872277,1.781812
57278,-1.003761,1.579063
57279,-1.683887,-1.977662
57280,-1.044797,-0.109562
57281,-1.445133,0.698220
57282,-3.397582,1.449729
57283,-1.420728,1.030303
57284,-1.849772,0.733052
57285,-3.484462,1.623490
57286,-0.709168,-0.914101
57287,-0.879043,-1.466104
57288,-2.316833,-1.233052
57289,-1.988459,-1.889800
57290,-1.978716,-1.000000
57291,-3.194833,1.652478
57292,-3.658223,1.449729
57293,-3.232059,0.730682
57294,-3.779838,1.826239
57295,-2.109756,0.123490
57296,0.196404,0.011169
57297,-2.826042,1.911146
57298,-3.490208,1.246980
57299,-3.911146,1.955573
57300,0.628854,-0.425270
57301,-2.366718,-1.000000
57302,-2.176109,0.777479
57303,-3.326140,1.781812
57304,-2.874250,1.652478
57305,-1.933731,0.900969
57306,-2.002903,1.911146
57307,-3.326140,1.781812
57308,-2.654083,-0.425270
57309,-3.324167,1.911146
57310,-2.883745,1.030303
57311,-3.167133,0.988831
57312,-3.650504,1.955573
57313,-4.000000,2.000000
57314,-3.652478,1.826239
57315,-1.551584,-1.634021
57316,-1.690819,-1.488831
57317,-1.168783,-0.365341
57318,0.216102,0.011169
57319,-3.065499,1.781812
57320,-0.729953,0.093187
57321,-1.014727,-0.162592
57322,-2.700489,1.826239
57323,-2.873202,0.400969
57324,-1.303596,-1.488831
57325,-1.051938,0.900969
57326,-3.779838,1.826239
57327,-3.623490,1.246980
57328,-3.462508,1.191580
57329,-2.235810,0.730682
57330,-3.866718,2.000000
57331,-3.427775,0.988831
57332,-0.728444,-1.634021
57333,-2.717704,0.698220
57334,-2.793116,1.623490
57335,-3.652478,1.826239
57336,-3.158125,1.579063
57337,-1.261910,1.320914
57338,-2.431855,0.900969
57339,-3.158125,1.579063
57340,-1.207436,0.603718
57341,-3.427775,0.988831
57342,-2.385621,1.030303
57343,-2.873202,0.400969
57344,-1.231001,-1.634021
57345,-1.914041,-0.134659
57346,-3.658223,1.449729
57347,-2.242359,1.781812
57348,-3.333174,1.320914
57349,-3.333174,1.320914
57350,-3.658223,1.449729
57351,-3.232059,0.730682
57352,-3.462508,1.191580
57353,-1.934194,0.777479
57354,-3.623490,1.246980
57355,-1.960449,1.826239
57356,-2.742943,1.911146
57357,-2.837543,1.579063
57358,-3.434289,1.911146
57359,-3.484462,1.623490
57360,-1.789708,1.246980
57361,-3.779838,1.826239
57362,-2.837543,1.579063
57363,-1.558725,-0.623490
57364,-3.088468,0.698220
57365,-2.742943,1.911146
57366,-2.541119,0.733052
57367,-1.044797,-0.109562
57368,-2.526723,-0.425270
57369,-2.572099,-0.722521
57370,-3.692957,1.652478
57371,-1.279149,1.191580
57372,-1.594507,0.222521
57373,-1.357582,-1.634021
57374,-1.914041,-0.134659
57375,-3.153395,0.440071
57376,-3.824265,1.781812
57377,-2.572099,-0.722521
57378,-1.914041,-0.134659
57379,-3.528889,1.579063
57380,-3.281713,1.826239
57381,-3.281713,1.826239
57382,-1.934194,0.777479
57383,-3.051264,1.365341
57384,-2.641828,1.320914
57385,-2.872277,1.781812
57386,-1.960449,1.826239
57387,-1.180804,0.266948
57388,-2.163198,1.623490
57389,-1.713557,-0.535628
57390,-1.873490,-1.123490
57391,-2.144490,0.326239
57392,0.440819,0.988831
57393,-1.072099,0.777479
57394,-3.051264,1.365341
57395,-3.563623,1.781812
57396,-1.601453,0.500000
57397,-2.964384,1.191580
57398,-3.528889,1.579063
57399,-2.837543,1.579063
57400,-3.563623,1.781812
57401,-2.302521,1.030303
57402,-2.670453,0.603718
57403,-3.268248,1.579063
57404,-2.873202,0.400969
57405,-2.163198,1.623490
57406,-3.051264,1.365341
57407,-2.870469,2.000000
57408,-2.872277,1.781812
57409,-2.870469,2.000000
57410,-3.462508,1.191580
57411,-1.845869,0.988831
57412,-1.524320,-0.914101
57413,-3.779838,1.826239
57414,-3.866718,2.000000
57415,-3.694931,1.911146
57416,-3.955573,1.911146
57417,-3.281713,1.826239
57418,-3.650504,1.955573
57419,-3.563623,1.781812
57420,-3.623490,1.246980
57421,-3.281713,1.826239
57422,-2.563163,1.030303
57423,-1.120429,-1.721883
57424,-1.210838,0.222521
57425,-3.652478,1.826239
57426,-2.518736,1.074730
57427,-2.899457,1.449729
57428,-3.911146,1.955573
57429,-3.095692,1.320914
57430,-2.598822,-0.147791
57431,-1.557314,-0.109562
57432,-1.396440,0.698220
57433,-3.167133,0.988831
57434,-2.641828,1.320914
57435,-3.065499,1.781812
57436,-1.466104,0.733052
57437,-1.914041,-0.134659
57438,-3.656250,1.579063
57439,-0.784266,0.900969
57440,-0.190819,0.011169
57441,0.719201,-0.162592
57442,-1.207436,0.603718
57443,-0.338389,0.900969
57444,-0.600619,0.222521
57445,-3.051264,1.365341
57446,-1.169803,1.911146
57447,-2.859464,-0.147791
57448,-2.540461,0.123490
57449,-1.877888,-1.977662
57450,-0.078499,0.123490
57451,-1.978716,-1.000000
57452,-3.658223,1.449729
57453,-1.794458,-1.889800
57454,-1.419626,-1.123490
57455,-2.635719,0.400969
57456,-3.658223,1.449729
57457,-2.837543,1.579063
57458,-2.051596,1.911146
57459,-2.440004,0.142820
57460,-1.762918,-1.211352
57461,-0.801938,0.400969
57462,-2.641828,1.320914
57463,0.631776,-1.634021
57464,-1.593993,0.988831
57465,-2.383160,1.191580
57466,-3.152379,1.955573
57467,-3.123202,0.900969
57468,-3.911146,1.955573
57469,-1.406715,-0.277479
57470,-3.123202,0.900969
57471,-2.883745,1.030303
57472,-3.095692,1.320914
57473,-3.246980,1.623490
57474,-3.158125,1.579063
57475,-2.874250,1.652478
57476,-3.153395,0.440071
57477,-3.563623,1.781812
57478,-1.762008,1.191580
57479,-3.563623,1.781812
57480,-3.911146,1.955573
57481,-3.335148,1.191580
57482,-2.641828,1.320914
57483,-3.333174,1.320914
57484,-3.563623,1.781812
57485,-3.246980,1.623490
57486,-2.431855,0.900969
57487,-2.572099,-0.722521
57488,-3.281713,1.826239
57489,-3.484462,1.623490
57490,-2.899457,1.449729
57491,-3.434289,1.911146
57492,-2.461033,1.955573
57493,-2.938128,0.142820
57494,-2.670453,0.603718
57495,-3.563623,1.781812
57496,-2.964384,1.191580
57497,-1.873490,-1.123490
57498,-2.133667,-1.466104
57499,-0.476251,-0.367711
57500,-1.254687,0.698220
57501,-3.462508,1.191580
57502,-2.670453,0.603718
57503,-2.641828,1.320914
57504,-2.993868,1.030303
57505,-0.288960,0.149460
57506,-1.801938,0.900969
57507,-2.892753,0.440071
57508,-1.474108,-1.400969
57509,-1.475625,-0.623490
57510,-3.304955,1.652478
57511,-2.155959,-0.425270
57512,-3.153395,0.440071
57513,-0.458468,1.320914
57514,-1.637893,1.955573
57515,-2.518736,1.074730
57516,0.196183,0.440071
57517,-0.066833,-1.233052
57518,-2.347897,0.733052
57519,-3.074730,0.149460
57520,-2.374152,1.781812
57521,-2.837543,1.579063
57522,-3.427775,0.988831
57523,-1.394005,0.455573
57524,-2.885719,0.900969
57525,-2.155959,-0.425270
57526,-3.652478,1.826239
57527,-0.109208,0.054604
57528,-0.911611,-1.400969
57529,-2.964384,1.191580
57530,-3.333174,1.320914
57531,-2.964384,1.191580
57532,-3.650504,1.955573
57533,-3.824265,1.781812
57534,-3.333174,1.320914
57535,-3.281713,1.826239
57536,-3.484462,1.623490
57537,-1.375695,-1.211352
57538,-3.246980,1.623490
57539,-3.333174,1.320914
57540,-2.208111,1.449729
57541,-3.462508,1.191580
57542,-1.978621,0.733052
57543,-3.779838,1.826239
57544,-3.268248,1.579063
57545,-2.563163,1.030303
57546,-3.462508,1.191580
57547,-3.563623,1.781812
57548,-3.694931,1.911146
57549,-3.563623,1.781812
57550,-1.212812,0.093187
57551,-2.654083,-0.425270
57552,-2.883745,1.030303
57553,-3.563623,1.781812
57554,-3.158125,1.579063
57555,-2.717704,0.698220
57556,-0.583781,0.500000
57557,-3.427775,0.988831
57558,-2.835050,1.320914
57559,-2.385621,1.030303
57560,-3.652478,1.826239
57561,-1.534266,-1.801938
57562,-3.335148,1.191580
57563,-3.563623,1.781812
57564,-3.484462,1.623490
57565,-3.153395,0.440071
57566,-3.658223,1.449729
57567,-2.711958,1.074730
57568,-3.335148,1.191580
57569,-2.874250,1.652478
57570,-1.933731,0.900969
57571,-2.872277,1.781812
57572,-2.176109,0.777479
57573,-1.858780,0.142820
57574,-2.883745,1.030303
57575,-3.333174,1.320914
57576,-1.977662,0.988831
57577,-2.572099,-0.722521
57578,-3.335148,1.191580
57579,-3.478716,2.000000
57580,-3.304955,1.652478
57581,-2.899457,1.449729
57582,-2.431855,0.900969
57583,-3.911146,1.955573
57584,-3.656250,1.579063
57585,-3.158125,1.579063
57586,-0.779516,-0.535628
57587,-1.280886,-1.400969
57588,-1.906779,-0.535628
57589,-2.793116,1.623490
57590,-3.088468,0.698220
57591,-1.926590,-0.109562
57592,-2.563163,1.030303
57593,-3.102206,1.246980
57594,-2.899457,1.449729
57595,-2.431855,0.900969
57596,-1.643120,1.191580
57597,-3.153395,0.440071
57598,-2.374152,1.781812
57599,-3.095692,1.320914
57600,-2.964384,1.191580
57601,-3.692957,1.652478
57602,-2.563163,1.030303
57603,-2.184738,-0.367711
57604,-3.462508,1.191580
57605,-1.070127,-0.826239
57606,-3.658223,1.449729
57607,-2.670453,0.603718
57608,-3.911146,1.955573
57609,-2.576901,1.579063
57610,-2.500000,-1.000000
57611,-2.563163,1.030303
57612,-3.051264,1.365341
57613,-2.163198,1.623490
57614,-2.605388,-0.134659
57615,-2.431855,0.900969
57616,-3.152379,1.955573
57617,-3.779838,1.826239
57618,-2.872277,1.781812
57619,-2.136480,0.698220
57620,-2.742943,1.911146
57621,-1.349189,0.603718
57622,-2.899457,1.449729
57623,-1.412671,0.730682
57624,-2.993868,1.030303
57625,-3.779838,1.826239
57626,-2.872277,1.781812
57627,-2.711958,1.074730
57628,-2.669008,0.988831
57629,-3.065499,1.781812
57630,-3.911146,1.955573
57631,-3.462508,1.191580
57632,-3.824265,1.781812
57633,-3.694931,1.911146
57634,-3.167133,0.988831
57635,-1.681370,1.030303
57636,-3.333174,1.320914
57637,-1.934194,0.777479
57638,-0.880142,0.440071
57639,-3.484462,1.623490
57640,-2.374152,1.781812
57641,-3.911146,1.955573
57642,-3.478716,2.000000
57643,-1.198511,1.030303
57644,-3.065499,1.781812
57645,-1.634892,-0.826239
57646,-2.430339,0.123490
57647,-3.563623,1.781812
57648,-3.650504,1.955573
57649,-2.826042,1.911146
57650,-3.911146,1.955573
57651,-3.158125,1.579063
57652,-2.383160,1.191580
57653,-3.335148,1.191580
57654,-3.652478,1.826239
57655,-3.652478,1.826239
57656,-2.383160,1.191580
57657,-3.822291,1.911146
57658,-2.641828,1.320914
57659,-3.490208,1.246980
57660,-2.810768,0.142820
57661,-1.607199,0.123490
57662,-2.311457,-0.722521
57663,-3.324167,1.911146
57664,-3.652478,1.826239
57665,-3.478716,2.000000
57666,-3.324167,1.911146
57667,-0.880142,0.440071
57668,-3.326140,1.781812
57669,-2.873202,0.400969
57670,-1.637893,1.955573
57671,-3.304955,1.652478
57672,-3.397582,1.449729
57673,-3.650504,1.955573
57674,-3.824265,1.781812
57675,-2.793116,1.623490
57676,-1.074632,0.054604
57677,-1.864156,-0.367711
57678,-2.899457,1.449729
57679,-2.155959,-0.425270
57680,-2.654083,-0.425270
57681,-3.484462,1.623490
57682,-1.244415,0.988831
57683,-3.246980,1.623490
57684,-0.847680,1.246980
57685,1.177613,0.123490
57686,-1.945199,0.149460
57687,-2.334986,1.579063
57688,-1.836861,1.579063
57689,-1.824442,1.449729
57690,-2.874250,1.652478
57691,-2.334986,1.579063
57692,-3.478716,2.000000
57693,-3.167133,0.988831
57694,-0.147870,-0.074730
57695,-2.337712,0.326239
57696,-1.070127,-0.826239
57697,-1.137418,-1.466104
57698,1.167563,-1.000000
57699,-1.236955,-1.488831
57700,-0.600619,0.222521
57701,-3.824265,1.781812
57702,-2.184738,-0.367711
57703,-1.180804,0.266948
57704,-0.867905,1.365341
57705,-1.717979,0.733052
57706,-2.670453,0.603718
57707,-3.088468,0.698220
57708,-0.458468,1.320914
57709,-3.866718,2.000000
57710,-3.528889,1.579063
57711,-2.899457,1.449729
57712,-1.762918,-1.211352
57713,-2.883745,1.030303
57714,-1.550062,0.900969
57715,-2.385621,1.030303
57716,-3.490208,1.246980
57717,-0.533896,0.266948
57718,-0.021523,0.142820
57719,-1.719513,1.246980
57720,-2.872277,1.781812
57721,-1.695108,1.579063
57722,-3.623490,1.246980
57723,-3.434289,1.911146
57724,-1.890808,-0.955573
57725,-1.171501,-0.623490
57726,-3.095692,1.320914
57727,-2.136480,0.698220
57728,-1.813332,-0.722521
57729,-3.434289,1.911146
57730,-3.692957,1.652478
57731,-2.899457,1.449729
57732,-3.692957,1.652478
57733,-3.095692,1.320914
57734,-1.507653,-1.721883
57735,-1.558725,-0.623490
57736,-3.281713,1.826239
57737,-3.152379,1.955573
57738,-3.065499,1.781812
57739,-3.397582,1.449729
57740,-1.824442,1.449729
57741,-2.899457,1.449729
57742,-3.088468,0.698220
57743,-3.194833,1.652478
57744,-2.837543,1.579063
57745,-3.153395,0.440071
57746,-2.302521,1.030303
57747,-2.696708,1.652478
57748,-1.361599,-0.367711
57749,-3.065499,1.781812
57750,-1.934194,0.777479
57751,-3.692957,1.652478
57752,-2.993868,1.030303
57753,-2.670453,0.603718
57754,-3.326140,1.781812
57755,-3.333174,1.320914
57756,-2.872277,1.781812
57757,-2.669008,0.988831
57758,-3.779838,1.826239
57759,-1.551012,1.781812
57760,-3.232059,0.730682
57761,-1.577747,-1.801938
57762,-3.232059,0.730682
57763,-2.964384,1.191580
57764,-0.237965,1.579063
57765,-0.285640,0.142820
57766,-2.163198,1.623490
57767,-3.656250,1.579063
57768,-0.538874,0.099031
57769,-3.563623,1.781812
57770,-2.641828,1.320914
57771,-3.335148,1.191580
57772,-1.574293,-1.721883
57773,-2.149460,1.074730
57774,-3.335148,1.191580
57775,-3.246980,1.623490
57776,-2.431855,0.900969
57777,-2.844057,0.730682
57778,-2.367905,-0.134659
57779,-3.158125,1.579063
57780,0.262522,-0.425270
57781,-3.822291,1.911146
57782,-1.731816,1.652478
57783,-3.158125,1.579063
57784,-1.836861,1.579063
57785,-1.207436,0.603718
57786,-2.872277,1.781812
57787,-2.899457,1.449729
57788,-3.652478,1.826239
57789,-2.002903,1.911146
57790,-2.899457,1.449729
57791,-2.810768,0.142820
57792,-3.822291,1.911146
57793,-2.208111,1.449729
57794,-3.427775,0.988831
57795,-0.272729,0.988831
57796,-3.478716,2.000000
57797,-3.397582,1.449729
57798,-2.835050,1.320914
57799,-3.650504,1.955573
57800,-3.335148,1.191580
57801,-3.484462,1.623490
57802,-2.899457,1.449729
57803,-3.478716,2.000000
57804,-2.810768,0.142820
57805,-3.158125,1.579063
57806,-3.484462,1.623490
57807,-3.304955,1.652478
57808,-2.730682,1.365341
57809,-2.793116,1.623490
57810,-3.824265,1.781812
57811,-3.563623,1.781812
57812,-2.874250,1.652478
57813,-2.899457,1.449729
57814,-2.717704,0.698220
57815,-3.478716,2.000000
57816,-3.822291,1.911146
57817,-2.899457,1.449729
57818,-3.826239,1.652478
57819,-1.926590,-0.109562
57820,-3.335148,1.191580
57821,-2.641828,1.320914
57822,-3.911146,1.955573
57823,-3.152379,1.955573
57824,-4.000000,2.000000
57825,-2.892753,0.440071
57826,-1.668109,-1.400969
57827,-3.158125,1.579063
57828,-2.941449,0.149460
57829,-3.065499,1.781812
57830,-1.574293,-1.721883
57831,-2.100697,-0.147791
57832,-1.934194,0.777479
57833,-2.706235,1.449729
57834,1.987677,-1.233052
57835,0.196404,0.011169
57836,-3.911146,1.955573
57837,-3.563623,1.781812
57838,-2.430339,0.123490
57839,-2.717704,0.698220
57840,-3.095692,1.320914
57841,-1.873490,-1.123490
57842,-2.272552,1.320914
57843,-0.709622,0.099031
57844,-3.563623,1.781812
57845,-2.730682,1.365341
57846,-3.822291,1.911146
57847,-2.349870,0.603718
57848,-2.493959,1.246980
57849,-3.123202,0.900969
57850,-2.256195,-0.445042
57851,-2.874250,1.652478
57852,-3.822291,1.911146
57853,-3.652478,1.826239
57854,-3.911146,1.955573
57855,-2.155959,-0.425270
57856,-1.977662,0.988831
57857,-3.652478,1.826239
57858,-2.598822,-0.147791
57859,-1.554958,0.777479
57860,-2.717704,0.698220
57861,-3.478716,2.000000
57862,-1.607199,0.123490
57863,-3.824265,1.781812
57864,-3.246980,1.623490
57865,-3.161387,1.365341
57866,-2.810768,0.142820
57867,-3.911146,1.955573
57868,-3.650504,1.955573
57869,-3.304955,1.652478
57870,-3.095692,1.320914
57871,-1.801938,0.900969
57872,-2.717704,0.698220
57873,-1.344281,-0.535628
57874,-0.044056,0.054604
57875,-2.669008,0.988831
57876,-2.669008,0.988831
57877,-0.669220,1.781812
57878,-3.065499,1.781812
57879,-3.326140,1.781812
57880,-2.938128,0.142820
57881,-3.955573,1.911146
57882,-2.669008,0.988831
57883,-3.484462,1.623490
57884,-3.397582,1.449729
57885,-3.563623,1.781812
57886,-3.528889,1.579063
57887,-2.793116,1.623490
57888,-1.847313,0.603718
57889,-3.434289,1.911146
57890,-2.343556,-0.658322
57891,-0.911146,0.455573
57892,-1.593993,0.988831
57893,-3.656250,1.579063
57894,-2.430339,0.123490
57895,-2.899457,1.449729
57896,-3.161387,1.365341
57897,-3.824265,1.781812
57898,-2.349870,0.603718
57899,-3.563623,1.781812
57900,-3.656250,1.579063
57901,-2.598822,-0.147791
57902,-1.551938,0.400969
57903,-3.650504,1.955573
57904,-1.210838,0.222521
57905,-2.334986,1.579063
57906,-2.873202,0.400969
57907,-2.294861,-0.367711
57908,-3.427775,0.988831
57909,-2.717704,0.698220
57910,-2.572099,-0.722521
57911,-2.383160,1.191580
57912,-2.038874,-1.400969
57913,-2.635719,0.400969
57914,-2.242359,1.781812
57915,-0.880142,0.440071
57916,-2.096023,2.000000
57917,-2.899457,1.449729
57918,-2.261572,-0.955573
57919,-3.824265,1.781812
57920,-3.824265,1.781812
57921,-3.652478,1.826239
57922,-3.652478,1.826239
57923,-2.431855,0.900969
57924,-3.826239,1.652478
57925,-3.324167,1.911146
57926,-2.706235,1.449729
57927,-3.095692,1.320914
57928,-2.810768,0.142820
57929,-1.474108,-1.400969
57930,-1.279149,1.191580
57931,-3.694931,1.911146
57932,-2.964384,1.191580
57933,-3.779838,1.826239
57934,-3.397582,1.449729
57935,-1.349189,0.603718
57936,-3.462508,1.191580
57937,-2.964384,1.191580
57938,-3.333174,1.320914
57939,-3.623490,1.246980
57940,-3.434289,1.911146
57941,-3.281713,1.826239
57942,-3.694931,1.911146
57943,-2.015156,0.455573
57944,-1.634892,-0.826239
57945,-3.102206,1.246980
57946,-1.466104,0.733052
57947,-3.326140,1.781812
57948,-2.576901,1.579063
57949,-3.911146,1.955573
57950,-3.528889,1.579063
57951,-2.336959,1.449729
57952,-1.681370,1.030303
57953,-3.623490,1.246980
57954,-2.302521,1.030303
57955,-2.563163,1.030303
57956,-2.347897,0.733052
57957,-3.246980,1.623490
57958,-3.694931,1.911146
57959,-3.528889,1.579063
57960,-1.695108,1.579063
57961,-2.964384,1.191580
57962,-3.065499,1.781812
57963,-2.371693,1.652478
57964,-3.824265,1.781812
57965,-3.246980,1.623490
57966,-1.648630,-0.277479
57967,-3.866718,2.000000
57968,-2.885719,0.900969
57969,-2.899457,1.449729
57970,-3.397582,1.449729
57971,-0.855884,0.733052
57972,-3.462508,1.191580
57973,-3.088468,0.698220
57974,-0.880142,0.440071
57975,-3.281713,1.826239
57976,-2.367905,-0.134659
57977,-2.311457,-0.722521
57978,-1.713557,-0.535628
57979,1.568532,-1.801938
57980,-1.005460,-0.955573
57981,-3.335148,1.191580
57982,-3.484462,1.623490
57983,-3.822291,1.911146
57984,-3.911146,1.955573
57985,-3.826239,1.652478
57986,-3.427775,0.988831
57987,-0.700307,0.733052
57988,-1.928302,-1.488831
57989,-3.326140,1.781812
57990,-3.397582,1.449729
57991,-3.824265,1.781812
57992,-3.304955,1.652478
57993,-3.652478,1.826239
57994,-3.911146,1.955573
57995,-3.158125,1.579063
57996,-3.911146,1.955573
57997,-0.207271,1.246980
57998,-1.461364,0.730682
57999,-2.002903,1.911146
58000,-3.158125,1.579063
58001,-3.427775,0.988831
58002,-3.822291,1.911146
58003,-2.383160,1.191580
58004,-2.098256,0.455573
58005,-3.095692,1.320914
58006,-3.335148,1.191580
58007,-2.493959,1.246980
58008,-3.324167,1.911146
58009,-2.176109,0.777479
58010,-3.822291,1.911146
58011,-1.731730,-0.277479
58012,-3.824265,1.781812
58013,-1.384971,1.449729
58014,-2.717704,0.698220
58015,-2.700489,1.826239
58016,-3.563623,1.781812
58017,-2.096023,2.000000
58018,-3.563623,1.781812
58019,-2.343556,-0.658322
58020,-2.717704,0.698220
58021,-2.730682,1.365341
58022,-2.874250,1.652478
58023,-3.484462,1.623490
58024,-2.334986,1.579063
58025,-3.822291,1.911146
58026,-2.011910,1.320914
58027,-3.335148,1.191580
58028,-3.824265,1.781812
58029,-2.730682,1.365341
58030,-2.810768,0.142820
58031,-1.039051,0.266948
58032,-2.598822,-0.147791
58033,-1.917063,0.093187
58034,-3.434289,1.911146
58035,-3.123202,0.900969
58036,-3.152379,1.955573
58037,-2.742943,1.911146
58038,-3.658223,1.449729
58039,-3.563623,1.781812
58040,-3.484462,1.623490
58041,-3.658223,1.449729
58042,-2.461033,1.955573
58043,-2.964384,1.191580
58044,-0.763270,1.246980
58045,-0.275215,1.826239
58046,-3.088468,0.698220
58047,-3.427775,0.988831
58048,-2.635719,0.400969
58049,-2.500000,-1.000000
58050,-1.344281,-0.535628
58051,-2.669008,0.988831
58052,-1.550062,0.900969
58053,-2.837543,1.579063
58054,-3.563623,1.781812
58055,-3.123202,0.900969
58056,-2.149460,1.074730
58057,-1.323809,0.455573
58058,-3.824265,1.781812
58059,-0.589531,0.730682
58060,-3.779838,1.826239
58061,-3.694931,1.911146
58062,-1.845869,0.988831
58063,-3.528889,1.579063
58064,-3.123202,0.900969
58065,-0.938334,-0.826239
58066,-1.300576,-0.365341
58067,-3.158125,1.579063
58068,-3.490208,1.246980
58069,-2.730682,1.365341
58070,-1.198511,1.030303
58071,-3.911146,1.955573
58072,-2.060606,1.030303
58073,-3.397582,1.449729
58074,-3.215828,0.698220
58075,-0.088164,0.142820
58076,-3.824265,1.781812
58077,-3.397582,1.449729
58078,-3.158125,1.579063
58079,-3.652478,1.826239
58080,-2.337712,0.326239
58081,-3.484462,1.623490
58082,-2.261572,-0.955573
58083,-1.878417,-1.721883
58084,-2.844057,0.730682
58085,-3.065499,1.781812
58086,-3.822291,1.911146
58087,-2.181855,0.400969
58088,-2.873202,0.400969
58089,-1.873490,-1.123490
58090,-2.256195,-0.445042
58091,-3.822291,1.911146
58092,-2.343556,-0.658322
58093,-2.717704,0.698220
58094,-1.154522,0.988831
58095,-3.158125,1.579063
58096,-3.324167,1.911146
58097,-3.490208,1.246980
58098,-3.563623,1.781812
58099,-0.983709,-1.123490
58100,1.616030,-0.365341
58101,-2.184738,-0.367711
58102,-1.120429,-1.721883
58103,0.629308,-0.162592
58104,-3.153395,0.440071
58105,-3.304955,1.652478
58106,-2.334986,1.579063
58107,-3.158125,1.579063
58108,-2.892753,0.440071
58109,-3.158125,1.579063
58110,-3.365341,0.730682
58111,-2.654083,-0.425270
58112,-1.775215,0.326239
58113,-2.899457,1.449729
58114,-2.670453,0.603718
58115,-2.440004,0.142820
58116,-2.859464,-0.147791
58117,-2.563163,1.030303
58118,-3.434289,1.911146
58119,-3.911146,1.955573
58120,-2.641828,1.320914
58121,-2.374152,1.781812
58122,-3.051264,1.365341
58123,-2.899457,1.449729
58124,-2.964384,1.191580
58125,-3.246980,1.623490
58126,-1.349578,0.500000
58127,-2.899457,1.449729
58128,-1.934194,0.777479
58129,-3.397582,1.449729
58130,-2.669008,0.988831
58131,-3.326140,1.781812
58132,-3.427775,0.988831
58133,-2.440004,0.142820
58134,-1.926590,-0.109562
58135,0.000371,0.099031
58136,-3.051264,1.365341
58137,-2.598822,-0.147791
58138,-2.873202,0.400969
58139,-3.955573,1.911146
58140,-2.119812,-0.109562
58141,-2.541119,0.733052
58142,-2.605388,-0.134659
58143,-3.779838,1.826239
58144,-3.528889,1.579063
58145,-2.670453,0.603718
58146,-1.634892,-0.826239
58147,-0.669220,1.781812
58148,-2.696708,1.652478
58149,-1.695108,1.579063
58150,-1.801938,0.900969
58151,-2.670453,0.603718
58152,-3.528889,1.579063
58153,-3.911146,1.955573
58154,-2.641828,1.320914
58155,-3.281713,1.826239
58156,-1.801938,0.900969
58157,-3.955573,1.911146
58158,-2.242359,1.781812
58159,-0.043581,-1.233052
58160,-3.397582,1.449729
58161,-3.528889,1.579063
58162,-3.824265,1.781812
58163,-2.563163,1.030303
58164,-3.658223,1.449729
58165,-3.866718,2.000000
58166,-0.860591,0.400969
58167,-3.281713,1.826239
58168,-2.572099,-0.722521
58169,-2.837543,1.579063
58170,-2.644197,-0.445042
58171,-3.824265,1.781812
58172,-1.824442,1.449729
58173,0.781922,0.603718
58174,0.106511,0.011169
58175,-2.431855,0.900969
58176,-2.899457,1.449729
58177,-2.383160,1.191580
58178,-2.717704,0.698220
58179,-1.965750,-1.801938
58180,-2.316833,-1.233052
58181,-3.658223,1.449729
58182,-3.911146,1.955573
58183,-2.730682,1.365341
58184,-2.730682,1.365341
58185,-3.161387,1.365341
58186,-3.397582,1.449729
58187,1.515169,0.603718
58188,-1.200484,0.900969
58189,-3.161387,1.365341
58190,-1.419626,-1.123490
58191,-0.873667,-0.955573
58192,-3.153395,0.440071
58193,-3.158125,1.579063
58194,-0.866720,-1.233052
58195,-1.922262,1.652478
58196,-2.383160,1.191580
58197,-3.427775,0.988831
58198,-3.656250,1.579063
58199,-3.152379,1.955573
58200,-3.822291,1.911146
58201,-3.911146,1.955573
58202,-2.730682,1.365341
58203,-2.343556,-0.658322
58204,-3.656250,1.579063
58205,-2.717704,0.698220
58206,-2.641828,1.320914
58207,-3.652478,1.826239
58208,-2.060606,1.030303
58209,-2.334986,1.579063
58210,-1.127350,1.826239
58211,-3.304955,1.652478
58212,-2.366718,-1.000000
58213,-2.810768,0.142820
58214,-2.056191,-1.233052
58215,-2.383160,1.191580
58216,-3.215828,0.698220
58217,-3.911146,1.955573
58218,-0.008010,-0.147791
58219,-0.686069,-0.722521
58220,-3.650504,1.955573
58221,-1.423694,-1.889800
58222,-2.885719,0.900969
58223,-3.694931,1.911146
58224,-3.051264,1.365341
58225,-0.336881,-0.826239
58226,-1.171501,-0.623490
58227,-3.427775,0.988831
58228,-3.065499,1.781812
58229,-2.700489,1.826239
58230,-2.598822,-0.147791
58231,-3.158125,1.579063
58232,-1.873490,-1.123490
58233,-2.669008,0.988831
58234,-2.835050,1.320914
58235,-2.334986,1.579063
58236,-2.366718,-1.000000
58237,-1.330319,-0.914101
58238,-0.288960,0.149460
58239,-1.300576,-0.365341
58240,-2.302521,1.030303
58241,-3.955573,1.911146
58242,-3.824265,1.781812
58243,-2.563163,1.030303
58244,-3.692957,1.652478
58245,-1.120429,-1.721883
58246,-3.911146,1.955573
58247,-3.158125,1.579063
58248,-2.780575,0.603718
58249,-2.336959,1.449729
58250,-0.911146,0.455573
58251,-3.822291,1.911146
58252,-3.650504,1.955573
58253,-3.652478,1.826239
58254,-1.014727,-0.162592
58255,-0.434577,-0.109562
58256,-2.964384,1.191580
58257,-3.911146,1.955573
58258,-3.281713,1.826239
58259,-3.623490,1.246980
58260,-2.742943,1.911146
58261,-2.837543,1.579063
58262,-2.742943,1.911146
58263,-1.934194,0.777479
58264,-3.434289,1.911146
58265,-0.967322,0.123490
58266,-1.934194,0.777479
58267,-1.253943,-1.233052
58268,-2.336959,1.449729
58269,-3.824265,1.781812
58270,-3.822291,1.911146
58271,-3.652478,1.826239
58272,-2.810768,0.142820
58273,-3.161387,1.365341
58274,-2.060606,1.030303
58275,-3.658223,1.449729
58276,-3.650504,1.955573
58277,-3.095692,1.320914
58278,-3.397582,1.449729
58279,-2.899457,1.449729
58280,-2.272552,1.320914
58281,-2.826042,1.911146
58282,-3.911146,1.955573
58283,-2.872277,1.781812
58284,-3.167133,0.988831
58285,-3.161387,1.365341
58286,-2.899457,1.449729
58287,-1.207436,0.603718
58288,-2.883745,1.030303
58289,-2.700489,1.826239
58290,-3.490208,1.246980
58291,-2.873202,0.400969
58292,-3.215828,0.698220
58293,-3.335148,1.191580
58294,-0.071261,-0.658322
58295,-1.051938,0.900969
58296,-3.911146,1.955573
58297,-3.123202,0.900969
58298,-2.780575,0.603718
58299,-3.658223,1.449729
58300,-2.641828,1.320914
58301,-3.490208,1.246980
58302,-1.652210,-0.658322
58303,-2.110972,-1.123490
58304,-0.686458,-0.826239
58305,1.164702,-0.722521
58306,-2.644197,-0.445042
58307,-2.106074,-0.658322
58308,-3.563623,1.781812
58309,-2.002903,1.911146
58310,-3.095692,1.320914
58311,-3.822291,1.911146
58312,-3.652478,1.826239
58313,-3.658223,1.449729
58314,-2.810768,0.142820
58315,-3.152379,1.955573
58316,-3.563623,1.781812
58317,-3.490208,1.246980
58318,-2.810768,0.142820
58319,-3.822291,1.911146
58320,-3.911146,1.955573
58321,-3.484462,1.623490
58322,-3.911146,1.955573
58323,-2.711958,1.074730
58324,-1.607199,0.123490
58325,-2.385621,1.030303
58326,-1.270918,0.730682
58327,-2.730682,1.365341
58328,-1.922262,1.652478
58329,-2.874250,1.652478
58330,-1.945199,0.149460
58331,-2.885719,0.900969
58332,-2.899457,1.449729
58333,-2.810768,0.142820
58334,-3.158125,1.579063
58335,-3.822291,1.911146
58336,-2.493959,1.246980
58337,-2.394628,0.440071
58338,-2.899457,1.449729
58339,-3.365341,0.730682
58340,-2.700489,1.826239
58341,-3.824265,1.781812
58342,-1.773241,0.455573
58343,-2.060606,1.030303
58344,-3.158125,1.579063
58345,-3.652478,1.826239
58346,-3.335148,1.191580
58347,-1.921819,-1.889800
58348,-1.833963,0.093187
58349,-3.152379,1.955573
58350,-2.349870,0.603718
58351,-1.717979,0.733052
58352,-2.316833,-1.233052
58353,-3.563623,1.781812
58354,-2.844057,0.730682
58355,-2.383160,1.191580
58356,-3.158125,1.579063
58357,-3.652478,1.826239
58358,-3.167133,0.988831
58359,-2.700489,1.826239
58360,-3.335148,1.191580
58361,-3.365341,0.730682
58362,-1.116526,0.733052
58363,-2.493959,1.246980
58364,-1.717979,0.733052
58365,-3.652478,1.826239
58366,-2.383160,1.191580
58367,-2.337712,0.326239
58368,-2.116349,-1.634021
58369,-1.551584,-1.634021
58370,-0.764573,0.326239
58371,-3.694931,1.911146
58372,1.505663,1.191580
58373,-3.161387,1.365341
58374,-1.303596,-1.488831
58375,-2.388932,-0.955573
58376,-3.692957,1.652478
58377,-3.824265,1.781812
58378,-2.371693,1.652478
58379,-3.911146,1.955573
58380,-2.872277,1.781812
58381,-3.484462,1.623490
58382,-3.824265,1.781812
58383,-2.208111,1.449729
58384,-2.563163,1.030303
58385,-1.492359,1.781812
58386,-2.294861,-0.367711
58387,-1.474108,-1.400969
58388,-1.489885,-1.977662
58389,-1.574735,-0.425270
58390,-1.855707,-1.634021
58391,-0.102430,-1.889800
58392,-2.431855,0.900969
58393,-2.793116,1.623490
58394,-2.892753,0.440071
58395,-1.270918,0.730682
58396,-1.524320,-0.914101
58397,-3.335148,1.191580
58398,-3.822291,1.911146
58399,-3.822291,1.911146
58400,-2.899457,1.449729
58401,-2.493959,1.246980
58402,-2.899457,1.449729
58403,-2.873202,0.400969
58404,-2.717704,0.698220
58405,-0.169409,-0.109562
58406,-1.988459,-1.889800
58407,-1.762918,-1.211352
58408,-3.563623,1.781812
58409,-3.232059,0.730682
58410,-3.824265,1.781812
58411,-3.650504,1.955573
58412,-3.658223,1.449729
58413,-3.484462,1.623490
58414,-3.333174,1.320914
58415,-3.623490,1.246980
58416,-2.051596,1.911146
58417,-3.427775,0.988831
58418,-2.837543,1.579063
58419,-2.872277,1.781812
58420,-2.742943,1.911146
58421,-2.394628,0.440071
58422,-2.872277,1.781812
58423,-3.095692,1.320914
58424,-3.246980,1.623490
58425,-3.246980,1.623490
58426,-3.563623,1.781812
58427,-2.576901,1.579063
58428,-3.246980,1.623490
58429,-2.466259,1.191580
58430,-2.302521,1.030303
58431,-2.149460,1.074730
58432,-3.268248,1.579063
58433,-1.914041,-0.134659
58434,-3.484462,1.623490
58435,-1.717542,-0.914101
58436,-1.568917,-1.211352
58437,-3.911146,1.955573
58438,-3.326140,1.781812
58439,-3.324167,1.911146
58440,-2.060606,1.030303
58441,-3.650504,1.955573
58442,-3.158125,1.579063
58443,-3.333174,1.320914
58444,-2.730682,1.365341
58445,-1.849772,0.733052
58446,-0.916907,-0.365341
58447,-0.296416,-0.074730
58448,-1.244415,0.988831
58449,-1.977662,0.988831
58450,-2.844057,0.730682
58451,-2.155959,-0.425270
58452,-2.654083,-0.425270
58453,-1.636943,1.074730
58454,-1.845869,0.988831
58455,-2.899457,1.449729
58456,-2.717704,0.698220
58457,-2.669008,0.988831
58458,-2.859464,-0.147791
58459,-3.563623,1.781812
58460,-1.466104,0.733052
58461,-3.158125,1.579063
58462,-2.060606,1.030303
58463,-2.056191,-1.233052
58464,-2.166234,-1.400969
58465,-1.419626,-1.123490
58466,-3.434289,1.911146
58467,-2.302521,1.030303
58468,-2.141244,1.191580
58469,-3.088468,0.698220
58470,-3.911146,1.955573
58471,-1.934194,0.777479
58472,-1.384971,1.449729
58473,-3.528889,1.579063
58474,-3.779838,1.826239
58475,-2.440004,0.142820
58476,-2.553446,0.149460
58477,-2.184738,-0.367711
58478,-1.762918,-1.211352
58479,-1.413419,-0.914101
58480,-2.899457,1.449729
58481,-3.365341,0.730682
58482,-2.885719,0.900969
58483,-3.333174,1.320914
58484,-2.793116,1.623490
58485,-3.911146,1.955573
58486,-2.294861,-0.367711
58487,-1.229693,-1.889800
58488,1.745104,-0.623490
58489,-3.304955,1.652478
58490,-3.656250,1.579063
58491,-0.823226,0.326239
58492,-2.394628,0.440071
58493,-3.246980,1.623490
58494,-3.563623,1.781812
58495,-3.656250,1.579063
58496,-3.158125,1.579063
58497,-2.793116,1.623490
58498,-3.065499,1.781812
58499,-3.658223,1.449729
58500,-3.478716,2.000000
58501,-3.484462,1.623490
58502,-2.835050,1.320914
58503,-2.700489,1.826239
58504,-3.215828,0.698220
58505,-3.427775,0.988831
58506,-2.717704,0.698220
58507,-2.349870,0.603718
58508,-3.826239,1.652478
58509,-2.873202,0.400969
58510,-1.207436,0.603718
58511,-2.060606,1.030303
58512,-3.333174,1.320914
58513,-1.207436,0.603718
58514,-3.427775,0.988831
58515,-3.167133,0.988831
58516,-3.152379,1.955573
58517,-3.304955,1.652478
58518,-3.658223,1.449729
58519,-2.892753,0.440071
58520,-3.397582,1.449729
58521,-3.333174,1.320914
58522,-3.822291,1.911146
58523,-3.650504,1.955573
58524,-3.304955,1.652478
58525,-0.109208,0.054604
58526,-1.127350,1.826239
58527,-1.445881,-0.074730
58528,-3.650504,1.955573
58529,-3.652478,1.826239
58530,-3.123202,0.900969
58531,-3.326140,1.781812
58532,-3.153395,0.440071
58533,-3.304955,1.652478
58534,-3.167133,0.988831
58535,-3.911146,1.955573
58536,-3.826239,1.652478
58537,-3.427775,0.988831
58538,-3.333174,1.320914
58539,-2.700489,1.826239
58540,-2.793116,1.623490
58541,-3.095692,1.320914
58542,-3.824265,1.781812
58543,-2.168944,1.246980
58544,-2.060606,1.030303
58545,1.266452,-0.365341
58546,-3.427775,0.988831
58547,-2.793116,1.623490
58548,-3.304955,1.652478
58549,-1.413198,1.623490
58550,-3.246980,1.623490
58551,-1.088404,-0.914101
58552,-2.572099,-0.722521
58553,-1.086885,-1.400969
58554,-2.060606,1.030303
58555,-3.158125,1.579063
58556,-0.211190,0.142820
58557,-0.250000,-1.000000
58558,-2.526723,-0.425270
58559,-3.911146,1.955573
58560,-1.137418,-1.466104
58561,-2.051596,1.911146
58562,-2.938128,0.142820
58563,-2.228125,1.365341
58564,-2.706235,1.449729
58565,-3.484462,1.623490
58566,-3.955573,1.911146
58567,-3.658223,1.449729
58568,-3.051264,1.365341
58569,-3.911146,1.955573
58570,-3.088468,0.698220
58571,-2.563163,1.030303
58572,-3.167133,0.988831
58573,-3.397582,1.449729
58574,-2.644197,-0.445042
58575,-1.154522,0.988831
58576,-2.526723,-0.425270
58577,-2.605388,-0.134659
58578,-0.834695,-0.425270
58579,-2.347897,0.733052
58580,-2.810768,0.142820
58581,-1.922262,1.652478
58582,-3.158125,1.579063
58583,-2.383160,1.191580
58584,-2.835050,1.320914
58585,-1.833963,0.093187
58586,-0.689843,0.400969
58587,-3.658223,1.449729
58588,-1.000000,0.500000
58589,-1.308725,-1.123490
58590,-1.361599,-0.367711
58591,-3.563623,1.781812
58592,-2.964384,1.191580
58593,-0.275215,1.826239
58594,-3.692957,1.652478
58595,-3.194833,1.652478
58596,-2.859464,-0.147791
58597,-3.152379,1.955573
58598,-2.993868,1.030303
58599,-3.074730,0.149460
58600,-1.855707,-1.634021
58601,-3.158125,1.579063
58602,-2.431855,0.900969
58603,-3.826239,1.652478
58604,-2.730682,1.365341
58605,-3.484462,1.623490
58606,-2.730682,1.365341
58607,-3.652478,1.826239
58608,-2.347897,0.733052
58609,-2.060606,1.030303
58610,-2.060606,1.030303
58611,-2.810768,0.142820
58612,-2.349870,0.603718
58613,-3.650504,1.955573
58614,-1.551938,0.400969
58615,-3.158125,1.579063
58616,-1.745664,-1.466104
58617,-0.932879,0.054604
58618,-3.462508,1.191580
58619,-2.563163,1.030303
58620,-2.394628,0.440071
58621,-1.855707,-1.634021
58622,0.259051,-0.074730
58623,-2.899457,1.449729
58624,-3.911146,1.955573
58625,-3.397582,1.449729
58626,-2.700489,1.826239
58627,-2.060606,1.030303
58628,-3.095692,1.320914
58629,-3.158125,1.579063
58630,-1.466104,0.733052
58631,-3.652478,1.826239
58632,-2.899457,1.449729
58633,-4.000000,2.000000
58634,-2.176109,0.777479
58635,-3.158125,1.579063
58636,-1.717979,0.733052
58637,-2.366718,-1.000000
58638,-1.955475,-0.826239
58639,-1.977662,0.988831
58640,-2.835050,1.320914
58641,-3.656250,1.579063
58642,-3.427775,0.988831
58643,-2.336959,1.449729
58644,-2.060606,1.030303
58645,-2.730682,1.365341
58646,-2.892753,0.440071
58647,-1.039051,0.266948
58648,-1.801938,0.900969
58649,-1.442336,-1.211352
58650,-3.158125,1.579063
58651,-2.635719,0.400969
58652,-2.700489,1.826239
58653,-3.826239,1.652478
58654,-2.835050,1.320914
58655,-1.965750,-1.801938
58656,-2.493959,1.246980
58657,-0.864659,-0.365341
58658,-1.210838,0.222521
58659,-3.824265,1.781812
58660,-3.484462,1.623490
58661,-3.563623,1.781812
58662,-3.824265,1.781812
58663,-3.304955,1.652478
58664,-3.365341,0.730682
58665,-2.885719,0.900969
58666,-3.563623,1.781812
58667,-1.836861,1.579063
58668,-2.598822,-0.147791
58669,-2.168944,1.246980
58670,-3.215828,0.698220
58671,-3.158125,1.579063
58672,-3.658223,1.449729
58673,-3.167133,0.988831
58674,-3.326140,1.781812
58675,-3.658223,1.449729
58676,-3.652478,1.826239
58677,-3.563623,1.781812
58678,-2.669008,0.988831
58679,-2.883745,1.030303
58680,-3.065499,1.781812
58681,-1.601453,0.500000
58682,-3.652478,1.826239
58683,-1.039708,-0.623490
58684,0.001504,0.400969
58685,-2.119812,-0.109562
58686,-2.605388,-0.134659
58687,-0.533896,0.266948
58688,-2.367905,-0.134659
58689,-3.478716,2.000000
58690,-2.635719,0.400969
58691,-2.793116,1.623490
58692,-3.304955,1.652478
58693,-3.167133,0.988831
58694,-2.872277,1.781812
58695,-3.911146,1.955573
58696,-3.826239,1.652478
58697,-3.484462,1.623490
58698,-2.899457,1.449729
58699,-2.777479,-0.445042
58700,-2.706235,1.449729
58701,-3.427775,0.988831
58702,-3.158125,1.579063
58703,-3.824265,1.781812
58704,-3.427775,0.988831
58705,-3.158125,1.579063
58706,-2.337712,0.326239
58707,-2.155959,-0.425270
58708,-2.706235,1.449729
58709,-3.478716,2.000000
58710,-2.892753,0.440071
58711,-2.163198,1.623490
58712,-3.158125,1.579063
58713,-1.262697,0.326239
58714,-3.161387,1.365341
58715,-3.652478,1.826239
58716,-3.650504,1.955573
58717,-1.762918,-1.211352
58718,-3.158125,1.579063
58719,-3.397582,1.449729
58720,-3.246980,1.623490
58721,-3.335148,1.191580
58722,-3.158125,1.579063
58723,-3.065499,1.781812
58724,-3.161387,1.365341
58725,-3.095692,1.320914
58726,-1.044797,-0.109562
58727,-1.397882,0.603718
58728,-2.717704,0.698220
58729,-2.272552,1.320914
58730,-1.179763,1.911146
58731,-1.554958,0.777479
58732,-3.652478,1.826239
58733,-2.859464,-0.147791
58734,-0.771367,0.222521
58735,-3.304955,1.652478
58736,-2.899457,1.449729
58737,0.511702,-0.535628
58738,-1.475625,-0.623490
58739,-0.008010,-0.147791
58740,-1.236955,-1.488831
58741,-2.461033,1.955573
58742,-3.397582,1.449729
58743,-3.563623,1.781812
58744,-3.652478,1.826239
58745,-3.333174,1.320914
58746,-1.836861,1.579063
58747,-2.181855,0.400969
58748,-3.484462,1.623490
58749,-3.563623,1.781812
58750,-2.383160,1.191580
58751,-3.397582,1.449729
58752,-3.822291,1.911146
58753,-1.864156,-0.367711
58754,-3.304955,1.652478
58755,-3.158125,1.579063
58756,-3.324167,1.911146
58757,-3.490208,1.246980
58758,-3.478716,2.000000
58759,-1.127350,1.826239
58760,-2.294861,-0.367711
58761,-3.563623,1.781812
58762,-3.326140,1.781812
58763,-3.246980,1.623490
58764,-1.773241,0.455573
58765,-2.334986,1.579063
58766,-3.563623,1.781812
58767,-3.563623,1.781812
58768,-2.899457,1.449729
58769,-2.261572,-0.955573
58770,-1.212812,0.093187
58771,-1.717542,-0.914101
58772,-3.911146,1.955573
58773,-3.658223,1.449729
58774,-3.324167,1.911146
58775,-1.773241,0.455573
58776,-3.822291,1.911146
58777,-2.826042,1.911146
58778,-3.158125,1.579063
58779,-3.911146,1.955573
58780,-2.461033,1.955573
58781,-3.650504,1.955573
58782,-1.977662,0.988831
58783,-3.822291,1.911146
58784,-1.214222,1.449729
58785,-2.835050,1.320914
58786,-1.026723,1.074730
58787,0.449827,1.579063
58788,-2.641828,1.320914
58789,-2.717704,0.698220
58790,-3.335148,1.191580
58791,0.298012,0.500000
58792,-1.357582,-1.634021
58793,-0.256645,0.142820
58794,-2.964384,1.191580
58795,0.092933,0.142820
58796,0.084793,0.054604
58797,-2.163198,1.623490
58798,-3.326140,1.781812
58799,-3.326140,1.781812
58800,-3.152379,1.955573
58801,-3.478716,2.000000
58802,-1.198511,1.030303
58803,-3.652478,1.826239
58804,-2.899457,1.449729
58805,-3.650504,1.955573
58806,-3.427775,0.988831
58807,-2.334986,1.579063
58808,-3.490208,1.246980
58809,-2.810768,0.142820
58810,-1.745664,-1.466104
58811,-3.335148,1.191580
58812,-3.335148,1.191580
58813,-2.899457,1.449729
58814,-1.801938,0.900969
58815,-3.652478,1.826239
58816,-2.383160,1.191580
58817,-3.335148,1.191580
58818,-1.149815,1.320914
58819,-2.826042,1.911146
58820,-3.095692,1.320914
58821,-2.826042,1.911146
58822,-3.911146,1.955573
58823,-3.246980,1.623490
58824,-2.669008,0.988831
58825,-3.153395,0.440071
58826,-3.658223,1.449729
58827,-2.011910,1.320914
58828,-3.658223,1.449729
58829,-1.717542,-0.914101
58830,-0.621791,-0.955573
58831,-2.065597,-0.826239
58832,-2.872277,1.781812
58833,-3.246980,1.623490
58834,-3.824265,1.781812
58835,-3.051264,1.365341
58836,-3.528889,1.579063
58837,-3.563623,1.781812
58838,-2.100697,-0.147791
58839,-0.584824,-0.033258
58840,-3.326140,1.781812
58841,-3.563623,1.781812
58842,-3.822291,1.911146
58843,-2.242359,1.781812
58844,-2.430339,0.123490
58845,-1.801938,0.900969
58846,-2.872277,1.781812
58847,-3.304955,1.652478
58848,-1.461364,0.730682
58849,-2.367905,-0.134659
58850,-2.810768,0.142820
58851,-3.335148,1.191580
58852,-1.154522,0.988831
58853,-1.344281,-0.535628
58854,-1.933731,0.900969
58855,-3.563623,1.781812
58856,-2.993868,1.030303
58857,-3.088468,0.698220
58858,-2.837543,1.579063
58859,-3.528889,1.579063
58860,-2.388932,-0.955573
58861,-2.892753,0.440071
58862,-3.152379,1.955573
58863,-2.669008,0.988831
58864,-3.658223,1.449729
58865,-3.065499,1.781812
58866,-1.813332,-0.722521
58867,-1.116526,0.733052
58868,-3.563623,1.781812
58869,-3.051264,1.365341
58870,-3.333174,1.320914
58871,-3.658223,1.449729
58872,-1.855707,-1.634021
58873,-3.246980,1.623490
58874,-2.110972,-1.123490
58875,-3.911146,1.955573
58876,-3.822291,1.911146
58877,-3.153395,0.440071
58878,-3.333174,1.320914
58879,-2.711958,1.074730
58880,-2.119812,-0.109562
58881,-3.065499,1.781812
58882,-2.149460,1.074730
58883,-1.244415,0.988831
58884,-2.859464,-0.147791
58885,-1.357582,-1.634021
58886,-1.873040,-1.211352
58887,-1.928302,-1.488831
58888,-3.281713,1.826239
58889,-3.563623,1.781812
58890,-1.917063,0.093187
58891,-3.102206,1.246980
58892,-2.228125,1.365341
58893,-2.892753,0.440071
58894,-0.867905,1.365341
58895,-1.409351,-0.147791
58896,-1.121986,-0.722521
58897,-3.911146,1.955573
58898,-3.779838,1.826239
58899,-2.466259,1.191580
58900,-3.911146,1.955573
58901,-1.652210,-0.658322
58902,-2.859464,-0.147791
58903,-1.121986,-0.722521
58904,-2.572099,-0.722521
58905,0.238315,-0.033258
58906,-1.349189,0.603718
58907,-1.026723,1.074730
58908,-1.551938,0.400969
58909,-2.553446,0.149460
58910,-3.955573,1.911146
58911,-2.228125,1.365341
58912,-3.281713,1.826239
58913,-3.051264,1.365341
58914,-3.911146,1.955573
58915,-3.563623,1.781812
58916,-3.911146,1.955573
58917,-3.779838,1.826239
58918,-3.123202,0.900969
58919,-1.695108,1.579063
58920,-3.281713,1.826239
58921,-3.650504,1.955573
58922,-2.144490,0.326239
58923,-0.270784,0.093187
58924,-3.462508,1.191580
58925,-2.526723,-0.425270
58926,-2.837543,1.579063
58927,-2.540461,0.123490
58928,-2.371693,1.652478
58929,-3.281713,1.826239
58930,-3.563623,1.781812
58931,-1.775215,0.326239
58932,-3.281713,1.826239
58933,-3.911146,1.955573
58934,-3.650504,1.955573
58935,-3.194833,1.652478
58936,-3.326140,1.781812
58937,-3.326140,1.781812
58938,-3.167133,0.988831
58939,-3.462508,1.191580
58940,-3.658223,1.449729
58941,-3.692957,1.652478
58942,-3.563623,1.781812
58943,-3.866718,2.000000
58944,-1.361599,-0.367711
58945,-0.596023,-1.000000
58946,-0.637763,-0.535628
58947,-3.484462,1.623490
58948,-2.793116,1.623490
58949,-2.383160,1.191580
58950,-0.317668,1.911146
58951,-2.060606,1.030303
58952,-2.941449,0.149460
58953,-3.333174,1.320914
58954,-1.813332,-0.722521
58955,-1.309583,-0.955573
58956,-1.344281,-0.535628
58957,-3.158125,1.579063
58958,-1.878417,-1.721883
58959,-1.933731,0.900969
58960,-3.153395,0.440071
58961,-2.261572,-0.955573
58962,-3.246980,1.623490
58963,-3.158125,1.579063
58964,-2.899457,1.449729
58965,-1.275116,0.455573
58966,-2.385621,1.030303
58967,-1.836861,1.579063
58968,-3.335148,1.191580
58969,-1.088404,-0.914101
58970,-1.574293,-1.721883
58971,-2.835050,1.320914
58972,-2.011910,1.320914
58973,-3.397582,1.449729
58974,-2.334986,1.579063
58975,-3.152379,1.955573
58976,-3.333174,1.320914
58977,-2.826042,1.911146
58978,-1.734301,-1.488831
58979,-2.242359,1.781812
58980,-0.241532,0.054604
58981,-2.005777,-1.721883
58982,-2.266948,-1.466104
58983,-2.598822,-0.147791
58984,-3.656250,1.579063
58985,-2.635719,0.400969
58986,-3.427775,0.988831
58987,-3.822291,1.911146
58988,-3.650504,1.955573
58989,-0.131104,1.365341
58990,-0.285640,0.142820
58991,-2.717704,0.698220
58992,-1.833963,0.093187
58993,-3.215828,0.698220
58994,-3.335148,1.191580
58995,-2.060606,1.030303
58996,-3.478716,2.000000
58997,-3.822291,1.911146
58998,-3.822291,1.911146
58999,-3.335148,1.191580
59000,-1.855707,-1.634021
59001,-1.878417,-1.721883
59002,-2.605388,-0.134659
59003,-3.167133,0.988831
59004,-3.484462,1.623490
59005,-3.911146,1.955573
59006,-2.883745,1.030303
59007,-3.824265,1.781812
59008,-0.586211,-0.147791
59009,-1.801938,0.900969
59010,-2.256195,-0.445042
59011,-2.635719,0.400969
59012,-3.824265,1.781812
59013,-1.906779,-0.535628
59014,-3.335148,1.191580
59015,-3.158125,1.579063
59016,-3.215828,0.698220
59017,-3.650504,1.955573
59018,-3.153395,0.440071
59019,-2.060606,1.030303
59020,-3.333174,1.320914
59021,-3.065499,1.781812
59022,-3.652478,1.826239
59023,-2.885719,0.900969
59024,-3.167133,0.988831
59025,-3.365341,0.730682
59026,-3.656250,1.579063
59027,-1.344281,-0.535628
59028,-0.584824,-0.033258
59029,-2.873202,0.400969
59030,-0.985218,0.603718
59031,-3.694931,1.911146
59032,-2.410859,1.246980
59033,-3.779838,1.826239
59034,-2.461033,1.955573
59035,-2.272552,1.320914
59036,-3.563623,1.781812
59037,-2.605388,-0.134659
59038,-2.056191,-1.233052
59039,-0.388818,-0.425270
59040,-2.859464,-0.147791
59041,-0.044541,-0.074730
59042,-1.396440,0.698220
59043,-3.268248,1.579063
59044,-2.141244,1.191580
59045,-2.670453,0.603718
59046,-2.835050,1.320914
59047,-3.563623,1.781812
59048,-1.719513,1.246980
59049,-1.574735,-0.425270
59050,-2.109756,0.123490
59051,-3.911146,1.955573
59052,-3.427775,0.988831
59053,-2.371693,1.652478
59054,-3.326140,1.781812
59055,-3.434289,1.911146
59056,-2.635719,0.400969
59057,-2.899457,1.449729
59058,-1.394005,0.455573
59059,-1.849772,0.733052
59060,-2.872277,1.781812
59061,-3.563623,1.781812
59062,-1.022292,-0.658322
59063,-0.867905,1.365341
59064,-1.734301,-1.488831
59065,-1.027479,-0.277479
59066,-2.100697,-0.147791
59067,-1.409351,-0.147791
59068,-3.528889,1.579063
59069,-1.977662,0.988831
59070,-3.397582,1.449729
59071,-2.347897,0.733052
59072,-3.095692,1.320914
59073,-3.824265,1.781812
59074,-3.692957,1.652478
59075,-3.528889,1.579063
59076,-2.872277,1.781812
59077,-3.866718,2.000000
59078,-3.779838,1.826239
59079,-2.872277,1.781812
59080,-3.824265,1.781812
59081,-2.670453,0.603718
59082,-1.592048,0.093187
59083,-3.462508,1.191580
59084,-1.717542,-0.914101
59085,-1.554958,0.777479
59086,-3.158125,1.579063
59087,-2.518736,1.074730
59088,-1.396440,0.698220
59089,-2.383160,1.191580
59090,-3.304955,1.652478
59091,-2.899457,1.449729
59092,-2.336959,1.449729
59093,-3.167133,0.988831
59094,-3.427775,0.988831
59095,-3.911146,1.955573
59096,-1.229497,0.266948
59097,-1.507653,-1.721883
59098,-1.988459,-1.889800
59099,-1.423694,-1.889800
59100,-0.801938,0.400969
59101,-1.262697,0.326239
59102,-0.078499,0.123490
59103,-3.065499,1.781812
59104,-3.658223,1.449729
59105,-2.302521,1.030303
59106,-2.149460,1.074730
59107,-3.232059,0.730682
59108,-3.167133,0.988831
59109,-3.268248,1.579063
59110,-2.553446,0.149460
59111,-2.011910,1.320914
59112,-2.461033,1.955573
59113,-1.180804,0.266948
59114,-3.824265,1.781812
59115,-3.623490,1.246980
59116,-3.694931,1.911146
59117,-2.576901,1.579063
59118,-3.911146,1.955573
59119,-3.779838,1.826239
59120,-1.462714,0.222521
59121,-3.268248,1.579063
59122,-3.427775,0.988831
59123,-2.374152,1.781812
59124,-3.911146,1.955573
59125,-2.837543,1.579063
59126,-3.167133,0.988831
59127,-3.563623,1.781812
59128,-2.696708,1.652478
59129,-3.779838,1.826239
59130,-1.280886,-1.400969
59131,-1.349578,0.500000
59132,-2.336959,1.449729
59133,-3.326140,1.781812
59134,-1.934194,0.777479
59135,-2.011910,1.320914
59136,-3.563623,1.781812
59137,-3.650504,1.955573
59138,-3.623490,1.246980
59139,-2.141244,1.191580
59140,-1.977662,0.988831
59141,-1.284124,-0.134659
59142,-1.717542,-0.914101
59143,-1.284124,-0.134659
59144,-1.858780,0.142820
59145,-3.650504,1.955573
59146,-3.152379,1.955573
59147,-3.158125,1.579063
59148,-3.335148,1.191580
59149,-0.810020,1.191580
59150,-0.549693,-1.233052
59151,-1.921819,-1.889800
59152,-1.155045,-0.914101
59153,-2.874250,1.652478
59154,-2.431855,0.900969
59155,-3.335148,1.191580
59156,-1.198511,1.030303
59157,-3.652478,1.826239
59158,-2.899457,1.449729
59159,-3.326140,1.781812
59160,-2.711958,1.074730
59161,-1.813332,-0.722521
59162,1.421501,1.623490
59163,-2.060606,1.030303
59164,-3.652478,1.826239
59165,-2.826042,1.911146
59166,-3.246980,1.623490
59167,-1.978621,0.733052
59168,-2.518736,1.074730
59169,-2.060606,1.030303
59170,-2.541119,0.733052
59171,-3.822291,1.911146
59172,-3.324167,1.911146
59173,-3.490208,1.246980
59174,-2.337712,0.326239
59175,-3.826239,1.652478
59176,-3.824265,1.781812
59177,-3.161387,1.365341
59178,-1.524320,-0.914101
59179,-2.670453,0.603718
59180,-2.228125,1.365341
59181,-2.431855,0.900969
59182,-3.528889,1.579063
59183,-3.246980,1.623490
59184,-2.337712,0.326239
59185,0.556688,1.365341
59186,-3.866718,2.000000
59187,-2.100697,-0.147791
59188,-3.911146,1.955573
59189,-2.964384,1.191580
59190,-3.326140,1.781812
59191,-1.279149,1.191580
59192,-3.528889,1.579063
59193,-3.955573,1.911146
59194,-3.281713,1.826239
59195,-1.419626,-1.123490
59196,-1.652210,-0.658322
59197,-2.518736,1.074730
59198,-3.095692,1.320914
59199,-1.775215,0.326239
59200,-3.051264,1.365341
59201,-3.051264,1.365341
59202,-3.658223,1.449729
59203,-3.434289,1.911146
59204,-3.088468,0.698220
59205,-3.102206,1.246980
59206,-1.845869,0.988831
59207,-2.837543,1.579063
59208,-2.964384,1.191580
59209,-2.242359,1.781812
59210,-2.367905,-0.134659
59211,-1.072099,0.777479
59212,-3.692957,1.652478
59213,-3.694931,1.911146
59214,-3.397582,1.449729
59215,-3.462508,1.191580
59216,-2.109756,0.123490
59217,-3.281713,1.826239
59218,-2.228125,1.365341
59219,-3.333174,1.320914
59220,-3.528889,1.579063
59221,-3.434289,1.911146
59222,-3.866718,2.000000
59223,-1.593993,0.988831
59224,-0.586211,-0.147791
59225,-2.038874,-1.400969
59226,-2.440004,0.142820
59227,-1.200484,0.900969
59228,-1.118740,0.142820
59229,-3.822291,1.911146
59230,-2.874250,1.652478
59231,-3.822291,1.911146
59232,-2.885719,0.900969
59233,-2.605388,-0.134659
59234,-3.215828,0.698220
59235,-3.822291,1.911146
59236,-3.650504,1.955573
59237,-1.836861,1.579063
59238,-3.484462,1.623490
59239,-3.158125,1.579063
59240,-2.430339,0.123490
59241,-3.161387,1.365341
59242,-2.810768,0.142820
59243,-2.208111,1.449729
59244,-2.336959,1.449729
59245,-2.060606,1.030303
59246,-1.668109,-1.400969
59247,-3.158125,1.579063
59248,-1.466104,0.733052
59249,-0.722906,-0.365341
59250,-2.635719,0.400969
59251,-3.167133,0.988831
59252,-1.357582,-1.634021
59253,-1.733246,0.500000
59254,-2.563163,1.030303
59255,-2.742943,1.911146
59256,-2.144490,0.326239
59257,-3.268248,1.579063
59258,-3.281713,1.826239
59259,-2.302521,1.030303
59260,-3.694931,1.911146
59261,-3.065499,1.781812
59262,-3.692957,1.652478
59263,-2.563163,1.030303
59264,-1.593993,0.988831
59265,-2.208111,1.449729
59266,-3.824265,1.781812
59267,-2.184738,-0.367711
59268,-0.851453,-1.000000
59269,-2.337712,0.326239
59270,-1.648630,-0.277479
59271,-1.022292,-0.658322
59272,-1.303596,-1.488831
59273,-2.598822,-0.147791
59274,-3.692957,1.652478
59275,-3.268248,1.579063
59276,-1.977662,0.988831
59277,-2.892753,0.440071
59278,-2.964384,1.191580
59279,-2.872277,1.781812
59280,-3.824265,1.781812
59281,-2.899457,1.449729
59282,-3.268248,1.579063
59283,-0.256645,0.142820
59284,-3.326140,1.781812
59285,-1.636943,1.074730
59286,-0.688917,1.781812
59287,-3.528889,1.579063
59288,-1.323809,0.455573
59289,-3.911146,1.955573
59290,-2.576901,1.579063
59291,-2.670453,0.603718
59292,-2.837543,1.579063
59293,-2.938128,0.142820
59294,-2.859464,-0.147791
59295,-1.284124,-0.134659
59296,-3.563623,1.781812
59297,-2.826042,1.911146
59298,-3.167133,0.988831
59299,-3.822291,1.911146
59300,-2.730682,1.365341
59301,-1.039051,0.266948
59302,-3.123202,0.900969
59303,-3.335148,1.191580
59304,-0.065885,-0.147791
59305,-0.749532,0.698220
59306,-1.960449,1.826239
59307,-3.866718,2.000000
59308,-2.388932,-0.955573
59309,-3.484462,1.623490
59310,-3.434289,1.911146
59311,-2.696708,1.652478
59312,-3.824265,1.781812
59313,-1.681370,1.030303
59314,-3.232059,0.730682
59315,-3.694931,1.911146
59316,-1.375695,-1.211352
59317,-1.928302,-1.488831
59318,-1.824442,1.449729
59319,-1.086885,-1.400969
59320,-3.563623,1.781812
59321,-3.658223,1.449729
59322,-2.337712,0.326239
59323,-3.304955,1.652478
59324,-3.822291,1.911146
59325,-1.878417,-1.721883
59326,-1.794458,-1.889800
59327,-2.141244,1.191580
59328,-2.873202,0.400969
59329,-2.835050,1.320914
59330,-2.892753,0.440071
59331,-2.149460,1.074730
59332,-2.440004,0.142820
59333,-3.462508,1.191580
59334,-3.194833,1.652478
59335,-3.434289,1.911146
59336,-2.835050,1.320914
59337,-0.983709,-1.123490
59338,0.043404,0.400969
59339,-1.648630,-0.277479
59340,-3.088468,0.698220
59341,-3.563623,1.781812
59342,-0.186825,-0.074730
59343,-2.711958,1.074730
59344,-3.694931,1.911146
59345,-2.110972,-1.123490
59346,-1.933731,0.900969
59347,-1.934194,0.777479
59348,-3.232059,0.730682
59349,-3.528889,1.579063
59350,-3.692957,1.652478
59351,-3.152379,1.955573
59352,-2.885719,0.900969
59353,-3.911146,1.955573
59354,-3.095692,1.320914
59355,-3.911146,1.955573
59356,-3.528889,1.579063
59357,-3.955573,1.911146
59358,-3.779838,1.826239
59359,-3.427775,0.988831
59360,-2.518736,1.074730
59361,-3.955573,1.911146
59362,-3.484462,1.623490
59363,-3.326140,1.781812
59364,-2.553446,0.149460
59365,-2.540461,0.123490
59366,-2.711958,1.074730
59367,-2.563163,1.030303
59368,-3.694931,1.911146
59369,-2.563163,1.030303
59370,-1.168783,-0.365341
59371,-2.859464,-0.147791
59372,-3.462508,1.191580
59373,-3.268248,1.579063
59374,-2.336959,1.449729
59375,-2.051596,1.911146
59376,-3.333174,1.320914
59377,-3.779838,1.826239
59378,-3.462508,1.191580
59379,0.685235,0.500000
59380,-3.397582,1.449729
59381,-2.899457,1.449729
59382,-2.316833,-1.233052
59383,-2.892753,0.440071
59384,-3.427775,0.988831
59385,-2.644197,-0.445042
59386,-2.899457,1.449729
59387,-0.275215,1.826239
59388,-3.563623,1.781812
59389,-3.051264,1.365341
59390,-2.669008,0.988831
59391,-2.964384,1.191580
59392,-1.375695,-1.211352
59393,-2.899457,1.449729
59394,-2.563163,1.030303
59395,-3.088468,0.698220
59396,-2.563163,1.030303
59397,-2.141244,1.191580
59398,-3.911146,1.955573
59399,-1.349578,0.500000
59400,-2.598822,-0.147791
59401,-2.742943,1.911146
59402,-3.528889,1.579063
59403,-3.866718,2.000000
59404,-3.484462,1.623490
59405,-2.302521,1.030303
59406,-3.658223,1.449729
59407,-2.367905,-0.134659
59408,-3.397582,1.449729
59409,-3.650504,1.955573
59410,-2.899457,1.449729
59411,-2.938128,0.142820
59412,-2.635719,0.400969
59413,-0.248496,0.900969
59414,-3.824265,1.781812
59415,-3.335148,1.191580
59416,-3.652478,1.826239
59417,-3.304955,1.652478
59418,-3.215828,0.698220
59419,-3.822291,1.911146
59420,-3.215828,0.698220
59421,-3.826239,1.652478
59422,-3.215828,0.698220
59423,-1.683887,-1.977662
59424,-3.652478,1.826239
59425,-2.883745,1.030303
59426,-3.650504,1.955573
59427,-2.347897,0.733052
59428,-3.123202,0.900969
59429,-3.427775,0.988831
59430,-3.333174,1.320914
59431,-1.836861,1.579063
59432,-1.824442,1.449729
59433,-0.721721,-0.367711
59434,0.327026,1.320914
59435,-2.654083,-0.425270
59436,-3.658223,1.449729
59437,-3.215828,0.698220
59438,-2.899457,1.449729
59439,-3.158125,1.579063
59440,-2.349870,0.603718
59441,-3.826239,1.652478
59442,-3.911146,1.955573
59443,-3.490208,1.246980
59444,-2.669008,0.988831
59445,-3.158125,1.579063
59446,-3.397582,1.449729
59447,-1.466104,0.733052
59448,-1.026723,1.074730
59449,-1.734301,-1.488831
59450,-1.551012,1.781812
59451,-1.524320,-0.914101
59452,-1.588247,1.365341
59453,-2.144490,0.326239
59454,-3.397582,1.449729
59455,-3.822291,1.911146
59456,-2.430339,0.123490
59457,-2.349870,0.603718
59458,-2.706235,1.449729
59459,-0.969501,-1.801938
59460,-2.242359,1.781812
59461,-2.272552,1.320914
59462,-3.427775,0.988831
59463,-3.692957,1.652478
59464,-3.232059,0.730682
59465,-1.914041,-0.134659
59466,-2.605388,-0.134659
59467,-3.427775,0.988831
59468,-1.914041,-0.134659
59469,-1.934194,0.777479
59470,-1.261910,1.320914
59471,-3.427775,0.988831
59472,-1.000000,0.500000
59473,-3.167133,0.988831
59474,-3.694931,1.911146
59475,-2.518736,1.074730
59476,-3.650504,1.955573
59477,-3.650504,1.955573
59478,-3.955573,1.911146
59479,-3.694931,1.911146
59480,-2.208111,1.449729
59481,-3.528889,1.579063
59482,-2.461033,1.955573
59483,-3.563623,1.781812
59484,-2.706235,1.449729
59485,-3.911146,1.955573
59486,-3.650504,1.955573
59487,-2.576901,1.579063
59488,-1.988459,-1.889800
59489,-3.658223,1.449729
59490,-2.641828,1.320914
59491,-3.427775,0.988831
59492,-2.598822,-0.147791
59493,-2.316833,-1.233052
59494,-3.658223,1.449729
59495,-3.528889,1.579063
59496,-3.268248,1.579063
59497,-3.650504,1.955573
59498,-0.688917,1.781812
59499,0.437420,0.400969
59500,-3.656250,1.579063
59501,-3.822291,1.911146
59502,-2.367905,-0.134659
59503,-2.777479,-0.445042
59504,-3.656250,1.579063
59505,-3.822291,1.911146
59506,-3.650504,1.955573
59507,-2.892753,0.440071
59508,-3.095692,1.320914
59509,-2.598822,-0.147791
59510,-2.605388,-0.134659
59511,0.110414,0.266948
59512,-2.383160,1.191580
59513,-3.911146,1.955573
59514,-3.397582,1.449729
59515,-2.011910,1.320914
59516,-3.652478,1.826239
59517,-2.899457,1.449729
59518,-2.885719,0.900969
59519,-0.266837,-0.445042
59520,-3.102206,1.246980
59521,-2.038874,-1.400969
59522,-2.347897,0.733052
59523,-2.576901,1.579063
59524,-2.136480,0.698220
59525,-0.250000,-1.000000
59526,-0.983246,-1.000000
59527,-1.945199,0.149460
59528,-2.835050,1.320914
59529,-3.215828,0.698220
59530,-1.185762,-1.977662
59531,-1.170844,-1.233052
59532,-1.466104,0.733052
59533,-1.551012,1.781812
59534,-3.397582,1.449729
59535,-3.051264,1.365341
59536,-3.397582,1.449729
59537,-3.658223,1.449729
59538,-3.911146,1.955573
59539,0.238315,-0.033258
59540,-0.628209,0.455573
59541,-1.771749,-1.801938
59542,-1.357582,-1.634021
59543,-2.518736,1.074730
59544,-3.658223,1.449729
59545,-3.215828,0.698220
59546,-3.365341,0.730682
59547,-2.096023,2.000000
59548,-2.383160,1.191580
59549,-0.810020,1.191580
59550,-1.116526,0.733052
59551,-2.060606,1.030303
59552,-0.383765,0.603718
59553,-2.367905,-0.134659
59554,-3.528889,1.579063
59555,-3.281713,1.826239
59556,-3.326140,1.781812
59557,-1.813332,-0.722521
59558,-2.964384,1.191580
59559,-1.344281,-0.535628
59560,-1.554958,0.777479
59561,-3.427775,0.988831
59562,-1.475625,-0.623490
59563,-3.911146,1.955573
59564,-3.652478,1.826239
59565,-1.637893,1.955573
59566,-3.158125,1.579063
59567,-3.652478,1.826239
59568,-2.706235,1.449729
59569,-3.652478,1.826239
59570,-3.656250,1.579063
59571,-2.883745,1.030303
59572,-3.478716,2.000000
59573,-3.490208,1.246980
59574,-3.304955,1.652478
59575,-3.246980,1.623490
59576,-2.700489,1.826239
59577,-1.926590,-0.109562
59578,-3.822291,1.911146
59579,-3.652478,1.826239
59580,-3.397582,1.449729
59581,-3.652478,1.826239
59582,-3.824265,1.781812
59583,-2.730682,1.365341
59584,-3.335148,1.191580
59585,-3.563623,1.781812
59586,-2.181855,0.400969
59587,-3.658223,1.449729
59588,-2.349870,0.603718
59589,-3.656250,1.579063
59590,0.227885,-0.826239
59591,-3.158125,1.579063
59592,-3.215828,0.698220
59593,-1.607199,0.123490
59594,-2.635719,0.400969
59595,-2.106074,-0.658322
59596,-1.574293,-1.721883
59597,-3.650504,1.955573
59598,-1.396440,0.698220
59599,-0.604474,-1.123490
59600,-0.285640,0.142820
59601,0.982875,0.900969
59602,-2.366718,-1.000000
59603,-1.384971,1.449729
59604,-3.462508,1.191580
59605,-0.311666,0.326239
59606,-2.793116,1.623490
59607,-3.652478,1.826239
59608,-3.490208,1.246980
59609,-3.246980,1.623490
59610,-3.911146,1.955573
59611,-1.409351,-0.147791
59612,-2.572099,-0.722521
59613,-1.878417,-1.721883
59614,-3.658223,1.449729
59615,-1.855707,-1.634021
59616,-2.892753,0.440071
59617,-2.892753,0.440071
59618,-2.883745,1.030303
59619,-3.826239,1.652478
59620,-2.149460,1.074730
59621,-3.324167,1.911146
59622,-2.149460,1.074730
59623,-3.153395,0.440071
59624,-2.461033,1.955573
59625,-0.607038,-1.488831
59626,-2.144490,0.326239
59627,-3.656250,1.579063
59628,-3.215828,0.698220
59629,-2.383160,1.191580
59630,-2.541119,0.733052
59631,-0.911146,0.455573
59632,-0.560521,1.449729
59633,-1.170844,-1.233052
59634,-0.201525,0.123490
59635,-2.410859,1.246980
59636,-3.563623,1.781812
59637,-3.194833,1.652478
59638,-3.650504,1.955573
59639,-2.149460,1.074730
59640,-3.123202,0.900969
59641,-3.427775,0.988831
59642,-2.670453,0.603718
59643,-2.670453,0.603718
59644,-2.110972,-1.123490
59645,-1.988459,-1.889800
59646,-0.009807,-0.277479
59647,-1.607199,0.123490
59648,-3.822291,1.911146
59649,-0.305503,-0.367711
59650,0.001224,0.326239
59651,-2.706235,1.449729
59652,-3.246980,1.623490
59653,-3.658223,1.449729
59654,-2.793116,1.623490
59655,-2.526723,-0.425270
59656,-2.518736,1.074730
59657,-3.478716,2.000000
59658,-2.163198,1.623490
59659,0.544427,1.911146
59660,0.873490,1.623490
59661,-3.167133,0.988831
59662,-2.837543,1.579063
59663,-3.167133,0.988831
59664,-2.837543,1.579063
59665,-0.563340,0.698220
59666,-3.427775,0.988831
59667,-2.518736,1.074730
59668,-1.214222,1.449729
59669,-1.050429,1.652478
59670,-1.445881,-0.074730
59671,-0.117905,-0.134659
59672,-1.988459,-1.889800
59673,-2.572099,-0.722521
59674,-3.167133,0.988831
59675,-3.694931,1.911146
59676,-3.051264,1.365341
59677,-3.911146,1.955573
59678,-3.692957,1.652478
59679,-2.337712,0.326239
59680,-1.921819,-1.889800
59681,-1.344281,-0.535628
59682,-3.911146,1.955573
59683,-3.563623,1.781812
59684,-2.461033,1.955573
59685,-3.656250,1.579063
59686,-2.383160,1.191580
59687,-1.551012,1.781812
59688,-3.563623,1.781812
59689,-3.652478,1.826239
59690,-2.347897,0.733052
59691,-2.208111,1.449729
59692,-3.658223,1.449729
59693,-3.822291,1.911146
59694,-3.650504,1.955573
59695,-3.652478,1.826239
59696,-3.304955,1.652478
59697,-2.899457,1.449729
59698,-3.652478,1.826239
59699,-1.524320,-0.914101
59700,-2.038874,-1.400969
59701,-2.938128,0.142820
59702,-3.824265,1.781812
59703,-1.733246,0.500000
59704,-2.793116,1.623490
59705,-3.528889,1.579063
59706,-3.694931,1.911146
59707,-3.462508,1.191580
59708,-1.634892,-0.826239
59709,-2.540461,0.123490
59710,-3.281713,1.826239
59711,-2.302521,1.030303
59712,-2.208111,1.449729
59713,-3.281713,1.826239
59714,-3.326140,1.781812
59715,-3.153395,0.440071
59716,-1.811776,-1.721883
59717,-1.594507,0.222521
59718,-1.977662,0.988831
59719,-2.641828,1.320914
59720,-3.246980,1.623490
59721,-3.304955,1.652478
59722,-1.594507,0.222521
59723,-2.572099,-0.722521
59724,-2.706235,1.449729
59725,-3.326140,1.781812
59726,-3.095692,1.320914
59727,-1.978621,0.733052
59728,-2.605388,-0.134659
59729,-1.588247,1.365341
59730,-1.733246,0.500000
59731,-3.365341,0.730682
59732,-2.605388,-0.134659
59733,-1.244415,0.988831
59734,-1.813332,-0.722521
59735,-1.413419,-0.914101
59736,-1.624178,-1.488831
59737,-0.873667,-0.955573
59738,-2.261572,-0.955573
59739,-1.554958,0.777479
59740,-2.872277,1.781812
59741,-3.158125,1.579063
59742,-2.717704,0.698220
59743,-3.152379,1.955573
59744,-3.158125,1.579063
59745,-3.563623,1.781812
59746,-3.324167,1.911146
59747,-3.427775,0.988831
59748,-1.588247,1.365341
59749,-3.652478,1.826239
59750,-2.835050,1.320914
59751,-3.152379,1.955573
59752,-2.337712,0.326239
59753,-3.158125,1.579063
59754,-3.427775,0.988831
59755,-2.641828,1.320914
59756,-3.333174,1.320914
59757,-2.576901,1.579063
59758,-0.275975,0.123490
59759,-1.762918,-1.211352
59760,0.000835,0.222521
59761,-1.731730,-0.277479
59762,-3.304955,1.652478
59763,-3.427775,0.988831
59764,-2.367905,-0.134659
59765,-0.666236,-1.634021
59766,-2.670453,0.603718
59767,-3.333174,1.320914
59768,-2.870469,2.000000
59769,-2.119812,-0.109562
59770,-2.155959,-0.425270
59771,-3.490208,1.246980
59772,-3.333174,1.320914
59773,-3.652478,1.826239
59774,-2.883745,1.030303
59775,-2.430339,0.123490
59776,-3.158125,1.579063
59777,-1.593993,0.988831
59778,-3.824265,1.781812
59779,-2.706235,1.449729
59780,-3.304955,1.652478
59781,-1.413419,-0.914101
59782,-1.231001,-1.634021
59783,-1.375695,-1.211352
59784,-2.343556,-0.658322
59785,-2.311457,-0.722521
59786,-3.365341,0.730682
59787,-3.911146,1.955573
59788,-2.518736,1.074730
59789,-3.656250,1.579063
59790,-2.337712,0.326239
59791,-2.883745,1.030303
59792,-1.524320,-0.914101
59793,-3.826239,1.652478
59794,-2.706235,1.449729
59795,-2.810768,0.142820
59796,-3.335148,1.191580
59797,-1.836861,1.579063
59798,-1.775215,0.326239
59799,-3.652478,1.826239
59800,-3.478716,2.000000
59801,-3.563623,1.781812
59802,-2.899457,1.449729
59803,-1.225625,-1.123490
59804,-0.167082,0.054604
59805,-2.371693,1.652478
59806,-3.427775,0.988831
59807,-3.434289,1.911146
59808,-3.462508,1.191580
59809,-3.911146,1.955573
59810,-3.268248,1.579063
59811,-3.088468,0.698220
59812,-2.440004,0.142820
59813,-2.141244,1.191580
59814,-1.574735,-0.425270
59815,-2.316833,-1.233052
59816,-3.658223,1.449729
59817,-3.152379,1.955573
59818,-2.576901,1.579063
59819,-1.906779,-0.535628
59820,-1.813332,-0.722521
59821,-0.600619,0.222521
59822,-2.311457,-0.722521
59823,-2.060606,1.030303
59824,-3.304955,1.652478
59825,-3.335148,1.191580
59826,-0.974766,1.579063
59827,-1.461364,0.730682
59828,-1.406715,-0.277479
59829,-3.623490,1.246980
59830,-3.650504,1.955573
59831,-3.563623,1.781812
59832,-2.837543,1.579063
59833,-2.696708,1.652478
59834,-1.890808,-0.955573
59835,-3.333174,1.320914
59836,-3.281713,1.826239
59837,-3.427775,0.988831
59838,-3.333174,1.320914
59839,-1.534266,-1.801938
59840,-1.727818,-1.889800
59841,-1.906779,-0.535628
59842,-3.623490,1.246980
59843,-3.911146,1.955573
59844,-3.866718,2.000000
59845,-2.136480,0.698220
59846,-1.086885,-1.400969
59847,-1.027479,-0.277479
59848,-3.434289,1.911146
59849,-1.643120,1.191580
59850,-2.859464,-0.147791
59851,-1.086885,-1.400969
59852,-2.347897,0.733052
59853,-1.934194,0.777479
59854,-2.873202,0.400969
59855,-2.388932,-0.955573
59856,-3.232059,0.730682
59857,-3.065499,1.781812
59858,-3.650504,1.955573
59859,-1.254687,0.698220
59860,-3.462508,1.191580
59861,-2.311457,-0.722521
59862,-3.650504,1.955573
59863,-3.911146,1.955573
59864,-3.911146,1.955573
59865,-1.284124,-0.134659
59866,0.066516,-0.033258
59867,0.440306,0.222521
59868,-2.598822,-0.147791
59869,-1.442336,-1.211352
59870,-1.370469,-1.000000
59871,0.065502,0.093187
59872,-1.745664,-1.466104
59873,-2.343556,-0.658322
59874,-0.061373,0.222521
59875,-1.253943,-1.233052
59876,-2.038874,-1.400969
59877,-2.572099,-0.722521
59878,-1.231001,-1.634021
59879,-1.314088,-0.074730
59880,-0.362971,-1.466104
59881,-1.906779,-0.535628
59882,-0.168606,-0.033258
59883,-2.011169,-1.977662
59884,-3.095692,1.320914
59885,-3.824265,1.781812
59886,-1.279149,1.191580
59887,-3.623490,1.246980
59888,-2.892753,0.440071
59889,-3.152379,1.955573
59890,-3.397582,1.449729
59891,-2.367905,-0.134659
59892,-2.670453,0.603718
59893,-3.563623,1.781812
59894,-3.123202,0.900969
59895,-2.641828,1.320914
59896,-3.088468,0.698220
59897,-2.228125,1.365341
59898,-1.462714,0.222521
59899,-1.225625,-1.123490
59900,-1.344281,-0.535628
59901,-0.710661,0.054604
59902,-3.215828,0.698220
59903,-3.652478,1.826239
59904,-3.563623,1.781812
59905,-3.490208,1.246980
59906,-3.911146,1.955573
59907,-3.826239,1.652478
59908,-2.700489,1.826239
59909,-3.652478,1.826239
59910,-1.475625,-0.623490
59911,-1.858780,0.142820
59912,-0.789708,-1.123490
59913,0.066516,-0.033258
59914,-0.259807,0.222521
59915,-2.899457,1.449729
59916,-0.801938,0.400969
59917,-3.194833,1.652478
59918,-0.159449,-0.109562
59919,-0.476251,-0.367711
59920,-3.658223,1.449729
59921,-3.158125,1.579063
59922,-3.123202,0.900969
59923,-3.484462,1.623490
59924,-2.899457,1.449729
59925,-3.490208,1.246980
59926,-2.941449,0.149460
59927,-2.899457,1.449729
59928,-3.158125,1.579063
59929,-1.409351,-0.147791
59930,0.105995,1.955573
59931,-2.780575,0.603718
59932,-3.324167,1.911146
59933,-2.518736,1.074730
59934,-3.826239,1.652478
59935,-1.409351,-0.147791
59936,-2.859464,-0.147791
59937,-2.336959,1.449729
59938,-3.563623,1.781812
59939,-1.475625,-0.623490
59940,-3.161387,1.365341
59941,-0.445042,0.222521
59942,0.038027,-0.109562
59943,-3.397582,1.449729
59944,-3.694931,1.911146
59945,0.003294,0.093187
59946,-2.228125,1.365341
59947,-2.553446,0.149460
59948,-1.978716,-1.000000
59949,-3.824265,1.781812
59950,-2.742943,1.911146
59951,-2.837543,1.579063
59952,-2.872277,1.781812
59953,-3.650504,1.955573
59954,-3.088468,0.698220
59955,-2.669008,0.988831
59956,-1.574293,-1.721883
59957,-0.285640,0.142820
59958,-1.922262,1.652478
59959,-1.955475,-0.826239
59960,-3.822291,1.911146
59961,-3.158125,1.579063
59962,-1.413198,1.623490
59963,-0.246980,0.123490
59964,-0.983709,-1.123490
59965,-2.899457,1.449729
59966,-1.934194,0.777479
59967,-2.141244,1.191580
59968,-3.462508,1.191580
59969,-3.268248,1.579063
59970,-2.343556,-0.658322
59971,-3.268248,1.579063
59972,-2.635719,0.400969
59973,-2.051596,1.911146
59974,-3.065499,1.781812
59975,-3.123202,0.900969
59976,-0.589531,0.730682
59977,-3.051264,1.365341
59978,-2.837543,1.579063
59979,-1.906779,-0.535628
59980,-3.158125,1.579063
59981,-2.717704,0.698220
59982,2.171501,0.123490
59983,-1.551012,1.781812
59984,-0.686458,-0.826239
59985,-1.855707,-1.634021
59986,-2.810768,0.142820
59987,-2.844057,0.730682
59988,-3.824265,1.781812
59989,-1.703282,0.440071
59990,-0.496114,1.320914
59991,-2.015156,0.455573
59992,-3.911146,1.955573
59993,-3.194833,1.652478
59994,-2.670453,0.603718
59995,-0.686069,-0.722521
59996,-3.167133,0.988831
59997,-3.955573,1.911146
59998,-2.964384,1.191580
59999,-3.658223,1.449729
60000,-3.824265,1.781812
60001,-3.397582,1.449729
60002,-3.246980,1.623490
60003,-2.259209,0.777479
60004,-3.434289,1.911146
60005,-3.955573,1.911146
60006,-1.849772,0.733052
60007,-3.246980,1.623490
60008,-1.824442,1.449729
60009,-2.228125,1.365341
60010,-2.109756,0.123490
60011,-2.835050,1.320914
60012,-3.123202,0.900969
60013,-3.095692,1.320914
60014,-2.440004,0.142820
60015,-3.650504,1.955573
60016,-0.231828,0.093187
60017,-3.911146,1.955573
60018,-2.835050,1.320914
60019,-2.136480,0.698220
60020,-3.153395,0.440071
60021,-2.347897,0.733052
60022,-2.993868,1.030303
60023,-2.563163,1.030303
60024,-3.326140,1.781812
60025,-3.955573,1.911146
60026,-2.892753,0.440071
60027,-2.440004,0.142820
60028,-3.434289,1.911146
60029,-2.149460,1.074730
60030,-2.526723,-0.425270
60031,-2.899457,1.449729
60032,-3.779838,1.826239
60033,-3.563623,1.781812
60034,-3.866718,2.000000
60035,-3.694931,1.911146
60036,-2.899457,1.449729
60037,-3.650504,1.955573
60038,-0.150597,0.400969
60039,-1.978716,-1.000000
60040,-0.560521,1.449729
60041,0.117217,-0.134659
60042,-3.658223,1.449729
60043,-3.194833,1.652478
60044,-3.268248,1.579063
60045,-2.431855,0.900969
60046,-2.563163,1.030303
60047,-3.779838,1.826239
60048,-1.681370,1.030303
60049,-2.873202,0.400969
60050,-1.026723,1.074730
60051,-3.167133,0.988831
60052,-2.168944,1.246980
60053,-3.246980,1.623490
60054,-3.824265,1.781812
60055,-1.652210,-0.658322
60056,-3.215828,0.698220
60057,-2.706235,1.449729
60058,-3.650504,1.955573
60059,-3.563623,1.781812
60060,-2.873202,0.400969
60061,-1.441541,-1.466104
60062,0.216586,0.054604
60063,-3.333174,1.320914
60064,-3.434289,1.911146
60065,-0.712714,0.222521
60066,-3.194833,1.652478
60067,-2.964384,1.191580
60068,-2.872277,1.781812
60069,-2.518736,1.074730
60070,-3.650504,1.955573
60071,-1.847313,0.603718
60072,-2.235810,0.730682
60073,-2.670453,0.603718
60074,-3.866718,2.000000
60075,-3.528889,1.579063
60076,-3.779838,1.826239
60077,-1.344281,-0.535628
60078,-1.308725,-1.123490
60079,-2.051596,1.911146
60080,-3.088468,0.698220
60081,-2.873202,0.400969
60082,-3.623490,1.246980
60083,-0.873667,-0.955573
60084,-2.056191,-1.233052
60085,-2.941449,0.149460
60086,-2.541119,0.733052
60087,-2.654083,-0.425270
60088,-3.427775,0.988831
60089,-2.641828,1.320914
60090,-2.780575,0.603718
60091,-2.892753,0.440071
60092,-2.149460,1.074730
60093,-2.892753,0.440071
60094,-3.658223,1.449729
60095,-3.528889,1.579063
60096,-3.326140,1.781812
60097,-3.123202,0.900969
60098,-3.102206,1.246980
60099,-2.347897,0.733052
60100,-3.779838,1.826239
60101,-2.837543,1.579063
60102,-2.964384,1.191580
60103,-3.333174,1.320914
60104,-2.466259,1.191580
60105,-1.683887,-1.977662
60106,-3.692957,1.652478
60107,-1.409351,-0.147791
60108,-3.955573,1.911146
60109,-3.232059,0.730682
60110,-2.654083,-0.425270
60111,-1.955475,-0.826239
60112,-3.427775,0.988831
60113,-3.095692,1.320914
60114,0.302222,0.730682
60115,-1.717542,-0.914101
60116,-2.899457,1.449729
60117,-3.563623,1.781812
60118,-3.427775,0.988831
60119,-2.899457,1.449729
60120,-3.911146,1.955573
60121,-2.119812,-0.109562
60122,-2.706235,1.449729
60123,-3.824265,1.781812
60124,-3.484462,1.623490
60125,-3.088468,0.698220
60126,-3.065499,1.781812
60127,0.042115,1.191580
60128,-2.885719,0.900969
60129,-3.650504,1.955573
60130,-3.824265,1.781812
60131,-3.779838,1.826239
60132,-3.563623,1.781812
60133,-3.528889,1.579063
60134,-3.563623,1.781812
60135,-1.534266,-1.801938
60136,-1.248319,-1.466104
60137,0.149460,-0.074730
60138,-3.088468,0.698220
60139,-2.371693,1.652478
60140,-3.484462,1.623490
60141,-2.870469,2.000000
60142,-2.641828,1.320914
60143,-3.268248,1.579063
60144,-3.824265,1.781812
60145,-3.268248,1.579063
60146,-2.228125,1.365341
60147,-2.015156,0.455573
60148,-3.824265,1.781812
60149,-2.872277,1.781812
60150,0.097527,0.900969
60151,-1.361599,-0.367711
60152,-1.026723,1.074730
60153,-1.836861,1.579063
60154,-3.658223,1.449729
60155,-3.822291,1.911146
60156,-2.711958,1.074730
60157,-2.056191,-1.233052
60158,-1.717979,0.733052
60159,-3.153395,0.440071
60160,-2.717704,0.698220
60161,-2.181855,0.400969
60162,-3.335148,1.191580
60163,-2.641828,1.320914
60164,-2.844057,0.730682
60165,-1.978621,0.733052
60166,0.000371,0.099031
60167,-3.333174,1.320914
60168,-2.259209,0.777479
60169,-2.964384,1.191580
60170,-3.281713,1.826239
60171,-3.563623,1.781812
60172,-0.434577,-0.109562
60173,-0.637763,-0.535628
60174,0.239354,-0.074730
60175,-2.641828,1.320914
60176,-1.210838,0.222521
60177,-3.215828,0.698220
60178,1.005585,0.988831
60179,-1.978621,0.733052
60180,-2.859464,-0.147791
60181,-2.371693,1.652478
60182,-3.333174,1.320914
60183,-2.184738,-0.367711
60184,-1.261910,1.320914
60185,-3.123202,0.900969
60186,-3.281713,1.826239
60187,-3.824265,1.781812
60188,-2.706235,1.449729
60189,-2.563163,1.030303
60190,-2.711958,1.074730
60191,-1.492359,1.781812
60192,-3.692957,1.652478
60193,-3.102206,1.246980
60194,-3.911146,1.955573
60195,-2.466259,1.191580
60196,-1.593993,0.988831
60197,-3.102206,1.246980
60198,-1.977662,0.988831
60199,-1.475625,-0.623490
60200,-1.833963,0.093187
60201,-3.484462,1.623490
60202,-2.899457,1.449729
60203,-3.324167,1.911146
60204,-3.167133,0.988831
60205,-3.650504,1.955573
60206,-3.822291,1.911146
60207,-3.158125,1.579063
60208,-3.563623,1.781812
60209,-3.324167,1.911146
60210,-2.060606,1.030303
60211,-3.326140,1.781812
60212,-1.442336,-1.211352
60213,-1.683887,-1.977662
60214,-3.088468,0.698220
60215,-2.711958,1.074730
60216,-3.692957,1.652478
60217,-2.141244,1.191580
60218,-3.694931,1.911146
60219,-2.793116,1.623490
60220,-3.427775,0.988831
60221,-2.116349,-1.634021
60222,-2.700489,1.826239
60223,-2.541119,0.733052
60224,-1.731816,1.652478
60225,-2.700489,1.826239
60226,-0.150597,0.400969
60227,-3.427775,0.988831
60228,-0.911146,0.455573
60229,-1.168783,-0.365341
60230,-2.835050,1.320914
60231,-3.102206,1.246980
60232,-1.789708,1.246980
60233,-1.420728,1.030303
60234,-2.572099,-0.722521
60235,-0.718169,-0.658322
60236,-3.563623,1.781812
60237,-3.652478,1.826239
60238,-2.383160,1.191580
60239,-2.859464,-0.147791
60240,-3.652478,1.826239
60241,-1.601453,0.500000
60242,-2.106074,-0.658322
60243,-1.127350,1.826239
60244,-3.656250,1.579063
60245,-2.899457,1.449729
60246,-2.163198,1.623490
60247,-1.858780,0.142820
60248,-1.314088,-0.074730
60249,-3.658223,1.449729
60250,-2.892753,0.440071
60251,-2.844057,0.730682
60252,-1.858780,0.142820
60253,-2.110972,-1.123490
60254,-1.890808,-0.955573
60255,-2.038874,-1.400969
60256,-2.109756,0.123490
60257,-3.167133,0.988831
60258,-3.911146,1.955573
60259,-2.993868,1.030303
60260,-1.847313,0.603718
60261,-2.641828,1.320914
60262,-2.993868,1.030303
60263,-3.528889,1.579063
60264,-1.890808,-0.955573
60265,-1.917063,0.093187
60266,-2.228125,1.365341
60267,-2.837543,1.579063
60268,-2.526723,-0.425270
60269,-1.690819,-1.488831
60270,-1.361599,-0.367711
60271,-1.280886,-1.400969
60272,-1.375695,-1.211352
60273,-0.824281,-0.162592
60274,-2.810768,0.142820
60275,-3.822291,1.911146
60276,-2.826042,1.911146
60277,-3.563623,1.781812
60278,-1.275116,0.455573
60279,-3.652478,1.826239
60280,-2.430339,0.123490
60281,-2.899457,1.449729
60282,-2.635719,0.400969
60283,-2.176109,0.777479
60284,-3.478716,2.000000
60285,-2.899457,1.449729
60286,-3.484462,1.623490
60287,-1.773241,0.455573
60288,-2.730682,1.365341
60289,-3.656250,1.579063
60290,-2.641828,1.320914
60291,-3.658223,1.449729
60292,-3.326140,1.781812
60293,-3.123202,0.900969
60294,-2.669008,0.988831
60295,0.185991,-0.147791
60296,-3.335148,1.191580
60297,-3.167133,0.988831
60298,-2.374152,1.781812
60299,-3.397582,1.449729
60300,-3.397582,1.449729
60301,-3.161387,1.365341
60302,-3.304955,1.652478
60303,-3.095692,1.320914
60304,-0.801938,0.400969
60305,-2.385621,1.030303
60306,-3.563623,1.781812
60307,-1.762008,1.191580
60308,-2.872277,1.781812
60309,-1.864156,-0.367711
60310,-1.594507,0.222521
60311,-3.434289,1.911146
60312,-1.849772,0.733052
60313,-3.268248,1.579063
60314,-3.427775,0.988831
60315,-3.824265,1.781812
60316,-2.272552,1.320914
60317,-3.911146,1.955573
60318,-3.123202,0.900969
60319,-3.692957,1.652478
60320,-2.605388,-0.134659
60321,-2.964384,1.191580
60322,-3.911146,1.955573
60323,-3.088468,0.698220
60324,-2.136480,0.698220
60325,0.838212,-1.233052
60326,-2.563163,1.030303
60327,-2.670453,0.603718
60328,-2.563163,1.030303
60329,-3.326140,1.781812
60330,-3.095692,1.320914
60331,-1.933731,0.900969
60332,-3.232059,0.730682
60333,-2.563163,1.030303
60334,-3.955573,1.911146
60335,-2.837543,1.579063
60336,-2.110972,-1.123490
60337,-3.866718,2.000000
60338,-3.397582,1.449729
60339,-2.015156,0.455573
60340,-2.440004,0.142820
60341,-0.534266,0.400969
60342,-3.484462,1.623490
60343,-3.268248,1.579063
60344,-3.658223,1.449729
60345,-2.242359,1.781812
60346,0.092933,0.142820
60347,-3.095692,1.320914
60348,-3.692957,1.652478
60349,-3.123202,0.900969
60350,-3.694931,1.911146
60351,-3.194833,1.652478
60352,-3.281713,1.826239
60353,-0.201525,0.123490
60354,-2.598822,-0.147791
60355,-3.333174,1.320914
60356,-3.462508,1.191580
60357,-2.141244,1.191580
60358,-1.978716,-1.000000
60359,-2.873202,0.400969
60360,-2.696708,1.652478
60361,-1.695108,1.579063
60362,-3.563623,1.781812
60363,-3.824265,1.781812
60364,-2.149460,1.074730
60365,-2.873202,0.400969
60366,-3.563623,1.781812
60367,-2.136480,0.698220
60368,-3.824265,1.781812
60369,-2.563163,1.030303
60370,-3.955573,1.911146
60371,-1.254687,0.698220
60372,-2.056191,-1.233052
60373,-3.102206,1.246980
60374,-2.598822,-0.147791
60375,-3.692957,1.652478
60376,-3.102206,1.246980
60377,-1.960449,1.826239
60378,-2.149460,1.074730
60379,-2.316833,-1.233052
60380,-2.885719,0.900969
60381,-1.661706,-1.634021
60382,-0.602063,-0.162592
60383,-3.911146,1.955573
60384,-3.434289,1.911146
60385,-3.065499,1.781812
60386,-2.553446,0.149460
60387,-3.268248,1.579063
60388,-3.065499,1.781812
60389,-3.484462,1.623490
60390,-3.152379,1.955573
60391,-2.892753,0.440071
60392,-2.899457,1.449729
60393,-1.934194,0.777479
60394,-3.694931,1.911146
60395,-2.576901,1.579063
60396,-2.964384,1.191580
60397,-3.065499,1.781812
60398,-3.281713,1.826239
60399,-1.681370,1.030303
60400,-1.534266,-1.801938
60401,-1.225625,-1.123490
60402,-0.637763,-0.535628
60403,-2.110972,-1.123490
60404,-3.462508,1.191580
60405,-3.911146,1.955573
60406,-2.964384,1.191580
60407,-1.420728,1.030303
60408,-2.964384,1.191580
60409,-3.824265,1.781812
60410,-3.563623,1.781812
60411,-3.051264,1.365341
60412,-3.528889,1.579063
60413,-2.563163,1.030303
60414,-2.388932,-0.955573
60415,-2.163198,1.623490
60416,-1.445133,0.698220
60417,-1.988459,-1.889800
60418,-3.158125,1.579063
60419,-2.385621,1.030303
60420,-3.123202,0.900969
60421,-2.892753,0.440071
60422,-2.060606,1.030303
60423,-0.926428,-1.721883
60424,-0.700386,1.030303
60425,-2.730682,1.365341
60426,-3.095692,1.320914
60427,-3.335148,1.191580
60428,-3.822291,1.911146
60429,-1.492359,1.781812
60430,-3.427775,0.988831
60431,-2.060606,1.030303
60432,-2.885719,0.900969
60433,-1.717979,0.733052
60434,-0.151626,1.579063
60435,-0.866720,-1.233052
60436,-1.864156,-0.367711
60437,-2.859464,-0.147791
60438,-1.762918,-1.211352
60439,-1.062213,-0.074730
60440,-3.326140,1.781812
60441,-2.553446,0.149460
60442,-2.576901,1.579063
60443,-1.233709,-0.623490
60444,-2.259209,0.777479
60445,-3.911146,1.955573
60446,-3.333174,1.320914
60447,-3.694931,1.911146
60448,-2.272552,1.320914
60449,-3.462508,1.191580
60450,-2.563163,1.030303
60451,-0.388818,-0.425270
60452,-1.773241,0.455573
60453,-2.149460,1.074730
60454,-2.098256,0.455573
60455,-1.551012,1.781812
60456,-1.032469,0.698220
60457,-3.246980,1.623490
60458,-1.731816,1.652478
60459,-2.641828,1.320914
60460,-0.596023,-1.000000
60461,-3.462508,1.191580
60462,-3.268248,1.579063
60463,-1.977662,0.988831
60464,-1.960449,1.826239
60465,-2.696708,1.652478
60466,-2.892753,0.440071
60467,-3.955573,1.911146
60468,-3.434289,1.911146
60469,-3.397582,1.449729
60470,-1.303596,-1.488831
60471,0.275810,-1.000000
60472,-1.051938,0.900969
60473,-3.652478,1.826239
60474,-3.822291,1.911146
60475,-3.658223,1.449729
60476,-2.835050,1.320914
60477,-0.637763,-0.535628
60478,-1.121986,-0.722521
60479,-2.343556,-0.658322
60480,-2.572099,-0.722521
60481,-3.088468,0.698220
60482,-3.528889,1.579063
60483,-3.824265,1.781812
60484,-3.650504,1.955573
60485,-3.153395,0.440071
60486,-2.541119,0.733052
60487,-3.824265,1.781812
60488,-3.123202,0.900969
60489,-0.916907,-0.365341
60490,-1.636943,1.074730
60491,-1.858780,0.142820
60492,-3.652478,1.826239
60493,-3.911146,1.955573
60494,-3.822291,1.911146
60495,-1.557314,-0.109562
60496,-2.431855,0.900969
60497,-2.844057,0.730682
60498,-1.244415,0.988831
60499,-0.190819,0.011169
60500,-0.834695,-0.425270
60501,-3.158125,1.579063
60502,-3.652478,1.826239
60503,-3.397582,1.449729
60504,-0.916907,-0.365341
60505,-2.826042,1.911146
60506,-2.873202,0.400969
60507,-2.100697,-0.147791
60508,-1.717979,0.733052
60509,-1.593993,0.988831
60510,-2.810768,0.142820
60511,-2.899457,1.449729
60512,-1.836861,1.579063
60513,-1.773241,0.455573
60514,-2.669008,0.988831
60515,1.935880,1.030303
60516,-3.397582,1.449729
60517,-2.872277,1.781812
60518,-3.652478,1.826239
60519,-3.158125,1.579063
60520,-2.493959,1.246980
60521,-2.641828,1.320914
60522,-2.780575,0.603718
60523,-3.246980,1.623490
60524,-3.158125,1.579063
60525,-3.822291,1.911146
60526,-3.822291,1.911146
60527,-2.899457,1.449729
60528,-3.563623,1.781812
60529,-3.365341,0.730682
60530,-3.167133,0.988831
60531,-3.658223,1.449729
60532,-3.215828,0.698220
60533,-0.709622,0.099031
60534,-3.652478,1.826239
60535,-2.349870,0.603718
60536,-3.658223,1.449729
60537,-2.941449,0.149460
60538,-1.760035,1.320914
60539,-3.215828,0.698220
60540,-3.158125,1.579063
60541,-3.650504,1.955573
60542,-3.824265,1.781812
60543,-3.650504,1.955573
60544,-2.337712,0.326239
60545,-1.306849,1.246980
60546,-2.598822,-0.147791
60547,-0.107192,-1.977662
60548,-1.074632,0.054604
60549,-1.396440,0.698220
60550,-3.911146,1.955573
60551,-1.244415,0.988831
60552,-3.652478,1.826239
60553,-2.885719,0.900969
60554,-3.484462,1.623490
60555,-3.304955,1.652478
60556,-2.493959,1.246980
60557,-3.326140,1.781812
60558,-2.641828,1.320914
60559,-3.478716,2.000000
60560,-3.158125,1.579063
60561,-1.933731,0.900969
60562,-3.652478,1.826239
60563,-3.822291,1.911146
60564,-3.246980,1.623490
60565,-3.911146,1.955573
60566,-3.095692,1.320914
60567,-2.493959,1.246980
60568,-3.335148,1.191580
60569,-3.161387,1.365341
60570,-1.551012,1.781812
60571,-3.152379,1.955573
60572,-2.810768,0.142820
60573,-2.334986,1.579063
60574,-3.656250,1.579063
60575,-3.158125,1.579063
60576,-3.822291,1.911146
60577,-3.563623,1.781812
60578,-2.334986,1.579063
60579,-2.892753,0.440071
60580,-2.343556,-0.658322
60581,-0.735570,1.191580
60582,-3.563623,1.781812
60583,-3.427775,0.988831
60584,-2.835050,1.320914
60585,-3.158125,1.579063
60586,-2.859464,-0.147791
60587,-3.123202,0.900969
60588,-2.941449,0.149460
60589,-4.000000,2.000000
60590,-3.650504,1.955573
60591,-3.824265,1.781812
60592,-1.703282,0.440071
60593,-2.810768,0.142820
60594,-3.484462,1.623490
60595,-2.730682,1.365341
60596,-2.163198,1.623490
60597,-2.461033,1.955573
60598,-2.669008,0.988831
60599,-3.911146,1.955573
60600,-3.826239,1.652478
60601,-3.158125,1.579063
60602,-3.822291,1.911146
60603,-2.261572,-0.955573
60604,-1.080402,-1.801938
60605,-2.261572,-0.955573
60606,-1.413419,-0.914101
60607,-1.574293,-1.721883
60608,-3.281713,1.826239
60609,-0.880142,0.440071
60610,-1.661706,-1.634021
60611,-2.780575,0.603718
60612,-1.858780,0.142820
60613,-2.256195,-0.445042
60614,-2.430339,0.123490
60615,-2.899457,1.449729
60616,-3.822291,1.911146
60617,-1.717979,0.733052
60618,-2.294861,-0.367711
60619,-3.123202,0.900969
60620,-3.656250,1.579063
60621,-2.598822,-0.147791
60622,-2.730682,1.365341
60623,-3.484462,1.623490
60624,-3.153395,0.440071
60625,-2.810768,0.142820
60626,-2.711958,1.074730
60627,-3.158125,1.579063
60628,-3.656250,1.579063
60629,-2.793116,1.623490
60630,-2.374152,1.781812
60631,-2.892753,0.440071
60632,-3.152379,1.955573
60633,-2.899457,1.449729
60634,-3.658223,1.449729
60635,-2.598822,-0.147791
60636,-1.088404,-0.914101
60637,0.155395,0.093187
60638,-2.336959,1.449729
60639,-2.540461,0.123490
60640,-3.333174,1.320914
60641,-2.005777,-1.721883
60642,-1.955475,-0.826239
60643,-2.844057,0.730682
60644,-2.700489,1.826239
60645,-1.977662,0.988831
60646,-3.824265,1.781812
60647,-2.717704,0.698220
60648,-3.065499,1.781812
60649,-3.824265,1.781812
60650,0.730682,-0.365341
60651,-1.253943,-1.233052
60652,-2.261572,-0.955573
60653,-1.845869,0.988831
60654,-3.490208,1.246980
60655,-3.656250,1.579063
60656,-2.163198,1.623490
60657,-1.179763,1.911146
60658,-2.349870,0.603718
60659,-2.899457,1.449729
60660,-3.656250,1.579063
60661,-2.641828,1.320914
60662,-3.095692,1.320914
60663,-3.822291,1.911146
60664,-2.730682,1.365341
60665,-2.242359,1.781812
60666,-2.873202,0.400969
60667,-1.978621,0.733052
60668,-3.824265,1.781812
60669,-2.899457,1.449729
60670,-3.652478,1.826239
60671,-2.700489,1.826239
60672,-3.656250,1.579063
60673,-3.652478,1.826239
60674,-3.304955,1.652478
60675,-4.000000,2.000000
60676,-3.304955,1.652478
60677,-2.730682,1.365341
60678,-3.123202,0.900969
60679,-3.652478,1.826239
60680,-2.060606,1.030303
60681,-3.652478,1.826239
60682,-2.899457,1.449729
60683,-2.941449,0.149460
60684,-3.158125,1.579063
60685,-3.158125,1.579063
60686,-3.563623,1.781812
60687,-3.324167,1.911146
60688,-2.343556,-0.658322
60689,-1.396440,0.698220
60690,-3.563623,1.781812
60691,-3.911146,1.955573
60692,-3.484462,1.623490
60693,-3.824265,1.781812
60694,-3.152379,1.955573
60695,-3.822291,1.911146
60696,-3.826239,1.652478
60697,-0.669220,1.781812
60698,-2.106074,-0.658322
60699,-3.658223,1.449729
60700,-2.899457,1.449729
60701,-3.623490,1.246980
60702,-3.397582,1.449729
60703,-1.647948,-0.445042
60704,-0.824281,-0.162592
60705,-1.568917,-1.211352
60706,-3.462508,1.191580
60707,-2.899457,1.449729
60708,-2.835050,1.320914
60709,-3.650504,1.955573
60710,-2.518736,1.074730
60711,-2.873202,0.400969
60712,-0.718169,-0.658322
60713,-2.383160,1.191580
60714,-1.413198,1.623490
60715,-3.326140,1.781812
60716,-3.563623,1.781812
60717,-1.858780,0.142820
60718,-1.306849,1.246980
60719,-2.383160,1.191580
60720,-3.650504,1.955573
60721,-3.911146,1.955573
60722,-2.874250,1.652478
60723,-2.899457,1.449729
60724,-3.365341,0.730682
60725,-1.039051,0.266948
60726,-1.762008,1.191580
60727,-2.119812,-0.109562
60728,-2.176109,0.777479
60729,-2.883745,1.030303
60730,-3.658223,1.449729
60731,-2.706235,1.449729
60732,-3.824265,1.781812
60733,-3.324167,1.911146
60734,-2.002903,1.911146
60735,-1.154522,0.988831
60736,-0.445042,0.222521
60737,-3.563623,1.781812
60738,-2.060606,1.030303
60739,-2.056191,-1.233052
60740,-3.324167,1.911146
60741,-3.911146,1.955573
60742,-2.106074,-0.658322
60743,-2.700489,1.826239
60744,-2.810768,0.142820
60745,-2.883745,1.030303
60746,-2.110972,-1.123490
60747,-1.727818,-1.889800
60748,-3.246980,1.623490
60749,-2.717704,0.698220
60750,-3.095692,1.320914
60751,-3.652478,1.826239
60752,-3.822291,1.911146
60753,-2.541119,0.733052
60754,-1.703282,0.440071
60755,-2.598822,-0.147791
60756,-3.215828,0.698220
60757,-3.563623,1.781812
60758,-3.822291,1.911146
60759,-3.658223,1.449729
60760,-3.652478,1.826239
60761,-3.826239,1.652478
60762,-3.563623,1.781812
60763,-3.824265,1.781812
60764,-3.824265,1.781812
60765,-3.911146,1.955573
60766,-3.652478,1.826239
60767,-0.576416,-0.658322
60768,-2.641828,1.320914
60769,-2.181855,0.400969
60770,-1.050429,1.652478
60771,0.238239,-0.147791
60772,-3.397582,1.449729
60773,-3.824265,1.781812
60774,-3.650504,1.955573
60775,-2.964384,1.191580
60776,-1.648630,-0.277479
60777,-2.176109,0.777479
60778,-3.324167,1.911146
60779,-3.095692,1.320914
60780,-2.835050,1.320914
60781,-2.060606,1.030303
60782,-2.294861,-0.367711
60783,-2.669008,0.988831
60784,-3.246980,1.623490
60785,-1.344281,-0.535628
60786,-3.397582,1.449729
60787,-3.563623,1.781812
60788,-3.246980,1.623490
60789,-3.484462,1.623490
60790,-3.335148,1.191580
60791,-2.166234,-1.400969
60792,-2.837543,1.579063
60793,-1.917063,0.093187
60794,-3.088468,0.698220
60795,-2.706235,1.449729
60796,-2.742943,1.911146
60797,-3.911146,1.955573
60798,-3.563623,1.781812
60799,-2.466259,1.191580
60800,-3.528889,1.579063
60801,-3.153395,0.440071
60802,-1.890808,-0.955573
60803,-3.911146,1.955573
60804,-2.518736,1.074730
60805,-1.847313,0.603718
60806,-1.466104,0.733052
60807,-1.244415,0.988831
60808,-3.462508,1.191580
60809,-1.847313,0.603718
60810,-1.551584,-1.634021
60811,-2.184738,-0.367711
60812,-1.944528,-1.977662
60813,-2.553446,0.149460
60814,-3.427775,0.988831
60815,-3.528889,1.579063
60816,-2.837543,1.579063
60817,-3.911146,1.955573
60818,-3.658223,1.449729
60819,-2.899457,1.449729
60820,-3.088468,0.698220
60821,-2.885719,0.900969
60822,-2.964384,1.191580
60823,-3.658223,1.449729
60824,-3.281713,1.826239
60825,-2.670453,0.603718
60826,-2.056191,-1.233052
60827,-1.944528,-1.977662
60828,-2.892753,0.440071
60829,-2.859464,-0.147791
60830,-2.885719,0.900969
60831,-3.911146,1.955573
60832,-3.397582,1.449729
60833,-1.801938,0.900969
60834,-3.563623,1.781812
60835,-3.462508,1.191580
60836,-3.650504,1.955573
60837,-3.462508,1.191580
60838,-3.326140,1.781812
60839,-3.779838,1.826239
60840,-3.123202,0.900969
60841,-0.383297,0.099031
60842,-2.641828,1.320914
60843,-3.095692,1.320914
60844,-3.281713,1.826239
60845,-0.128499,0.093187
60846,-2.706235,1.449729
60847,-1.789708,1.246980
60848,-2.696708,1.652478
60849,-1.279149,1.191580
60850,-3.088468,0.698220
60851,-1.003761,1.579063
60852,-3.563623,1.781812
60853,-2.461033,1.955573
60854,-2.670453,0.603718
60855,-1.214222,1.449729
60856,-2.163198,1.623490
60857,-2.133667,-1.466104
60858,-1.551938,0.400969
60859,-3.911146,1.955573
60860,-1.906779,-0.535628
60861,-2.654083,-0.425270
60862,-2.730682,1.365341
60863,-1.344281,-0.535628
60864,0.511702,-0.535628
60865,-3.955573,1.911146
60866,-3.824265,1.781812
60867,-3.123202,0.900969
60868,-3.281713,1.826239
60869,-2.540461,0.123490
60870,-2.553446,0.149460
60871,-3.692957,1.652478
60872,-1.647948,-0.445042
60873,-2.015156,0.455573
60874,-2.235810,0.730682
60875,-3.563623,1.781812
60876,-3.563623,1.781812
60877,-3.911146,1.955573
60878,-3.779838,1.826239
60879,-2.859464,-0.147791
60880,-2.883745,1.030303
60881,-3.911146,1.955573
60882,-2.294861,-0.367711
60883,-3.563623,1.781812
60884,-2.168944,1.246980
60885,-3.161387,1.365341
60886,-2.874250,1.652478
60887,-2.810768,0.142820
60888,-2.835050,1.320914
60889,-2.835050,1.320914
60890,-3.427775,0.988831
60891,-3.335148,1.191580
60892,-3.822291,1.911146
60893,-2.859464,-0.147791
60894,-3.478716,2.000000
60895,-1.397882,0.603718
60896,-3.824265,1.781812
60897,-3.652478,1.826239
60898,-0.861260,0.222521
60899,-2.176109,0.777479
60900,-3.911146,1.955573
60901,-2.793116,1.623490
60902,-2.641828,1.320914
60903,-2.793116,1.623490
60904,-2.641828,1.320914
60905,-3.324167,1.911146
60906,-3.824265,1.781812
60907,-2.208111,1.449729
60908,-3.167133,0.988831
60909,-3.158125,1.579063
60910,-3.152379,1.955573
60911,-2.780575,0.603718
60912,-3.656250,1.579063
60913,-3.161387,1.365341
60914,-2.883745,1.030303
60915,-3.656250,1.579063
60916,-2.394628,0.440071
60917,-0.787833,-0.623490
60918,-2.181855,0.400969
60919,-2.056191,-1.233052
60920,-2.563163,1.030303
60921,-3.194833,1.652478
60922,-2.038874,-1.400969
60923,-1.845869,0.988831
60924,-3.692957,1.652478
60925,-2.641828,1.320914
60926,-3.397582,1.449729
60927,-2.899457,1.449729
60928,-3.427775,0.988831
60929,-3.268248,1.579063
60930,-1.643120,1.191580
60931,-3.281713,1.826239
60932,-3.427775,0.988831
60933,-2.635719,0.400969
60934,-3.694931,1.911146
60935,-3.528889,1.579063
60936,-2.563163,1.030303
60937,-3.484462,1.623490
60938,-3.281713,1.826239
60939,-2.742943,1.911146
60940,-3.051264,1.365341
60941,2.014396,-0.658322
60942,-3.650504,1.955573
60943,-2.563163,1.030303
60944,-3.123202,0.900969
60945,-3.824265,1.781812
60946,-2.576901,1.579063
60947,-3.563623,1.781812
60948,-3.152379,1.955573
60949,-0.538874,0.099031
60950,-1.988459,-1.889800
60951,-1.462714,0.222521
60952,-2.383160,1.191580
60953,-3.822291,1.911146
60954,-2.641828,1.320914
60955,-2.430339,0.123490
60956,-1.873490,-1.123490
60957,-2.859464,-0.147791
60958,-1.349578,0.500000
60959,-3.158125,1.579063
60960,-2.899457,1.449729
60961,-3.215828,0.698220
60962,-1.593993,0.988831
60963,-2.098256,0.455573
60964,-3.158125,1.579063
60965,-3.427775,0.988831
60966,-3.333174,1.320914
60967,-1.396440,0.698220
60968,-3.478716,2.000000
60969,-3.095692,1.320914
60970,-2.874250,1.652478
60971,-2.669008,0.988831
60972,-1.212812,0.093187
60973,-2.872277,1.781812
60974,-3.304955,1.652478
60975,-2.598822,-0.147791
60976,-2.711958,1.074730
60977,-3.656250,1.579063
60978,-3.326140,1.781812
60979,-2.874250,1.652478
60980,-3.563623,1.781812
60981,-2.272552,1.320914
60982,-2.099031,-1.801938
60983,-0.408062,-0.162592
60984,-1.789708,1.246980
60985,-3.123202,0.900969
60986,-2.051596,1.911146
60987,-0.828197,0.988831
60988,-2.563163,1.030303
60989,-0.102430,-1.889800
60990,-1.955475,-0.826239
60991,-1.849772,0.733052
60992,-2.518736,1.074730
60993,-3.158125,1.579063
60994,-2.166234,-1.400969
60995,-2.394628,0.440071
60996,-3.623490,1.246980
60997,-3.779838,1.826239
60998,0.128724,-0.033258
60999,-3.528889,1.579063
61000,-1.300576,-0.365341
61001,-2.598822,-0.147791
61002,-1.824442,1.449729
61003,-3.563623,1.781812
61004,-1.279149,1.191580
61005,-3.824265,1.781812
61006,-2.598822,-0.147791
61007,-1.551938,0.400969
61008,-2.371693,1.652478
61009,-2.711958,1.074730
61010,-2.835050,1.320914
61011,-2.835050,1.320914
61012,-2.576901,1.579063
61013,-2.051596,1.911146
61014,-3.462508,1.191580
61015,-2.635719,0.400969
61016,-2.598822,-0.147791
61017,-1.568917,-1.211352
61018,-1.262697,0.326239
61019,-3.051264,1.365341
61020,-2.228125,1.365341
61021,-3.563623,1.781812
61022,-2.572099,-0.722521
61023,-3.866718,2.000000
61024,-3.152379,1.955573
61025,-2.098256,0.455573
61026,-3.490208,1.246980
61027,-2.367905,-0.134659
61028,-1.955475,-0.826239
61029,-3.167133,0.988831
61030,-2.461033,1.955573
61031,-3.065499,1.781812
61032,-2.717704,0.698220
61033,-1.652210,-0.658322
61034,0.449827,1.579063
61035,-0.810020,1.191580
61036,-2.711958,1.074730
61037,-3.824265,1.781812
61038,-1.762008,1.191580
61039,-3.326140,1.781812
61040,-2.826042,1.911146
61041,-1.977662,0.988831
61042,-1.864156,-0.367711
61043,-2.730682,1.365341
61044,-2.793116,1.623490
61045,-0.854474,-0.623490
61046,-1.734301,-1.488831
61047,-1.423694,-1.889800
61048,-2.116349,-1.634021
61049,-2.635719,0.400969
61050,-3.324167,1.911146
61051,-3.333174,1.320914
61052,-2.835050,1.320914
61053,-2.670453,0.603718
61054,-3.528889,1.579063
61055,-3.563623,1.781812
61056,-3.281713,1.826239
61057,-3.563623,1.781812
61058,-3.955573,1.911146
61059,-2.526723,-0.425270
61060,-1.703282,0.440071
61061,-3.123202,0.900969
61062,-3.563623,1.781812
61063,-3.397582,1.449729
61064,-3.268248,1.579063
61065,-3.563623,1.781812
61066,-3.692957,1.652478
61067,-2.964384,1.191580
61068,-3.650504,1.955573
61069,-3.281713,1.826239
61070,-2.605388,-0.134659
61071,-0.816833,0.266948
61072,-3.911146,1.955573
61073,-3.246980,1.623490
61074,-3.694931,1.911146
61075,-1.212812,0.093187
61076,-3.326140,1.781812
61077,-0.784266,0.900969
61078,-3.563623,1.781812
61079,-3.650504,1.955573
61080,-3.304955,1.652478
61081,-2.873202,0.400969
61082,-1.568917,-1.211352
61083,-1.873490,-1.123490
61084,-1.955475,-0.826239
61085,-1.198511,1.030303
61086,-2.717704,0.698220
61087,-2.883745,1.030303
61088,-3.304955,1.652478
61089,-1.928302,-1.488831
61090,-2.892753,0.440071
61091,-3.656250,1.579063
61092,-2.892753,0.440071
61093,-3.490208,1.246980
61094,-2.844057,0.730682
61095,-2.835050,1.320914
61096,-1.557314,-0.109562
61097,-1.349578,0.500000
61098,-2.011169,-1.977662
61099,-3.065499,1.781812
61100,-3.397582,1.449729
61101,-3.652478,1.826239
61102,-2.892753,0.440071
61103,-2.337712,0.326239
61104,-2.383160,1.191580
61105,-3.658223,1.449729
61106,-2.096023,2.000000
61107,-1.466104,0.733052
61108,-2.343556,-0.658322
61109,-1.607199,0.123490
61110,-1.244415,0.988831
61111,1.134357,1.365341
61112,-1.703282,0.440071
61113,-3.304955,1.652478
61114,0.546495,0.777479
61115,-0.621791,-0.955573
61116,-2.892753,0.440071
61117,-2.242359,1.781812
61118,-2.541119,0.733052
61119,-2.038874,-1.400969
61120,-1.934194,0.777479
61121,-3.102206,1.246980
61122,-1.960449,1.826239
61123,-2.116349,-1.634021
61124,-2.149460,1.074730
61125,-2.302521,1.030303
61126,-3.123202,0.900969
61127,-1.855707,-1.634021
61128,-0.311666,0.326239
61129,-0.000610,-0.162592
61130,-2.844057,0.730682
61131,-3.335148,1.191580
61132,-1.475625,-0.623490
61133,-1.845869,0.988831
61134,-1.977662,0.988831
61135,-2.874250,1.652478
61136,-3.656250,1.579063
61137,-2.641828,1.320914
61138,-1.534266,-1.801938
61139,-2.605388,-0.134659
61140,-2.163198,1.623490
61141,-0.688917,1.781812
61142,-2.349870,0.603718
61143,-3.652478,1.826239
61144,-4.000000,2.000000
61145,-3.095692,1.320914
61146,-3.650504,1.955573
61147,-3.824265,1.781812
61148,-2.810768,0.142820
61149,-2.654083,-0.425270
61150,-1.760035,1.320914
61151,-3.563623,1.781812
61152,-3.095692,1.320914
61153,-0.861260,0.222521
61154,-1.349578,0.500000
61155,-3.152379,1.955573
61156,-3.822291,1.911146
61157,-3.490208,1.246980
61158,-3.490208,1.246980
61159,-1.878417,-1.721883
61160,-2.166234,-1.400969
61161,-3.656250,1.579063
61162,-2.431855,0.900969
61163,-3.065499,1.781812
61164,-2.493959,1.246980
61165,-3.095692,1.320914
61166,-3.167133,0.988831
61167,-2.349870,0.603718
61168,-0.710661,0.054604
61169,-1.955475,-0.826239
61170,-1.624178,-1.488831
61171,-1.419626,-1.123490
61172,-2.119812,-0.109562
61173,-3.427775,0.988831
61174,-2.176109,0.777479
61175,-3.652478,1.826239
61176,-3.215828,0.698220
61177,-1.933731,0.900969
61178,-3.304955,1.652478
61179,-0.131104,1.365341
61180,-0.221544,-0.535628
61181,-3.095692,1.320914
61182,-3.478716,2.000000
61183,-2.883745,1.030303
61184,-2.700489,1.826239
61185,-1.044797,-0.109562
61186,-0.149926,-0.367711
61187,-0.431016,0.698220
61188,-2.343556,-0.658322
61189,-3.822291,1.911146
61190,-3.911146,1.955573
61191,-3.153395,0.440071
61192,-3.911146,1.955573
61193,-3.333174,1.320914
61194,-3.652478,1.826239
61195,-3.656250,1.579063
61196,-3.824265,1.781812
61197,-2.700489,1.826239
61198,-3.822291,1.911146
61199,-3.304955,1.652478
61200,-2.793116,1.623490
61201,-2.635719,0.400969
61202,-2.669008,0.988831
61203,-1.607199,0.123490
61204,-2.844057,0.730682
61205,-3.652478,1.826239
61206,-3.911146,1.955573
61207,-1.922262,1.652478
61208,-3.824265,1.781812
61209,-3.652478,1.826239
61210,-3.161387,1.365341
61211,-2.336959,1.449729
61212,-2.119812,-0.109562
61213,-2.730682,1.365341
61214,-1.926590,-0.109562
61215,-1.062213,-0.074730
61216,-2.060606,1.030303
61217,-3.911146,1.955573
61218,-2.430339,0.123490
61219,-3.065499,1.781812
61220,-3.824265,1.781812
61221,-1.270918,0.730682
61222,-1.637893,1.955573
61223,-3.484462,1.623490
61224,-3.824265,1.781812
61225,-3.065499,1.781812
61226,-3.158125,1.579063
61227,-1.200484,0.900969
61228,-3.650504,1.955573
61229,-3.397582,1.449729
61230,-3.658223,1.449729
61231,-1.955475,-0.826239
61232,-3.652478,1.826239
61233,-2.835050,1.320914
61234,-0.168606,-0.033258
61235,-1.906779,-0.535628
61236,-3.822291,1.911146
61237,-3.652478,1.826239
61238,-2.155959,-0.425270
61239,-3.427775,0.988831
61240,-1.922262,1.652478
61241,-1.845869,0.988831
61242,0.211126,-1.400969
61243,-3.658223,1.449729
61244,-1.695108,1.579063
61245,-3.167133,0.988831
61246,-3.563623,1.781812
61247,-1.637893,1.955573
61248,-2.635719,0.400969
61249,-3.563623,1.781812
61250,-3.911146,1.955573
61251,-2.892753,0.440071
61252,-1.637893,1.955573
61253,-1.441541,-1.466104
61254,-1.988459,-1.889800
61255,-2.336959,1.449729
61256,-1.695108,1.579063
61257,-1.412671,0.730682
61258,-3.333174,1.320914
61259,-2.873202,0.400969
61260,-2.873202,0.400969
61261,-0.787833,-0.623490
61262,0.436751,0.222521
61263,-3.088468,0.698220
61264,-3.694931,1.911146
61265,-1.551584,-1.634021
61266,-0.599578,-1.000000
61267,-2.885719,0.900969
61268,-1.988459,-1.889800
61269,-3.397582,1.449729
61270,-1.050429,1.652478
61271,-2.644197,-0.445042
61272,-3.123202,0.900969
61273,-3.692957,1.652478
61274,-3.911146,1.955573
61275,-3.955573,1.911146
61276,-3.246980,1.623490
61277,-3.779838,1.826239
61278,-2.835050,1.320914
61279,-3.326140,1.781812
61280,-2.526723,-0.425270
61281,-2.235810,0.730682
61282,-3.911146,1.955573
61283,-3.694931,1.911146
61284,-3.123202,0.900969
61285,-3.824265,1.781812
61286,-3.528889,1.579063
61287,-3.051264,1.365341
61288,-1.412671,0.730682
61289,-2.706235,1.449729
61290,-1.760035,1.320914
61291,-0.879043,-1.466104
61292,-2.730682,1.365341
61293,-3.304955,1.652478
61294,-3.065499,1.781812
61295,-3.158125,1.579063
61296,-1.928302,-1.488831
61297,-2.461033,1.955573
61298,-3.161387,1.365341
61299,-1.557314,-0.109562
61300,-2.874250,1.652478
61301,0.196183,0.440071
61302,-3.152379,1.955573
61303,-2.899457,1.449729
61304,-2.859464,-0.147791
61305,-3.158125,1.579063
61306,-3.427775,0.988831
61307,-3.652478,1.826239
61308,-2.899457,1.449729
61309,-2.899457,1.449729
61310,-2.654083,-0.425270
61311,-2.176109,0.777479
61312,-1.309583,-0.955573
61313,-3.478716,2.000000
61314,-3.826239,1.652478
61315,-3.822291,1.911146
61316,-3.822291,1.911146
61317,-1.396440,0.698220
61318,-2.711958,1.074730
61319,-3.652478,1.826239
61320,-2.835050,1.320914
61321,-2.347897,0.733052
61322,-3.822291,1.911146
61323,-2.394628,0.440071
61324,-3.095692,1.320914
61325,-3.822291,1.911146
61326,-2.116349,-1.634021
61327,-1.914041,-0.134659
61328,-3.824265,1.781812
61329,-1.794458,-1.889800
61330,-2.859464,-0.147791
61331,-1.396440,0.698220
61332,-2.844057,0.730682
61333,-3.123202,0.900969
61334,-3.478716,2.000000
61335,-3.158125,1.579063
61336,-3.822291,1.911146
61337,-4.000000,2.000000
61338,-2.056191,-1.233052
61339,-1.554958,0.777479
61340,-1.210838,0.222521
61341,-2.873202,0.400969
61342,-2.835050,1.320914
61343,-3.652478,1.826239
61344,-3.652478,1.826239
61345,-3.911146,1.955573
61346,-1.244415,0.988831
61347,-3.324167,1.911146
61348,-3.822291,1.911146
61349,-3.826239,1.652478
61350,-1.461364,0.730682
61351,-3.335148,1.191580
61352,-3.911146,1.955573
61353,-2.096023,2.000000
61354,-3.824265,1.781812
61355,-3.652478,1.826239
61356,-2.872277,1.781812
61357,-3.822291,1.911146
61358,-3.215828,0.698220
61359,-2.385621,1.030303
61360,-2.892753,0.440071
61361,-3.158125,1.579063
61362,-3.824265,1.781812
61363,-2.883745,1.030303
61364,-3.324167,1.911146
61365,-2.430339,0.123490
61366,-3.911146,1.955573
61367,-1.977662,0.988831
61368,-3.158125,1.579063
61369,-2.385621,1.030303
61370,-1.607199,0.123490
61371,-3.911146,1.955573
61372,-1.858780,0.142820
61373,-1.466104,0.733052
61374,-0.366526,-1.466104
61375,-0.586211,-0.147791
61376,-2.899457,1.449729
61377,-2.993868,1.030303
61378,-3.397582,1.449729
61379,-2.742943,1.911146
61380,-0.354198,-0.658322
61381,-3.563623,1.781812
61382,-1.303596,-1.488831
61383,-3.167133,0.988831
61384,-2.938128,0.142820
61385,-3.779838,1.826239
61386,-3.563623,1.781812
61387,-3.694931,1.911146
61388,-3.623490,1.246980
61389,-3.779838,1.826239
61390,-2.100697,-0.147791
61391,-1.934194,0.777479
61392,-3.102206,1.246980
61393,-3.326140,1.781812
61394,-3.866718,2.000000
61395,-3.955573,1.911146
61396,-3.326140,1.781812
61397,-3.528889,1.579063
61398,-1.648630,-0.277479
61399,-1.813332,-0.722521
61400,-3.123202,0.900969
61401,-1.574735,-0.425270
61402,-1.717542,-0.914101
61403,-3.326140,1.781812
61404,-3.658223,1.449729
61405,-1.637893,1.955573
61406,-3.650504,1.955573
61407,-2.892753,0.440071
61408,-3.779838,1.826239
61409,-3.955573,1.911146
61410,-3.779838,1.826239
61411,-3.194833,1.652478
61412,-1.149815,1.320914
61413,-3.167133,0.988831
61414,-3.088468,0.698220
61415,-3.427775,0.988831
61416,-3.824265,1.781812
61417,-1.225625,-1.123490
61418,-3.324167,1.911146
61419,-2.155959,-0.425270
61420,-2.493959,1.246980
61421,-3.158125,1.579063
61422,-3.333174,1.320914
61423,-1.607199,0.123490
61424,-1.607199,0.123490
61425,-2.261572,-0.955573
61426,-1.419626,-1.123490
61427,-1.044797,-0.109562
61428,-1.554958,0.777479
61429,-2.461033,1.955573
61430,-1.801938,0.900969
61431,-3.652478,1.826239
61432,-2.899457,1.449729
61433,-3.427775,0.988831
61434,-3.335148,1.191580
61435,-3.652478,1.826239
61436,-0.156636,0.149460
61437,-1.836861,1.579063
61438,-3.826239,1.652478
61439,-3.478716,2.000000
61440,-2.056191,-1.233052
61441,-2.343556,-0.658322
61442,-2.844057,0.730682
61443,-1.492359,1.781812
61444,-3.656250,1.579063
61445,-3.652478,1.826239
61446,-3.490208,1.246980
61447,-2.100697,-0.147791
61448,-1.413198,1.623490
61449,-2.872277,1.781812
61450,-3.304955,1.652478
61451,-2.641828,1.320914
61452,-3.484462,1.623490
61453,-3.822291,1.911146
61454,-3.652478,1.826239
61455,-3.304955,1.652478
61456,-3.158125,1.579063
61457,-3.824265,1.781812
61458,-3.652478,1.826239
61459,-2.669008,0.988831
61460,-2.899457,1.449729
61461,-2.155959,-0.425270
61462,-3.153395,0.440071
61463,-3.656250,1.579063
61464,-1.858780,0.142820
61465,-2.155959,-0.425270
61466,0.447527,0.440071
61467,-0.729953,0.093187
61468,-2.641828,1.320914
61469,-3.088468,0.698220
61470,-3.152379,1.955573
61471,-3.563623,1.781812
61472,-1.412671,0.730682
61473,-2.892753,0.440071
61474,-1.801938,0.900969
61475,-3.692957,1.652478
61476,-3.911146,1.955573
61477,-2.347897,0.733052
61478,-1.652210,-0.658322
61479,-3.623490,1.246980
61480,-2.711958,1.074730
61481,-2.837543,1.579063
61482,-3.095692,1.320914
61483,-3.692957,1.652478
61484,-3.281713,1.826239
61485,-2.144490,0.326239
61486,-3.650504,1.955573
61487,-3.692957,1.652478
61488,-2.837543,1.579063
61489,-2.964384,1.191580
61490,-1.681370,1.030303
61491,-2.100697,-0.147791
61492,-2.605388,-0.134659
61493,-3.427775,0.988831
61494,-2.461033,1.955573
61495,-3.167133,0.988831
61496,-3.911146,1.955573
61497,-3.824265,1.781812
61498,-3.088468,0.698220
61499,-1.003761,1.579063
61500,-0.985218,0.603718
61501,-1.634892,-0.826239
61502,-1.801938,0.900969
61503,-3.528889,1.579063
61504,-3.427775,0.988831
61505,-2.837543,1.579063
61506,-2.163198,1.623490
61507,-2.242359,1.781812
61508,-2.259209,0.777479
61509,-1.873490,-1.123490
61510,-3.095692,1.320914
61511,-3.167133,0.988831
61512,-3.434289,1.911146
61513,-1.592048,0.093187
61514,-3.088468,0.698220
61515,-1.637893,1.955573
61516,-3.563623,1.781812
61517,-3.462508,1.191580
61518,-2.336959,1.449729
61519,-3.232059,0.730682
61520,-3.692957,1.652478
61521,-2.431855,0.900969
61522,-3.153395,0.440071
61523,-0.821489,0.440071
61524,-2.242359,1.781812
61525,-2.440004,0.142820
61526,-3.955573,1.911146
61527,-2.440004,0.142820
61528,-2.605388,-0.134659
61529,-1.713557,-0.535628
61530,-2.641828,1.320914
61531,-2.461033,1.955573
61532,-3.528889,1.579063
61533,-3.194833,1.652478
61534,-3.065499,1.781812
61535,-2.576901,1.579063
61536,-0.985218,0.603718
61537,-2.136480,0.698220
61538,-2.540461,0.123490
61539,-3.462508,1.191580
61540,-3.911146,1.955573
61541,-2.576901,1.579063
61542,-1.978621,0.733052
61543,-3.694931,1.911146
61544,-2.500000,-1.000000
61545,-2.899457,1.449729
61546,-2.563163,1.030303
61547,-3.153395,0.440071
61548,-2.553446,0.149460
61549,-2.136480,0.698220
61550,-2.859464,-0.147791
61551,-3.911146,1.955573
61552,-2.793116,1.623490
61553,-3.268248,1.579063
61554,-2.242359,1.781812
61555,-3.333174,1.320914
61556,-2.605388,-0.134659
61557,-1.965750,-1.801938
61558,-2.526723,-0.425270
61559,-3.563623,1.781812
61560,-2.711958,1.074730
61561,-3.246980,1.623490
61562,-3.484462,1.623490
61563,-2.899457,1.449729
61564,-3.528889,1.579063
61565,-2.184738,-0.367711
61566,-1.978716,-1.000000
61567,-2.038874,-1.400969
61568,-3.281713,1.826239
61569,-3.911146,1.955573
61570,-3.232059,0.730682
61571,-3.281713,1.826239
61572,-3.088468,0.698220
61573,-2.259209,0.777479
61574,-0.159449,-0.109562
61575,-2.541119,0.733052
61576,-3.065499,1.781812
61577,-3.694931,1.911146
61578,-2.109756,0.123490
61579,-2.670453,0.603718
61580,-2.311457,-0.722521
61581,-3.246980,1.623490
61582,-1.813332,-0.722521
61583,-0.763270,1.246980
61584,-2.466259,1.191580
61585,-3.650504,1.955573
61586,-1.643120,1.191580
61587,-3.658223,1.449729
61588,-3.563623,1.781812
61589,-2.993868,1.030303
61590,-2.742943,1.911146
61591,-3.268248,1.579063
61592,-1.977662,0.988831
61593,-3.528889,1.579063
61594,-0.241532,0.054604
61595,-3.051264,1.365341
61596,-2.837543,1.579063
61597,-3.232059,0.730682
61598,-3.563623,1.781812
61599,-3.268248,1.579063
61600,-3.246980,1.623490
61601,-3.246980,1.623490
61602,-2.641828,1.320914
61603,-3.955573,1.911146
61604,-2.938128,0.142820
61605,-3.528889,1.579063
61606,-3.065499,1.781812
61607,-3.088468,0.698220
61608,-1.524320,-0.914101
61609,-1.551584,-1.634021
61610,-1.713557,-0.535628
61611,-2.793116,1.623490
61612,-2.826042,1.911146
61613,-2.430339,0.123490
61614,-3.656250,1.579063
61615,-3.246980,1.623490
61616,-3.658223,1.449729
61617,-2.717704,0.698220
61618,-3.650504,1.955573
61619,-3.324167,1.911146
61620,-0.150597,0.400969
61621,-1.441541,-1.466104
61622,-1.624178,-1.488831
61623,-2.440004,0.142820
61624,-3.065499,1.781812
61625,-3.281713,1.826239
61626,-3.281713,1.826239
61627,-2.892753,0.440071
61628,-3.153395,0.440071
61629,-1.855707,-1.634021
61630,-2.644197,-0.445042
61631,-2.899457,1.449729
61632,-1.557314,-0.109562
61633,-2.899457,1.449729
61634,-2.100697,-0.147791
61635,-2.899457,1.449729
61636,-3.335148,1.191580
61637,-3.427775,0.988831
61638,-2.155959,-0.425270
61639,-0.721721,-0.367711
61640,-3.911146,1.955573
61641,-3.365341,0.730682
61642,-2.700489,1.826239
61643,-1.661706,-1.634021
61644,-3.490208,1.246980
61645,-3.152379,1.955573
61646,-1.244415,0.988831
61647,-1.824442,1.449729
61648,-2.337712,0.326239
61649,-2.873202,0.400969
61650,-2.272552,1.320914
61651,-2.793116,1.623490
61652,-3.153395,0.440071
61653,-2.717704,0.698220
61654,-3.652478,1.826239
61655,-3.650504,1.955573
61656,-3.911146,1.955573
61657,-3.304955,1.652478
61658,-1.703282,0.440071
61659,-2.366718,-1.000000
61660,-1.773241,0.455573
61661,-2.430339,0.123490
61662,-3.490208,1.246980
61663,-2.430339,0.123490
61664,-3.153395,0.440071
61665,-1.794458,-1.889800
61666,-2.859464,-0.147791
61667,-1.914041,-0.134659
61668,-3.528889,1.579063
61669,-3.779838,1.826239
61670,-2.540461,0.123490
61671,-1.420728,1.030303
61672,-3.528889,1.579063
61673,-2.110972,-1.123490
61674,-3.694931,1.911146
61675,-3.911146,1.955573
61676,-3.658223,1.449729
61677,-3.326140,1.781812
61678,-3.051264,1.365341
61679,-3.268248,1.579063
61680,-2.892753,0.440071
61681,-2.208111,1.449729
61682,-3.462508,1.191580
61683,-2.899457,1.449729
61684,-3.563623,1.781812
61685,-1.244415,0.988831
61686,-0.722906,-0.365341
61687,-0.911611,-1.400969
61688,-1.344281,-0.535628
61689,-1.474108,-1.400969
61690,-2.316833,-1.233052
61691,-2.874250,1.652478
61692,-3.656250,1.579063
61693,-2.060606,1.030303
61694,-2.826042,1.911146
61695,-2.394628,0.440071
61696,-2.730682,1.365341
61697,-3.427775,0.988831
61698,-1.088404,-0.914101
61699,-1.914041,-0.134659
61700,-0.600619,0.222521
61701,0.194384,0.054604
61702,-3.246980,1.623490
61703,-1.955475,-0.826239
61704,-0.576416,-0.658322
61705,-1.314088,-0.074730
61706,-2.388932,-0.955573
61707,-1.594507,0.222521
61708,-1.423694,-1.889800
61709,-0.434577,-0.109562
61710,-1.921819,-1.889800
61711,-2.844057,0.730682
61712,-3.658223,1.449729
61713,-1.534266,-1.801938
61714,-1.170844,-1.233052
61715,-0.305503,-0.367711
61716,-2.119812,-0.109562
61717,-2.060606,1.030303
61718,-3.152379,1.955573
61719,-3.484462,1.623490
61720,-3.658223,1.449729
61721,-1.922262,1.652478
61722,-2.641828,1.320914
61723,-3.324167,1.911146
61724,-2.844057,0.730682
61725,-2.826042,1.911146
61726,-1.357582,-1.634021
61727,-1.254687,0.698220
61728,-3.911146,1.955573
61729,-3.866718,2.000000
61730,-3.281713,1.826239
61731,-3.281713,1.826239
61732,-3.779838,1.826239
61733,-3.563623,1.781812
61734,-1.849772,0.733052
61735,-2.964384,1.191580
61736,-1.847313,0.603718
61737,-2.431855,0.900969
61738,-3.528889,1.579063
61739,-2.669008,0.988831
61740,-3.623490,1.246980
61741,-2.938128,0.142820
61742,-2.109756,0.123490
61743,-2.644197,-0.445042
61744,-3.246980,1.623490
61745,-1.445881,-0.074730
61746,-3.427775,0.988831
61747,-3.194833,1.652478
61748,-3.563623,1.781812
61749,-3.152379,1.955573
61750,-2.641828,1.320914
61751,-3.268248,1.579063
61752,-3.824265,1.781812
61753,-2.431855,0.900969
61754,-3.194833,1.652478
61755,-2.011169,-1.977662
61756,-3.427775,0.988831
61757,-3.563623,1.781812
61758,-2.706235,1.449729
61759,-3.911146,1.955573
61760,-3.484462,1.623490
61761,-3.427775,0.988831
61762,-3.065499,1.781812
61763,-2.302521,1.030303
61764,-3.095692,1.320914
61765,-3.694931,1.911146
61766,-3.095692,1.320914
61767,-3.650504,1.955573
61768,-2.374152,1.781812
61769,-1.695108,1.579063
61770,-2.015156,0.455573
61771,-3.333174,1.320914
61772,-3.824265,1.781812
61773,-3.658223,1.449729
61774,-3.692957,1.652478
61775,-3.281713,1.826239
61776,-3.088468,0.698220
61777,-3.281713,1.826239
61778,-3.088468,0.698220
61779,-2.899457,1.449729
61780,-3.484462,1.623490
61781,-3.397582,1.449729
61782,-1.303596,-1.488831
61783,-2.635719,0.400969
61784,-1.864156,-0.367711
61785,-2.461033,1.955573
61786,-2.899457,1.449729
61787,-3.335148,1.191580
61788,-3.656250,1.579063
61789,-3.650504,1.955573
61790,-2.730682,1.365341
61791,-3.152379,1.955573
61792,-2.208111,1.449729
61793,-1.977662,0.988831
61794,-2.730682,1.365341
61795,-2.337712,0.326239
61796,-3.652478,1.826239
61797,-2.835050,1.320914
61798,-3.490208,1.246980
61799,-3.365341,0.730682
61800,-1.773241,0.455573
61801,-1.442336,-1.211352
61802,-3.652478,1.826239
61803,-2.266948,-1.466104
61804,-1.330319,-0.914101
61805,-2.337712,0.326239
61806,-3.692957,1.652478
61807,-3.650504,1.955573
61808,-3.326140,1.781812
61809,-1.634892,-0.826239
61810,-1.847313,0.603718
61811,-3.088468,0.698220
61812,-3.281713,1.826239
61813,-3.911146,1.955573
61814,-2.641828,1.320914
61815,-2.553446,0.149460
61816,-1.643120,1.191580
61817,-2.388932,-0.955573
61818,-1.683887,-1.977662
61819,-2.870469,2.000000
61820,-1.847313,0.603718
61821,-2.576901,1.579063
61822,-2.837543,1.579063
61823,-2.859464,-0.147791
61824,-3.232059,0.730682
61825,-2.641828,1.320914
61826,-3.462508,1.191580
61827,-2.371693,1.652478
61828,-3.824265,1.781812
61829,-0.983709,-1.123490
61830,-0.538346,-1.889800
61831,-3.153395,0.440071
61832,-3.152379,1.955573
61833,-2.337712,0.326239
61834,-3.822291,1.911146
61835,-2.700489,1.826239
61836,-3.652478,1.826239
61837,-1.717542,-0.914101
61838,-1.550062,0.900969
61839,-2.844057,0.730682
61840,-2.316833,-1.233052
61841,-2.349870,0.603718
61842,-1.397882,0.603718
61843,-3.161387,1.365341
61844,-1.406715,-0.277479
61845,-1.032469,0.698220
61846,-3.563623,1.781812
61847,-3.304955,1.652478
61848,-3.158125,1.579063
61849,-2.598822,-0.147791
61850,-2.311457,-0.722521
61851,-3.335148,1.191580
61852,-3.123202,0.900969
61853,-3.563623,1.781812
61854,0.216102,0.011169
61855,-3.427775,0.988831
61856,-3.824265,1.781812
61857,-1.568917,-1.211352
61858,-2.119812,-0.109562
61859,-1.594507,0.222521
61860,-3.484462,1.623490
61861,-3.650504,1.955573
61862,-2.572099,-0.722521
61863,-2.700489,1.826239
61864,-2.098256,0.455573
61865,-3.824265,1.781812
61866,-2.431855,0.900969
61867,-3.822291,1.911146
61868,-3.158125,1.579063
61869,-3.822291,1.911146
61870,-2.430339,0.123490
61871,-2.385621,1.030303
61872,-0.864659,-0.365341
61873,-1.592048,0.093187
61874,-3.326140,1.781812
61875,-3.658223,1.449729
61876,-2.670453,0.603718
61877,-3.563623,1.781812
61878,-0.237965,1.579063
61879,-2.641828,1.320914
61880,-1.648630,-0.277479
61881,-1.280886,-1.400969
61882,-1.026723,1.074730
61883,-2.883745,1.030303
61884,-3.304955,1.652478
61885,-2.872277,1.781812
61886,-3.824265,1.781812
61887,-2.874250,1.652478
61888,-2.641828,1.320914
61889,-1.492359,1.781812
61890,-2.717704,0.698220
61891,-0.831764,-0.535628
61892,-3.365341,0.730682
61893,-2.181855,0.400969
61894,-0.528520,0.777479
61895,-0.823226,0.326239
61896,-1.636943,1.074730
61897,-3.650504,1.955573
61898,-1.878417,-1.721883
61899,-2.294861,-0.367711
61900,-3.095692,1.320914
61901,-3.153395,0.440071
61902,-3.326140,1.781812
61903,-3.304955,1.652478
61904,-1.594507,0.222521
61905,-2.641828,1.320914
61906,-0.544316,-0.722521
61907,-3.658223,1.449729
61908,-2.837543,1.579063
61909,-2.302521,1.030303
61910,-1.789708,1.246980
61911,-2.015156,0.455573
61912,-0.642527,-0.914101
61913,-2.015156,0.455573
61914,-3.095692,1.320914
61915,-0.109208,0.054604
61916,-1.624178,-1.488831
61917,-3.652478,1.826239
61918,-2.873202,0.400969
61919,-1.442336,-1.211352
61920,0.950307,0.266948
61921,-1.977662,0.988831
61922,-2.598822,-0.147791
61923,-2.644197,-0.445042
61924,-3.650504,1.955573
61925,-2.635719,0.400969
61926,-3.650504,1.955573
61927,-1.643120,1.191580
61928,-0.190819,0.011169
61929,-2.119812,-0.109562
61930,-2.136480,0.698220
61931,-3.333174,1.320914
61932,-0.939778,-1.211352
61933,-3.268248,1.579063
61934,-3.824265,1.781812
61935,-2.964384,1.191580
61936,-2.366718,-1.000000
61937,-3.167133,0.988831
61938,-2.334986,1.579063
61939,-2.383160,1.191580
61940,-2.394628,0.440071
61941,-3.658223,1.449729
61942,-3.161387,1.365341
61943,-1.731730,-0.277479
61944,-1.127350,1.826239
61945,-2.635719,0.400969
61946,-1.637893,1.955573
61947,-2.431855,0.900969
61948,-3.652478,1.826239
61949,-1.955475,-0.826239
61950,-0.911146,0.455573
61951,-2.605388,-0.134659
61952,-2.844057,0.730682
61953,-3.563623,1.781812
61954,-3.167133,0.988831
61955,-2.461033,1.955573
61956,-2.883745,1.030303
61957,-3.563623,1.781812
61958,-3.652478,1.826239
61959,-2.885719,0.900969
61960,-2.294861,-0.367711
61961,-1.370469,-1.000000
61962,-2.144490,0.326239
61963,-3.158125,1.579063
61964,-3.824265,1.781812
61965,-3.822291,1.911146
61966,-3.822291,1.911146
61967,-3.650504,1.955573
61968,-0.916907,-0.365341
61969,-1.864156,-0.367711
61970,-0.652478,0.326239
61971,-2.347897,0.733052
61972,-2.641828,1.320914
61973,-2.711958,1.074730
61974,-3.158125,1.579063
61975,-4.000000,2.000000
61976,-3.304955,1.652478
61977,-1.524320,-0.914101
61978,-1.960449,1.826239
61979,-1.813332,-0.722521
61980,-1.300576,-0.365341
61981,-2.316833,-1.233052
61982,-0.688917,1.781812
61983,-0.689843,0.400969
61984,-2.493959,1.246980
61985,-3.427775,0.988831
61986,-1.607199,0.123490
61987,-2.334986,1.579063
61988,-2.810768,0.142820
61989,-3.822291,1.911146
61990,-3.652478,1.826239
61991,-3.563623,1.781812
61992,-3.650504,1.955573
61993,-1.965750,-1.801938
61994,-1.445881,-0.074730
61995,-3.563623,1.781812
61996,-3.658223,1.449729
61997,-0.520157,-0.162592
61998,-2.294861,-0.367711
61999,-2.899457,1.449729
62000,-3.563623,1.781812
62001,-2.706235,1.449729
62002,-2.700489,1.826239
62003,-3.167133,0.988831
62004,-2.810768,0.142820
62005,-3.153395,0.440071
62006,-2.793116,1.623490
62007,-2.641828,1.320914
62008,-3.215828,0.698220
62009,-2.383160,1.191580
62010,-3.652478,1.826239
62011,-2.874250,1.652478
62012,-2.700489,1.826239
62013,-3.167133,0.988831
62014,-0.939778,-1.211352
62015,-3.065499,1.781812
62016,-3.158125,1.579063
62017,-2.885719,0.900969
62018,-2.541119,0.733052
62019,-1.794458,-1.889800
62020,0.037365,0.149460
62021,-3.911146,1.955573
62022,-3.123202,0.900969
62023,-3.484462,1.623490
62024,-3.281713,1.826239
62025,-3.088468,0.698220
62026,-3.051264,1.365341
62027,-2.835050,1.320914
62028,-2.149460,1.074730
62029,-1.445881,-0.074730
62030,-2.136480,0.698220
62031,-2.873202,0.400969
62032,-1.719513,1.246980
62033,-3.333174,1.320914
62034,-2.938128,0.142820
62035,0.600074,-0.367711
62036,-0.549693,-1.233052
62037,-1.225625,-1.123490
62038,0.066516,-0.033258
62039,-1.594507,0.222521
62040,-3.462508,1.191580
62041,-2.141244,1.191580
62042,-1.120429,-1.721883
62043,-2.181855,0.400969
62044,-3.281713,1.826239
62045,-3.326140,1.781812
62046,-3.528889,1.579063
62047,-3.694931,1.911146
62048,-3.153395,0.440071
62049,-1.847313,0.603718
62050,-3.427775,0.988831
62051,-3.194833,1.652478
62052,-3.268248,1.579063
62053,-3.051264,1.365341
62054,-3.528889,1.579063
62055,-2.644197,-0.445042
62056,-1.155045,-0.914101
62057,-1.261910,1.320914
62058,-2.388932,-0.955573
62059,-3.427775,0.988831
62060,-3.694931,1.911146
62061,-3.866718,2.000000
62062,-2.272552,1.320914
62063,-0.771367,0.222521
62064,-0.652478,0.326239
62065,-1.574735,-0.425270
62066,-3.281713,1.826239
62067,-3.434289,1.911146
62068,-2.208111,1.449729
62069,-3.246980,1.623490
62070,-3.911146,1.955573
62071,-2.837543,1.579063
62072,-2.670453,0.603718
62073,-1.643120,1.191580
62074,-3.484462,1.623490
62075,-2.005777,-1.721883
62076,-2.316833,-1.233052
62077,-3.623490,1.246980
62078,-1.978716,-1.000000
62079,-1.303596,-1.488831
62080,-2.431855,0.900969
62081,-2.466259,1.191580
62082,-1.279149,1.191580
62083,-2.302521,1.030303
62084,-2.837543,1.579063
62085,-2.136480,0.698220
62086,-2.235810,0.730682
62087,-2.208111,1.449729
62088,-3.650504,1.955573
62089,-2.964384,1.191580
62090,-3.824265,1.781812
62091,-2.837543,1.579063
62092,-1.558725,-0.623490
62093,-1.733246,0.500000
62094,-3.652478,1.826239
62095,-3.911146,1.955573
62096,-1.489885,-1.977662
62097,-1.690819,-1.488831
62098,-1.384971,1.449729
62099,-2.294861,-0.367711
62100,-1.466104,0.733052
62101,-3.826239,1.652478
62102,-2.098256,0.455573
62103,-2.899457,1.449729
62104,-2.383160,1.191580
62105,-3.563623,1.781812
62106,-2.155959,-0.425270
62107,-2.294861,-0.367711
62108,-2.793116,1.623490
62109,-3.650504,1.955573
62110,-1.270918,0.730682
62111,-3.335148,1.191580
62112,-2.641828,1.320914
62113,-3.911146,1.955573
62114,-3.158125,1.579063
62115,-2.641828,1.320914
62116,-3.095692,1.320914
62117,-4.000000,2.000000
62118,-1.773241,0.455573
62119,-2.242359,1.781812
62120,-2.635719,0.400969
62121,-3.484462,1.623490
62122,-2.349870,0.603718
62123,-3.826239,1.652478
62124,-3.484462,1.623490
62125,-3.822291,1.911146
62126,-1.762008,1.191580
62127,-1.309583,-0.955573
62128,-0.824281,-0.162592
62129,-3.484462,1.623490
62130,-2.641828,1.320914
62131,-0.458468,1.320914
62132,-3.246980,1.623490
62133,-2.572099,-0.722521
62134,-3.246980,1.623490
62135,-3.650504,1.955573
62136,-3.304955,1.652478
62137,-2.461033,1.955573
62138,-3.335148,1.191580
62139,-3.652478,1.826239
62140,-3.563623,1.781812
62141,-1.801938,0.900969
62142,-2.899457,1.449729
62143,-0.309692,0.455573
62144,-2.261572,-0.955573
62145,-1.801938,0.900969
62146,-1.306849,1.246980
62147,-2.872277,1.781812
62148,-1.198511,1.030303
62149,-3.335148,1.191580
62150,-2.060606,1.030303
62151,-3.397582,1.449729
62152,-2.706235,1.449729
62153,-3.167133,0.988831
62154,-3.911146,1.955573
62155,-3.650504,1.955573
62156,-2.899457,1.449729
62157,-2.096023,2.000000
62158,-3.215828,0.698220
62159,-3.326140,1.781812
62160,-2.098256,0.455573
62161,-3.822291,1.911146
62162,-2.826042,1.911146
62163,-2.730682,1.365341
62164,-2.168944,1.246980
62165,-3.304955,1.652478
62166,-3.246980,1.623490
62167,-2.163198,1.623490
62168,-3.652478,1.826239
62169,-3.490208,1.246980
62170,-2.493959,1.246980
62171,-2.106074,-0.658322
62172,-2.899457,1.449729
62173,-0.241532,0.054604
62174,-3.051264,1.365341
62175,-1.637893,1.955573
62176,-3.268248,1.579063
62177,-3.650504,1.955573
62178,-2.541119,0.733052
62179,-1.977662,0.988831
62180,-3.528889,1.579063
62181,-3.123202,0.900969
62182,-1.845869,0.988831
62183,-0.472729,-0.033258
62184,-2.553446,0.149460
62185,-3.152379,1.955573
62186,-1.551012,1.781812
62187,-3.650504,1.955573
62188,-2.644197,-0.445042
62189,-2.835050,1.320914
62190,-1.847313,0.603718
62191,-1.574735,-0.425270
62192,-3.333174,1.320914
62193,-2.347897,0.733052
62194,-3.065499,1.781812
62195,-2.706235,1.449729
62196,-1.003761,1.579063
62197,-1.051938,0.900969
62198,-3.692957,1.652478
62199,-1.072099,0.777479
62200,-2.641828,1.320914
62201,-3.528889,1.579063
62202,-2.837543,1.579063
62203,-2.641828,1.320914
62204,-1.917063,0.093187
62205,-1.811776,-1.721883
62206,-0.272729,0.988831
62207,-2.272552,1.320914
62208,-3.650504,1.955573
62209,-2.466259,1.191580
62210,-2.343556,-0.658322
62211,-3.333174,1.320914
62212,-3.281713,1.826239
62213,-3.911146,1.955573
62214,-0.476251,-0.367711
62215,-1.601453,0.500000
62216,-2.730682,1.365341
62217,-3.826239,1.652478
62218,-0.219815,0.011169
62219,-1.864156,-0.367711
62220,-1.155045,-0.914101
62221,-1.229497,0.266948
62222,-2.374152,1.781812
62223,-1.198511,1.030303
62224,-2.883745,1.030303
62225,-2.336959,1.449729
62226,-3.822291,1.911146
62227,-2.883745,1.030303
62228,-1.824442,1.449729
62229,-3.822291,1.911146
62230,-3.484462,1.623490
62231,-3.335148,1.191580
62232,-2.810768,0.142820
62233,-2.810768,0.142820
62234,-2.669008,0.988831
62235,-1.731816,1.652478
62236,-2.334986,1.579063
62237,-3.326140,1.781812
62238,-1.200484,0.900969
62239,-3.826239,1.652478
62240,-1.607199,0.123490
62241,-2.810768,0.142820
62242,-3.158125,1.579063
62243,-3.563623,1.781812
62244,-3.911146,1.955573
62245,-3.158125,1.579063
62246,-2.518736,1.074730
62247,-3.304955,1.652478
62248,-3.324167,1.911146
62249,-3.824265,1.781812
62250,-1.253943,-1.233052
62251,-2.242359,1.781812
62252,-3.434289,1.911146
62253,-3.779838,1.826239
62254,-3.623490,1.246980
62255,-2.641828,1.320914
62256,-2.872277,1.781812
62257,-2.641828,1.320914
62258,-0.275215,1.826239
62259,-3.434289,1.911146
62260,-2.272552,1.320914
62261,-3.326140,1.781812
62262,-2.837543,1.579063
62263,-3.326140,1.781812
62264,-2.461033,1.955573
62265,-3.694931,1.911146
62266,-3.528889,1.579063
62267,-3.911146,1.955573
62268,-2.964384,1.191580
62269,-3.650504,1.955573
62270,-3.779838,1.826239
62271,-1.445133,0.698220
62272,-3.268248,1.579063
62273,-3.694931,1.911146
62274,-3.658223,1.449729
62275,-2.541119,0.733052
62276,-2.598822,-0.147791
62277,-1.550062,0.900969
62278,-3.051264,1.365341
62279,-2.964384,1.191580
62280,-1.594507,0.222521
62281,-2.563163,1.030303
62282,-1.214222,1.449729
62283,-2.696708,1.652478
62284,-2.466259,1.191580
62285,-3.333174,1.320914
62286,-3.694931,1.911146
62287,-3.563623,1.781812
62288,-1.419626,-1.123490
62289,-2.184738,-0.367711
62290,-3.326140,1.781812
62291,-3.528889,1.579063
62292,-3.281713,1.826239
62293,-2.259209,0.777479
62294,-1.978716,-1.000000
62295,-1.236955,-1.488831
62296,-2.176109,0.777479
62297,-3.650504,1.955573
62298,-2.941449,0.149460
62299,-0.810020,1.191580
62300,-3.824265,1.781812
62301,-0.710661,0.054604
62302,-0.621791,-0.955573
62303,-1.794458,-1.889800
62304,-3.563623,1.781812
62305,-2.859464,-0.147791
62306,-2.242359,1.781812
62307,-2.334986,1.579063
62308,-2.383160,1.191580
62309,-0.734763,-0.722521
62310,-3.692957,1.652478
62311,-2.440004,0.142820
62312,-3.281713,1.826239
62313,-3.102206,1.246980
62314,-0.628209,0.455573
62315,-3.692957,1.652478
62316,-0.560521,1.449729
62317,-3.650504,1.955573
62318,-2.563163,1.030303
62319,-3.153395,0.440071
62320,-3.268248,1.579063
62321,0.089613,0.149460
62322,-3.656250,1.579063
62323,-2.383160,1.191580
62324,-2.941449,0.149460
62325,-3.656250,1.579063
62326,-3.824265,1.781812
62327,-2.835050,1.320914
62328,-1.955475,-0.826239
62329,-1.361599,-0.367711
62330,-3.563623,1.781812
62331,-2.859464,-0.147791
62332,-2.440004,0.142820
62333,-1.760035,1.320914
62334,-1.789708,1.246980
62335,-3.692957,1.652478
62336,-1.955475,-0.826239
62337,-3.326140,1.781812
62338,-3.822291,1.911146
62339,-3.563623,1.781812
62340,-3.650504,1.955573
62341,-3.822291,1.911146
62342,-2.349870,0.603718
62343,-2.810768,0.142820
62344,-0.718169,-0.658322
62345,-1.864156,-0.367711
62346,-1.474108,-1.400969
62347,-2.964384,1.191580
62348,-3.268248,1.579063
62349,-3.528889,1.579063
62350,-2.899457,1.449729
62351,-2.964384,1.191580
62352,-3.824265,1.781812
62353,-3.824265,1.781812
62354,-1.550062,0.900969
62355,-3.123202,0.900969
62356,-3.563623,1.781812
62357,-3.650504,1.955573
62358,-2.133667,-1.466104
62359,-2.598822,-0.147791
62360,-3.779838,1.826239
62361,-2.899457,1.449729
62362,-3.528889,1.579063
62363,-2.440004,0.142820
62364,-3.281713,1.826239
62365,-2.670453,0.603718
62366,-1.890808,-0.955573
62367,-3.484462,1.623490
62368,-3.692957,1.652478
62369,-3.484462,1.623490
62370,0.142985,1.320914
62371,-0.151111,-0.365341
62372,-2.388932,-0.955573
62373,-2.440004,0.142820
62374,-3.528889,1.579063
62375,-3.563623,1.781812
62376,0.256769,-0.109562
62377,-0.001379,-0.367711
62378,-0.583781,0.500000
62379,-3.779838,1.826239
62380,-2.181855,0.400969
62381,0.436916,0.733052
62382,-0.709622,0.099031
62383,-0.272729,0.988831
62384,-0.472729,-0.033258
62385,-2.605388,-0.134659
62386,-2.144490,0.326239
62387,-2.563163,1.030303
62388,-2.065597,-0.826239
62389,-2.572099,-0.722521
62390,-2.316833,-1.233052
62391,-2.964384,1.191580
62392,-1.048700,0.730682
62393,-3.427775,0.988831
62394,-3.694931,1.911146
62395,-2.742943,1.911146
62396,-3.232059,0.730682
62397,-3.427775,0.988831
62398,-1.890808,-0.955573
62399,-3.427775,0.988831
62400,-2.598822,-0.147791
62401,0.638740,-0.445042
62402,-3.281713,1.826239
62403,-3.623490,1.246980
62404,-3.955573,1.911146
62405,-3.694931,1.911146
62406,-2.899457,1.449729
62407,-3.246980,1.623490
62408,-3.528889,1.579063
62409,-3.102206,1.246980
62410,-2.540461,0.123490
62411,-2.670453,0.603718
62412,-3.563623,1.781812
62413,-3.528889,1.579063
62414,-3.095692,1.320914
62415,-2.835050,1.320914
62416,-1.384971,1.449729
62417,-2.563163,1.030303
62418,-3.824265,1.781812
62419,-2.051596,1.911146
62420,-1.813332,-0.722521
62421,-3.268248,1.579063
62422,-3.694931,1.911146
62423,-1.849772,0.733052
62424,-3.955573,1.911146
62425,-2.011169,-1.977662
62426,-2.119812,-0.109562
62427,-2.563163,1.030303
62428,-2.576901,1.579063
62429,-2.141244,1.191580
62430,-3.911146,1.955573
62431,-2.885719,0.900969
62432,-3.326140,1.781812
62433,-2.892753,0.440071
62434,-3.333174,1.320914
62435,-3.911146,1.955573
62436,-2.696708,1.652478
62437,-3.650504,1.955573
62438,-2.228125,1.365341
62439,-1.466104,0.733052
62440,-1.934194,0.777479
62441,-3.563623,1.781812
62442,-2.302521,1.030303
62443,-3.281713,1.826239
62444,-3.246980,1.623490
62445,-2.793116,1.623490
62446,-2.696708,1.652478
62447,-3.911146,1.955573
62448,-3.779838,1.826239
62449,-3.528889,1.579063
62450,-3.434289,1.911146
62451,-3.167133,0.988831
62452,-2.337712,0.326239
62453,-3.095692,1.320914
62454,-3.779838,1.826239
62455,-2.119812,-0.109562
62456,-1.601453,0.500000
62457,-3.866718,2.000000
62458,-2.038874,-1.400969
62459,-3.232059,0.730682
62460,-3.232059,0.730682
62461,-2.184738,-0.367711
62462,-1.652210,-0.658322
62463,-3.335148,1.191580
62464,-1.409351,-0.147791
62465,-0.388818,-0.425270
62466,-2.844057,0.730682
62467,-2.730682,1.365341
62468,-4.000000,2.000000
62469,-2.899457,1.449729
62470,-2.311457,-0.722521
62471,-2.874250,1.652478
62472,-2.899457,1.449729
62473,-2.859464,-0.147791
62474,-3.656250,1.579063
62475,-3.484462,1.623490
62476,-3.652478,1.826239
62477,-2.383160,1.191580
62478,-3.158125,1.579063
62479,-3.333174,1.320914
62480,-2.941449,0.149460
62481,-0.810020,1.191580
62482,-2.181855,0.400969
62483,-3.095692,1.320914
62484,-2.184738,-0.367711
62485,-2.526723,-0.425270
62486,-2.641828,1.320914
62487,-3.658223,1.449729
62488,-3.102206,1.246980
62489,-2.993868,1.030303
62490,-3.153395,0.440071
62491,-2.242359,1.781812
62492,-1.824442,1.449729
62493,-3.281713,1.826239
62494,-3.563623,1.781812
62495,-1.775215,0.326239
62496,-1.070127,-0.826239
62497,-2.883745,1.030303
62498,-3.333174,1.320914
62499,-2.700489,1.826239
62500,-1.568917,-1.211352
62501,-3.652478,1.826239
62502,-3.158125,1.579063
62503,-3.326140,1.781812
62504,-1.207436,0.603718
62505,-0.202183,0.733052
62506,-3.324167,1.911146
62507,-3.822291,1.911146
62508,-3.822291,1.911146
62509,-2.872277,1.781812
62510,-2.669008,0.988831
62511,-3.304955,1.652478
62512,-2.060606,1.030303
62513,-2.793116,1.623490
62514,-1.207436,0.603718
62515,-3.427775,0.988831
62516,-3.365341,0.730682
62517,-2.096023,2.000000
62518,-1.922262,1.652478
62519,-4.000000,2.000000
62520,-3.484462,1.623490
62521,-3.335148,1.191580
62522,-2.780575,0.603718
62523,-3.652478,1.826239
62524,-3.822291,1.911146
62525,-2.060606,1.030303
62526,-1.636943,1.074730
62527,-3.123202,0.900969
62528,-1.466104,0.733052
62529,-3.824265,1.781812
62530,-0.652478,0.326239
62531,-3.656250,1.579063
62532,-3.158125,1.579063
62533,-3.824265,1.781812
62534,-2.700489,1.826239
62535,-3.324167,1.911146
62536,-2.717704,0.698220
62537,-2.810768,0.142820
62538,-2.669008,0.988831
62539,-1.462714,0.222521
62540,-2.133667,-1.466104
62541,-1.648630,-0.277479
62542,-3.051264,1.365341
62543,-2.149460,1.074730
62544,-3.102206,1.246980
62545,-0.855884,0.733052
62546,-2.337712,0.326239
62547,-1.977662,0.988831
62548,-2.015156,0.455573
62549,-2.336959,1.449729
62550,-3.462508,1.191580
62551,-3.462508,1.191580
62552,-1.551012,1.781812
62553,-2.670453,0.603718
62554,-2.742943,1.911146
62555,-3.692957,1.652478
62556,-2.644197,-0.445042
62557,-2.717704,0.698220
62558,-2.011169,-1.977662
62559,-1.039051,0.266948
62560,-2.730682,1.365341
62561,-1.945199,0.149460
62562,-1.922262,1.652478
62563,-2.349870,0.603718
62564,-2.149460,1.074730
62565,-3.652478,1.826239
62566,-3.324167,1.911146
62567,-3.911146,1.955573
62568,-2.780575,0.603718
62569,-2.349870,0.603718
62570,-2.109756,0.123490
62571,-0.669220,1.781812
62572,-3.427775,0.988831
62573,-3.232059,0.730682
62574,-1.917063,0.093187
62575,-3.911146,1.955573
62576,-3.824265,1.781812
62577,-2.669008,0.988831
62578,-3.911146,1.955573
62579,-3.528889,1.579063
62580,-1.928302,-1.488831
62581,-2.892753,0.440071
62582,-2.598822,-0.147791
62583,-3.153395,0.440071
62584,-3.304955,1.652478
62585,-3.158125,1.579063
62586,-3.158125,1.579063
62587,-3.304955,1.652478
62588,-1.955475,-0.826239
62589,-1.762008,1.191580
62590,-3.152379,1.955573
62591,-3.490208,1.246980
62592,-3.326140,1.781812
62593,-2.430339,0.123490
62594,-3.167133,0.988831
62595,-2.872277,1.781812
62596,-3.161387,1.365341
62597,-3.652478,1.826239
62598,-2.700489,1.826239
62599,-2.826042,1.911146
62600,-3.656250,1.579063
62601,-3.427775,0.988831
62602,-3.153395,0.440071
62603,-3.326140,1.781812
62604,-1.836861,1.579063
62605,-3.215828,0.698220
62606,-4.000000,2.000000
62607,-1.858780,0.142820
62608,-2.349870,0.603718
62609,-4.000000,2.000000
62610,-2.149460,1.074730
62611,-2.272552,1.320914
62612,-3.658223,1.449729
62613,-3.158125,1.579063
62614,-3.152379,1.955573
62615,-3.822291,1.911146
62616,-2.060606,1.030303
62617,-3.822291,1.911146
62618,-2.060606,1.030303
62619,-1.717542,-0.914101
62620,-2.941449,0.149460
62621,-2.711958,1.074730
62622,-2.717704,0.698220
62623,-2.706235,1.449729
62624,-3.158125,1.579063
62625,-3.650504,1.955573
62626,-3.650504,1.955573
62627,-3.650504,1.955573
62628,-1.637893,1.955573
62629,-1.906779,-0.535628
62630,0.000835,0.222521
62631,0.436751,0.222521
62632,-1.574293,-1.721883
62633,-0.881639,-1.977662
62634,-3.484462,1.623490
62635,-0.722906,-0.365341
62636,-3.623490,1.246980
62637,-3.484462,1.623490
62638,-2.835050,1.320914
62639,-3.088468,0.698220
62640,-3.563623,1.781812
62641,-3.563623,1.781812
62642,-3.563623,1.781812
62643,-1.123325,0.054604
62644,-1.917063,0.093187
62645,-0.932879,0.054604
62646,0.105995,1.955573
62647,-3.065499,1.781812
62648,-2.011910,1.320914
62649,-1.824442,1.449729
62650,-2.993868,1.030303
62651,-3.326140,1.781812
62652,-3.692957,1.652478
62653,-3.427775,0.988831
62654,-2.119812,-0.109562
62655,-3.866718,2.000000
62656,-2.526723,-0.425270
62657,-3.281713,1.826239
62658,-2.302521,1.030303
62659,-0.860591,0.400969
62660,-2.859464,-0.147791
62661,-3.911146,1.955573
62662,-0.382320,0.988831
62663,-2.056191,-1.233052
62664,-3.326140,1.781812
62665,-2.964384,1.191580
62666,-3.528889,1.579063
62667,-2.670453,0.603718
62668,-1.775215,0.326239
62669,-3.692957,1.652478
62670,-2.837543,1.579063
62671,-3.692957,1.652478
62672,-2.440004,0.142820
62673,-2.572099,-0.722521
62674,-2.706235,1.449729
62675,-2.993868,1.030303
62676,-3.326140,1.781812
62677,-3.650504,1.955573
62678,-3.123202,0.900969
62679,-3.484462,1.623490
62680,-3.866718,2.000000
62681,-3.167133,0.988831
62682,-0.860591,0.400969
62683,-2.116349,-1.634021
62684,-1.551938,0.400969
62685,0.685235,0.500000
62686,-1.462714,0.222521
62687,-2.011910,1.320914
62688,-3.158125,1.579063
62689,-1.858780,0.142820
62690,-3.232059,0.730682
62691,-2.015156,0.455573
62692,-1.005460,-0.955573
62693,-0.709622,0.099031
62694,-3.656250,1.579063
62695,-3.365341,0.730682
62696,0.050350,0.123490
62697,-1.877888,-1.977662
62698,-0.928928,-1.233052
62699,-1.185762,-1.977662
62700,-1.681370,1.030303
62701,-3.434289,1.911146
62702,-2.149460,1.074730
62703,-3.051264,1.365341
62704,-2.316833,-1.233052
62705,-0.879043,-1.466104
62706,-2.184738,-0.367711
62707,-1.048700,0.730682
62708,-3.692957,1.652478
62709,-3.694931,1.911146
62710,-3.281713,1.826239
62711,-2.885719,0.900969
62712,-3.326140,1.781812
62713,-3.065499,1.781812
62714,-0.487094,0.603718
62715,-2.440004,0.142820
62716,-1.717979,0.733052
62717,-3.167133,0.988831
62718,-1.349189,0.603718
62719,-1.988459,-1.889800
62720,-3.153395,0.440071
62721,-0.201525,0.123490
62722,-3.779838,1.826239
62723,-2.696708,1.652478
62724,-3.824265,1.781812
62725,-2.899457,1.449729
62726,-3.152379,1.955573
62727,-3.650504,1.955573
62728,-3.650504,1.955573
62729,-0.718169,-0.658322
62730,-1.280886,-1.400969
62731,-1.551938,0.400969
62732,-2.993868,1.030303
62733,-1.550062,0.900969
62734,-2.793116,1.623490
62735,-2.598822,-0.147791
62736,-2.100697,-0.147791
62737,-3.484462,1.623490
62738,-2.184738,-0.367711
62739,-2.885719,0.900969
62740,-3.694931,1.911146
62741,-0.867905,1.365341
62742,-1.760035,1.320914
62743,-0.756100,1.955573
62744,-3.528889,1.579063
62745,-3.268248,1.579063
62746,-2.644197,-0.445042
62747,-0.368582,0.440071
62748,-2.576901,1.579063
62749,-2.872277,1.781812
62750,-3.088468,0.698220
62751,-3.528889,1.579063
62752,-3.563623,1.781812
62753,-2.371693,1.652478
62754,0.440306,0.222521
62755,0.643828,1.579063
62756,-3.051264,1.365341
62757,-2.644197,-0.445042
62758,-2.964384,1.191580
62759,-2.163198,1.623490
62760,-3.528889,1.579063
62761,-3.911146,1.955573
62762,-2.873202,0.400969
62763,-3.692957,1.652478
62764,-3.694931,1.911146
62765,-1.048700,0.730682
62766,-3.434289,1.911146
62767,-0.938334,-0.826239
62768,-0.784266,0.900969
62769,-3.824265,1.781812
62770,-2.168944,1.246980
62771,-2.110972,-1.123490
62772,-2.780575,0.603718
62773,-3.397582,1.449729
62774,-0.198062,0.099031
62775,-0.061373,0.222521
62776,-2.100697,-0.147791
62777,-2.892753,0.440071
62778,-1.713557,-0.535628
62779,0.196183,0.440071
62780,-3.246980,1.623490
62781,-3.563623,1.781812
62782,-3.656250,1.579063
62783,-2.385621,1.030303
62784,-1.461364,0.730682
62785,-3.652478,1.826239
62786,-2.706235,1.449729
62787,-3.911146,1.955573
62788,-3.153395,0.440071
62789,-2.256195,-0.445042
62790,-3.335148,1.191580
62791,-3.563623,1.781812
62792,-3.158125,1.579063
62793,-3.478716,2.000000
62794,-3.490208,1.246980
62795,-2.155959,-0.425270
62796,-2.493959,1.246980
62797,-3.911146,1.955573
62798,-3.911146,1.955573
62799,-4.000000,2.000000
62800,-3.326140,1.781812
62801,-0.538874,0.099031
62802,-1.551584,-1.634021
62803,-1.557314,-0.109562
62804,-3.650504,1.955573
62805,-2.964384,1.191580
62806,-3.246980,1.623490
62807,-3.088468,0.698220
62808,-3.167133,0.988831
62809,-2.635719,0.400969
62810,-2.038874,-1.400969
62811,-2.700489,1.826239
62812,-2.899457,1.449729
62813,-3.911146,1.955573
62814,-3.158125,1.579063
62815,-2.383160,1.191580
62816,-1.713557,-0.535628
62817,-3.911146,1.955573
62818,-1.652210,-0.658322
62819,-2.347897,0.733052
62820,-3.335148,1.191580
62821,-2.885719,0.900969
62822,-2.899457,1.449729
62823,-3.158125,1.579063
62824,-1.717542,-0.914101
62825,-1.601453,0.500000
62826,-3.650504,1.955573
62827,-3.490208,1.246980
62828,-2.717704,0.698220
62829,-4.000000,2.000000
62830,-2.367905,-0.134659
62831,-3.824265,1.781812
62832,-1.284124,-0.134659
62833,-3.158125,1.579063
62834,-3.215828,0.698220
62835,-2.730682,1.365341
62836,-0.219815,0.011169
62837,-3.656250,1.579063
62838,-2.899457,1.449729
62839,1.734927,0.733052
62840,-0.586211,-0.147791
62841,-2.605388,-0.134659
62842,-1.733246,0.500000
62843,-1.634892,-0.826239
62844,-3.462508,1.191580
62845,-2.466259,1.191580
62846,-3.694931,1.911146
62847,-1.717542,-0.914101
62848,-3.692957,1.652478
62849,-2.899457,1.449729
62850,-3.650504,1.955573
62851,-3.650504,1.955573
62852,-2.938128,0.142820
62853,-2.641828,1.320914
62854,-3.268248,1.579063
62855,-1.727818,-1.889800
62856,-1.906779,-0.535628
62857,-3.051264,1.365341
62858,-3.824265,1.781812
62859,-2.563163,1.030303
62860,-3.824265,1.781812
62861,-3.911146,1.955573
62862,-3.281713,1.826239
62863,-1.413198,1.623490
62864,-2.440004,0.142820
62865,-1.022292,-0.658322
62866,-2.410859,1.246980
62867,-1.330319,-0.914101
62868,-1.330319,-0.914101
62869,-1.873490,-1.123490
62870,-1.261910,1.320914
62871,-2.005777,-1.721883
62872,-3.333174,1.320914
62873,-3.692957,1.652478
62874,-3.911146,1.955573
62875,-3.911146,1.955573
62876,-2.302521,1.030303
62877,-3.779838,1.826239
62878,-3.051264,1.365341
62879,-3.167133,0.988831
62880,-2.518736,1.074730
62881,-3.281713,1.826239
62882,-2.336959,1.449729
62883,-2.394628,0.440071
62884,-2.518736,1.074730
62885,-3.692957,1.652478
62886,-3.326140,1.781812
62887,-3.779838,1.826239
62888,-3.123202,0.900969
62889,-2.553446,0.149460
62890,-2.641828,1.320914
62891,-2.242359,1.781812
62892,-3.692957,1.652478
62893,-3.434289,1.911146
62894,-3.232059,0.730682
62895,-3.528889,1.579063
62896,-3.528889,1.579063
62897,-2.964384,1.191580
62898,-1.279149,1.191580
62899,-3.528889,1.579063
62900,-3.694931,1.911146
62901,-3.563623,1.781812
62902,-2.228125,1.365341
62903,-2.272552,1.320914
62904,-2.793116,1.623490
62905,-1.873490,-1.123490
62906,-1.550062,0.900969
62907,-3.911146,1.955573
62908,-0.496901,0.326239
62909,-1.933731,0.900969
62910,-3.650504,1.955573
62911,-3.123202,0.900969
62912,-3.333174,1.320914
62913,-2.410859,1.246980
62914,-2.670453,0.603718
62915,-2.899457,1.449729
62916,-2.873202,0.400969
62917,-1.849772,0.733052
62918,-3.652478,1.826239
62919,-3.826239,1.652478
62920,-0.756100,1.955573
62921,2.511414,0.142820
62922,-2.110972,-1.123490
62923,-1.185762,-1.977662
62924,-2.526723,-0.425270
62925,-3.658223,1.449729
62926,-1.978621,0.733052
62927,-1.960449,1.826239
62928,-2.540461,0.123490
62929,-3.462508,1.191580
62930,-3.333174,1.320914
62931,-0.275215,1.826239
62932,-3.563623,1.781812
62933,-3.268248,1.579063
62934,-2.337712,0.326239
62935,-2.964384,1.191580
62936,-2.181855,0.400969
62937,-3.088468,0.698220
62938,-0.913353,-0.365341
62939,-3.123202,0.900969
62940,-3.650504,1.955573
62941,-2.835050,1.320914
62942,-0.252485,-0.162592
62943,-3.365341,0.730682
62944,-2.835050,1.320914
62945,-2.885719,0.900969
62946,-3.652478,1.826239
62947,-2.717704,0.698220
62948,-2.654083,-0.425270
62949,-0.383297,0.099031
62950,-1.396440,0.698220
62951,-3.822291,1.911146
62952,-3.215828,0.698220
62953,-2.349870,0.603718
62954,-2.717704,0.698220
62955,-0.609756,1.623490
62956,-3.158125,1.579063
62957,-0.388818,-0.425270
62958,-2.670453,0.603718
62959,-0.983709,-1.123490
62960,-1.022292,-0.658322
62961,-2.367905,-0.134659
62962,-2.431855,0.900969
62963,-2.635719,0.400969
62964,-2.892753,0.440071
62965,-3.658223,1.449729
62966,-3.563623,1.781812
62967,-3.194833,1.652478
62968,-3.528889,1.579063
62969,-2.518736,1.074730
62970,-2.870469,2.000000
62971,-1.551012,1.781812
62972,-3.051264,1.365341
62973,-3.955573,1.911146
62974,-3.563623,1.781812
62975,-1.000000,0.500000
62976,-3.051264,1.365341
62977,-2.696708,1.652478
62978,-3.692957,1.652478
62979,-2.793116,1.623490
62980,-3.563623,1.781812
62981,-2.670453,0.603718
62982,-1.717542,-0.914101
62983,-3.304955,1.652478
62984,-3.650504,1.955573
62985,-3.304955,1.652478
62986,-2.176109,0.777479
62987,-1.524320,-0.914101
62988,-1.507653,-1.721883
62989,-3.824265,1.781812
62990,-2.598822,-0.147791
62991,-2.272552,1.320914
62992,-1.344281,-0.535628
62993,-3.232059,0.730682
62994,-1.934194,0.777479
62995,-2.598822,-0.147791
62996,-3.694931,1.911146
62997,-2.563163,1.030303
62998,-0.967322,0.123490
62999,-3.153395,0.440071
63000,-3.158125,1.579063
63001,-3.333174,1.320914
63002,0.536998,0.900969
63003,-1.303596,-1.488831
63004,-1.120429,-1.721883
63005,-2.261572,-0.955573
63006,-3.563623,1.781812
63007,-1.397882,0.603718
63008,-2.793116,1.623490
63009,-2.780575,0.603718
63010,-2.493959,1.246980
63011,-2.872277,1.781812
63012,-3.478716,2.000000
63013,-3.563623,1.781812
63014,-3.335148,1.191580
63015,-2.810768,0.142820
63016,-3.246980,1.623490
63017,-2.711958,1.074730
63018,-2.706235,1.449729
63019,-3.167133,0.988831
63020,-3.158125,1.579063
63021,-3.333174,1.320914
63022,-2.941449,0.149460
63023,-2.835050,1.320914
63024,-2.098256,0.455573
63025,-2.366718,-1.000000
63026,-2.598822,-0.147791
63027,-1.442336,-1.211352
63028,-1.845869,0.988831
63029,-3.824265,1.781812
63030,-2.168944,1.246980
63031,-3.563623,1.781812
63032,-2.155959,-0.425270
63033,-3.656250,1.579063
63034,-2.060606,1.030303
63035,-3.326140,1.781812
63036,-3.335148,1.191580
63037,-3.656250,1.579063
63038,-3.335148,1.191580
63039,-2.383160,1.191580
63040,-2.144490,0.326239
63041,-3.304955,1.652478
63042,-0.462714,-0.277479
63043,-1.934194,0.777479
63044,-1.231001,-1.634021
63045,-1.717542,-0.914101
63046,-2.670453,0.603718
63047,-1.279149,1.191580
63048,-3.824265,1.781812
63049,-3.694931,1.911146
63050,-2.598822,-0.147791
63051,-2.228125,1.365341
63052,-2.302521,1.030303
63053,-2.311457,-0.722521
63054,-3.528889,1.579063
63055,-3.692957,1.652478
63056,-2.302521,1.030303
63057,-3.281713,1.826239
63058,-2.065597,-0.826239
63059,-1.944528,-1.977662
63060,-1.926590,-0.109562
63061,-1.921819,-1.889800
63062,-0.226309,-0.914101
63063,-2.777479,-0.445042
63064,-2.835050,1.320914
63065,-3.326140,1.781812
63066,-3.652478,1.826239
63067,-2.826042,1.911146
63068,-3.123202,0.900969
63069,-2.572099,-0.722521
63070,-1.419626,-1.123490
63071,-2.109756,0.123490
63072,-3.911146,1.955573
63073,-3.167133,0.988831
63074,-2.466259,1.191580
63075,-3.658223,1.449729
63076,-3.326140,1.781812
63077,-3.232059,0.730682
63078,-3.281713,1.826239
63079,-2.644197,-0.445042
63080,-1.762918,-1.211352
63081,-2.038874,-1.400969
63082,-3.074730,0.149460
63083,-2.742943,1.911146
63084,-2.184738,-0.367711
63085,-2.015156,0.455573
63086,-1.551012,1.781812
63087,-2.563163,1.030303
63088,-3.152379,1.955573
63089,-0.916907,-0.365341
63090,-2.883745,1.030303
63091,-1.849772,0.733052
63092,-1.225625,-1.123490
63093,-1.745664,-1.466104
63094,-1.988459,-1.889800
63095,-1.524320,-0.914101
63096,-3.658223,1.449729
63097,-3.563623,1.781812
63098,-2.711958,1.074730
63099,-1.824442,1.449729
63100,1.199156,2.000000
63101,-2.964384,1.191580
63102,-3.281713,1.826239
63103,-3.866718,2.000000
63104,-3.866718,2.000000
63105,-2.835050,1.320914
63106,-3.333174,1.320914
63107,-2.144490,0.326239
63108,-3.281713,1.826239
63109,-2.466259,1.191580
63110,-2.835050,1.320914
63111,0.276467,-0.109562
63112,-1.801938,0.900969
63113,-2.228125,1.365341
63114,-3.692957,1.652478
63115,-3.650504,1.955573
63116,-3.955573,1.911146
63117,-2.870469,2.000000
63118,-2.500000,-1.000000
63119,-2.576901,1.579063
63120,-1.695108,1.579063
63121,-3.650504,1.955573
63122,-3.333174,1.320914
63123,-3.051264,1.365341
63124,-2.793116,1.623490
63125,-2.141244,1.191580
63126,-2.302521,1.030303
63127,-1.062213,-0.074730
63128,-0.197601,-0.033258
63129,-2.374152,1.781812
63130,-2.136480,0.698220
63131,-0.272214,-0.955573
63132,-3.427775,0.988831
63133,-1.396440,0.698220
63134,-4.000000,2.000000
63135,-2.872277,1.781812
63136,-2.826042,1.911146
63137,-1.914041,-0.134659
63138,-4.000000,2.000000
63139,-2.874250,1.652478
63140,-3.158125,1.579063
63141,-0.078499,0.123490
63142,-3.563623,1.781812
63143,-3.153395,0.440071
63144,-3.462508,1.191580
63145,-3.824265,1.781812
63146,-3.333174,1.320914
63147,-3.333174,1.320914
63148,-3.824265,1.781812
63149,-3.650504,1.955573
63150,-3.779838,1.826239
63151,-3.528889,1.579063
63152,-2.696708,1.652478
63153,-3.563623,1.781812
63154,-3.462508,1.191580
63155,-3.427775,0.988831
63156,-2.141244,1.191580
63157,-2.635719,0.400969
63158,0.042115,1.191580
63159,-3.484462,1.623490
63160,-2.311457,-0.722521
63161,-3.335148,1.191580
63162,-2.168944,1.246980
63163,-3.065499,1.781812
63164,-2.294861,-0.367711
63165,-2.883745,1.030303
63166,-0.916907,-0.365341
63167,-0.150295,-0.147791
63168,-3.658223,1.449729
63169,-3.152379,1.955573
63170,-2.730682,1.365341
63171,-3.824265,1.781812
63172,-3.324167,1.911146
63173,-3.095692,1.320914
63174,-1.588247,1.365341
63175,-1.475625,-0.623490
63176,-1.926590,-0.109562
63177,-2.163198,1.623490
63178,-3.158125,1.579063
63179,-2.730682,1.365341
63180,-1.551938,0.400969
63181,-1.801938,0.900969
63182,-3.215828,0.698220
63183,-3.335148,1.191580
63184,-3.822291,1.911146
63185,-3.656250,1.579063
63186,-3.326140,1.781812
63187,-1.154522,0.988831
63188,-0.445042,0.222521
63189,-3.822291,1.911146
63190,-3.152379,1.955573
63191,-2.883745,1.030303
63192,-2.835050,1.320914
63193,-2.874250,1.652478
63194,-3.911146,1.955573
63195,-2.394628,0.440071
63196,-2.176109,0.777479
63197,-2.116349,-1.634021
63198,-3.911146,1.955573
63199,-2.572099,-0.722521
63200,0.427744,-0.367711
63201,-0.350619,-0.277479
63202,-1.233709,-0.623490
63203,-1.466104,0.733052
63204,-3.326140,1.781812
63205,1.445042,-0.722521
63206,-1.934194,0.777479
63207,-1.845869,0.988831
63208,-3.123202,0.900969
63209,-1.643120,1.191580
63210,-2.184738,-0.367711
63211,-2.051596,1.911146
63212,-2.938128,0.142820
63213,-2.872277,1.781812
63214,-3.088468,0.698220
63215,-1.323809,0.455573
63216,-3.281713,1.826239
63217,-3.955573,1.911146
63218,-3.528889,1.579063
63219,-2.136480,0.698220
63220,-3.824265,1.781812
63221,-1.168783,-0.365341
63222,-2.837543,1.579063
63223,-3.563623,1.781812
63224,-2.388932,-0.955573
63225,-1.734301,-1.488831
63226,-3.232059,0.730682
63227,-3.528889,1.579063
63228,-3.333174,1.320914
63229,-3.065499,1.781812
63230,-3.528889,1.579063
63231,-2.038874,-1.400969
63232,-1.801938,0.900969
63233,-2.696708,1.652478
63234,-3.692957,1.652478
63235,-2.553446,0.149460
63236,-2.136480,0.698220
63237,-3.563623,1.781812
63238,-2.635719,0.400969
63239,-1.300576,-0.365341
63240,-1.594507,0.222521
63241,-2.461033,1.955573
63242,-2.493959,1.246980
63243,-3.123202,0.900969
63244,-2.060606,1.030303
63245,-2.056191,-1.233052
63246,-0.765763,0.730682
63247,-1.855707,-1.634021
63248,-1.988459,-1.889800
63249,-1.534266,-1.801938
63250,-1.314088,-0.074730
63251,-3.158125,1.579063
63252,-3.824265,1.781812
63253,-3.656250,1.579063
63254,-3.658223,1.449729
63255,-0.824281,-0.162592
63256,-2.872277,1.781812
63257,-3.434289,1.911146
63258,-3.692957,1.652478
63259,-1.928302,-1.488831
63260,0.201708,-0.074730
63261,-2.717704,0.698220
63262,-1.207436,0.603718
63263,-1.461364,0.730682
63264,-3.911146,1.955573
63265,-1.760035,1.320914
63266,-1.864156,-0.367711
63267,-3.158125,1.579063
63268,-3.484462,1.623490
63269,-3.658223,1.449729
63270,-1.977662,0.988831
63271,-2.334986,1.579063
63272,-2.730682,1.365341
63273,-3.563623,1.781812
63274,-3.152379,1.955573
63275,-2.176109,0.777479
63276,-0.688917,1.781812
63277,-3.652478,1.826239
63278,-3.167133,0.988831
63279,-3.563623,1.781812
63280,-2.892753,0.440071
63281,-3.652478,1.826239
63282,-3.824265,1.781812
63283,-2.874250,1.652478
63284,-3.326140,1.781812
63285,-2.163198,1.623490
63286,-2.669008,0.988831
63287,-2.576901,1.579063
63288,-1.254687,0.698220
63289,-2.461033,1.955573
63290,-3.694931,1.911146
63291,-2.208111,1.449729
63292,-3.563623,1.781812
63293,-3.692957,1.652478
63294,-2.136480,0.698220
63295,-3.427775,0.988831
63296,-3.281713,1.826239
63297,-3.102206,1.246980
63298,-1.977662,0.988831
63299,-2.015156,0.455573
63300,-1.733246,0.500000
63301,-2.015156,0.455573
63302,-2.302521,1.030303
63303,-3.333174,1.320914
63304,-1.524320,-0.914101
63305,-1.914041,-0.134659
63306,-2.835050,1.320914
63307,-3.326140,1.781812
63308,-3.051264,1.365341
63309,-2.993868,1.030303
63310,-1.648630,-0.277479
63311,-3.911146,1.955573
63312,-3.281713,1.826239
63313,-3.779838,1.826239
63314,-2.641828,1.320914
63315,-3.434289,1.911146
63316,-2.696708,1.652478
63317,-2.837543,1.579063
63318,-1.824442,1.449729
63319,-2.099031,-1.801938
63320,-2.553446,0.149460
63321,-3.779838,1.826239
63322,-2.696708,1.652478
63323,-3.563623,1.781812
63324,-1.593993,0.988831
63325,-3.051264,1.365341
63326,-3.434289,1.911146
63327,-3.694931,1.911146
63328,-1.026723,1.074730
63329,-2.563163,1.030303
63330,-3.528889,1.579063
63331,-2.106074,-0.658322
63332,-1.330319,-0.914101
63333,-1.423694,-1.889800
63334,-1.574293,-1.721883
63335,-1.978716,-1.000000
63336,-2.892753,0.440071
63337,-2.872277,1.781812
63338,-3.427775,0.988831
63339,-1.933731,0.900969
63340,-3.692957,1.652478
63341,-1.960449,1.826239
63342,-1.934194,0.777479
63343,-2.430339,0.123490
63344,-2.700489,1.826239
63345,-2.641828,1.320914
63346,-3.478716,2.000000
63347,-2.780575,0.603718
63348,-4.000000,2.000000
63349,-2.316833,-1.233052
63350,-3.158125,1.579063
63351,-3.246980,1.623490
63352,-3.652478,1.826239
63353,-3.095692,1.320914
63354,-3.427775,0.988831
63355,-3.158125,1.579063
63356,-3.335148,1.191580
63357,-1.309583,-0.955573
63358,-2.272552,1.320914
63359,-2.136480,0.698220
63360,0.504443,0.326239
63361,-3.490208,1.246980
63362,-1.207436,0.603718
63363,-3.365341,0.730682
63364,-1.988459,-1.889800
63365,-2.873202,0.400969
63366,-2.576901,1.579063
63367,-3.650504,1.955573
63368,-3.095692,1.320914
63369,-0.709168,-0.914101
63370,-1.375695,-1.211352
63371,-2.109756,0.123490
63372,-2.598822,-0.147791
63373,-2.711958,1.074730
63374,-1.849772,0.733052
63375,-1.734301,-1.488831
63376,-2.777479,-0.445042
63377,-2.572099,-0.722521
63378,-1.229693,-1.889800
63379,-3.656250,1.579063
63380,-2.793116,1.623490
63381,-3.911146,1.955573
63382,-3.822291,1.911146
63383,-3.658223,1.449729
63384,-3.563623,1.781812
63385,-0.583781,0.500000
63386,-1.592048,0.093187
63387,-3.866718,2.000000
63388,-3.051264,1.365341
63389,-2.835050,1.320914
63390,-3.484462,1.623490
63391,-3.051264,1.365341
63392,-3.955573,1.911146
63393,-3.650504,1.955573
63394,-3.462508,1.191580
63395,-2.371693,1.652478
63396,-1.695108,1.579063
63397,-2.242359,1.781812
63398,-1.637893,1.955573
63399,-3.650504,1.955573
63400,-3.281713,1.826239
63401,-2.563163,1.030303
63402,-0.217752,-0.365341
63403,0.566495,0.142820
63404,-1.462714,0.222521
63405,-3.194833,1.652478
63406,-2.109756,0.123490
63407,-1.550062,0.900969
63408,-3.281713,1.826239
63409,-3.123202,0.900969
63410,-0.487094,0.603718
63411,-3.563623,1.781812
63412,-3.123202,0.900969
63413,-2.136480,0.698220
63414,-2.144490,0.326239
63415,-2.181855,0.400969
63416,-2.100697,-0.147791
63417,-1.977662,0.988831
63418,-1.229693,-1.889800
63419,-2.526723,-0.425270
63420,-2.885719,0.900969
63421,-1.419626,-1.123490
63422,-1.210838,0.222521
63423,-3.462508,1.191580
63424,-2.837543,1.579063
63425,-3.692957,1.652478
63426,-3.051264,1.365341
63427,-3.563623,1.781812
63428,-3.650504,1.955573
63429,-1.445133,0.698220
63430,-1.643120,1.191580
63431,-3.779838,1.826239
63432,-3.281713,1.826239
63433,-3.246980,1.623490
63434,-3.955573,1.911146
63435,-3.911146,1.955573
63436,-3.824265,1.781812
63437,-2.541119,0.733052
63438,-0.700307,0.733052
63439,-3.528889,1.579063
63440,-3.167133,0.988831
63441,-0.275975,0.123490
63442,-0.487094,0.603718
63443,-3.658223,1.449729
63444,-2.526723,-0.425270
63445,-3.528889,1.579063
63446,-3.955573,1.911146
63447,-3.088468,0.698220
63448,-3.232059,0.730682
63449,-2.311457,-0.722521
63450,-3.326140,1.781812
63451,-3.194833,1.652478
63452,-1.574735,-0.425270
63453,0.366703,0.099031
63454,-3.955573,1.911146
63455,-2.553446,0.149460
63456,-1.233709,-0.623490
63457,-0.824281,-0.162592
63458,-0.974766,1.579063
63459,-1.858780,0.142820
63460,-1.551012,1.781812
63461,-1.836861,1.579063
63462,-2.493959,1.246980
63463,-2.826042,1.911146
63464,-3.822291,1.911146
63465,-3.158125,1.579063
63466,-3.656250,1.579063
63467,-2.002903,1.911146
63468,-2.163198,1.623490
63469,-3.167133,0.988831
63470,-3.158125,1.579063
63471,-1.813332,-0.722521
63472,-1.474108,-1.400969
63473,-2.099031,-1.801938
63474,-1.794458,-1.889800
63475,-3.194833,1.652478
63476,-2.899457,1.449729
63477,-2.141244,1.191580
63478,-3.123202,0.900969
63479,-0.652478,0.326239
63480,-3.427775,0.988831
63481,-3.652478,1.826239
63482,-3.161387,1.365341
63483,-3.478716,2.000000
63484,-2.899457,1.449729
63485,-2.272552,1.320914
63486,-3.304955,1.652478
63487,-2.826042,1.911146
63488,-3.822291,1.911146
63489,-3.911146,1.955573
63490,-2.155959,-0.425270
63491,-0.544620,-0.277479
63492,-1.813332,-0.722521
63493,-1.955475,-0.826239
63494,-3.158125,1.579063
63495,-3.095692,1.320914
63496,-3.333174,1.320914
63497,-3.650504,1.955573
63498,-2.430339,0.123490
63499,-2.367905,-0.134659
63500,0.556688,1.365341
63501,-0.596023,-1.000000
63502,-1.733246,0.500000
63503,-2.242359,1.781812
63504,-1.011473,1.652478
63505,0.102598,0.123490
63506,-3.824265,1.781812
63507,-1.933731,0.900969
63508,-1.636943,1.074730
63509,-1.270918,0.730682
63510,-3.563623,1.781812
63511,-2.883745,1.030303
63512,-2.430339,0.123490
63513,-3.656250,1.579063
63514,-1.406715,-0.277479
63515,-0.066833,-1.233052
63516,-2.337712,0.326239
63517,-3.528889,1.579063
63518,-3.911146,1.955573
63519,-1.988459,-1.889800
63520,-2.056191,-1.233052
63521,-0.771367,0.222521
63522,-3.563623,1.781812
63523,-2.899457,1.449729
63524,-3.779838,1.826239
63525,-3.658223,1.449729
63526,-2.696708,1.652478
63527,-1.801938,0.900969
63528,-0.563340,0.698220
63529,-2.141244,1.191580
63530,-2.144490,0.326239
63531,-3.911146,1.955573
63532,-1.845869,0.988831
63533,-3.397582,1.449729
63534,-3.563623,1.781812
63535,-2.742943,1.911146
63536,-3.866718,2.000000
63537,-2.859464,-0.147791
63538,-2.899457,1.449729
63539,-2.669008,0.988831
63540,-2.835050,1.320914
63541,-2.899457,1.449729
63542,-0.721721,-0.367711
63543,-2.349870,0.603718
63544,-2.717704,0.698220
63545,-3.158125,1.579063
63546,-1.212812,0.093187
63547,-0.159449,-0.109562
63548,-2.208111,1.449729
63549,-3.563623,1.781812
63550,-2.670453,0.603718
63551,-3.246980,1.623490
63552,-1.133363,0.455573
63553,-1.594507,0.222521
63554,-1.864156,-0.367711
63555,-0.437586,-0.445042
63556,-0.569543,-0.955573
63557,-3.333174,1.320914
63558,-1.801938,0.900969
63559,-2.242359,1.781812
63560,-0.861260,0.222521
63561,-3.065499,1.781812
63562,-2.388932,-0.955573
63563,-2.885719,0.900969
63564,-3.167133,0.988831
63565,-2.654083,-0.425270
63566,-1.762008,1.191580
63567,-1.062213,-0.074730
63568,-3.215828,0.698220
63569,-1.624178,-1.488831
63570,-2.367905,-0.134659
63571,-3.324167,1.911146
63572,-3.822291,1.911146
63573,-2.635719,0.400969
63574,-3.911146,1.955573
63575,-4.000000,2.000000
63576,-2.873202,0.400969
63577,-2.885719,0.900969
63578,-0.088164,0.142820
63579,-1.762008,1.191580
63580,-3.427775,0.988831
63581,-2.168944,1.246980
63582,-1.878417,-1.721883
63583,-2.844057,0.730682
63584,-1.557314,-0.109562
63585,-3.123202,0.900969
63586,-2.883745,1.030303
63587,-3.650504,1.955573
63588,-3.650504,1.955573
63589,-2.541119,0.733052
63590,-1.309583,-0.955573
63591,-3.304955,1.652478
63592,-1.179763,1.911146
63593,-3.822291,1.911146
63594,-3.335148,1.191580
63595,-1.977662,0.988831
63596,-3.652478,1.826239
63597,-3.161387,1.365341
63598,-3.246980,1.623490
63599,-2.700489,1.826239
63600,-1.637893,1.955573
63601,-2.700489,1.826239
63602,-2.518736,1.074730
63603,-3.563623,1.781812
63604,-3.215828,0.698220
63605,-2.242359,1.781812
63606,-2.133667,-1.466104
63607,-3.153395,0.440071
63608,-2.938128,0.142820
63609,-3.484462,1.623490
63610,-2.730682,1.365341
63611,-2.941449,0.149460
63612,-1.357582,-1.634021
63613,-1.168783,-0.365341
63614,-3.955573,1.911146
63615,-2.964384,1.191580
63616,0.776140,0.054604
63617,-0.637763,-0.535628
63618,-3.822291,1.911146
63619,-2.176109,0.777479
63620,-2.242359,1.781812
63621,-3.658223,1.449729
63622,-2.176109,0.777479
63623,-2.493959,1.246980
63624,-2.641828,1.320914
63625,-3.324167,1.911146
63626,-3.158125,1.579063
63627,-2.181855,0.400969
63628,-2.430339,0.123490
63629,-1.593993,0.988831
63630,-3.658223,1.449729
63631,-3.427775,0.988831
63632,-0.207271,1.246980
63633,-3.335148,1.191580
63634,-2.060606,1.030303
63635,-2.730682,1.365341
63636,-2.859464,-0.147791
63637,-2.261572,-0.955573
63638,-2.873202,0.400969
63639,-2.367905,-0.134659
63640,-0.207271,1.246980
63641,-1.507653,-1.721883
63642,-2.038874,-1.400969
63643,-0.938334,-0.826239
63644,-1.928302,-1.488831
63645,-0.700386,1.030303
63646,-2.899457,1.449729
63647,-2.518736,1.074730
63648,-3.656250,1.579063
63649,-2.835050,1.320914
63650,-2.899457,1.449729
63651,-3.656250,1.579063
63652,-3.333174,1.320914
63653,-3.335148,1.191580
63654,-3.324167,1.911146
63655,-3.397582,1.449729
63656,-2.883745,1.030303
63657,-1.801938,0.900969
63658,-2.669008,0.988831
63659,-3.822291,1.911146
63660,-2.149460,1.074730
63661,-2.383160,1.191580
63662,-1.864156,-0.367711
63663,-2.541119,0.733052
63664,-3.563623,1.781812
63665,-2.100697,-0.147791
63666,-1.236955,-1.488831
63667,-0.816833,0.266948
63668,-3.326140,1.781812
63669,-2.015156,0.455573
63670,-2.899457,1.449729
63671,-3.434289,1.911146
63672,-2.938128,0.142820
63673,-3.088468,0.698220
63674,-2.337712,0.326239
63675,-3.268248,1.579063
63676,-1.072099,0.777479
63677,-3.281713,1.826239
63678,-3.658223,1.449729
63679,-1.760035,1.320914
63680,-3.658223,1.449729
63681,-3.658223,1.449729
63682,-3.658223,1.449729
63683,-3.911146,1.955573
63684,-3.152379,1.955573
63685,-2.859464,-0.147791
63686,-3.911146,1.955573
63687,-0.985218,0.603718
63688,-3.095692,1.320914
63689,-3.694931,1.911146
63690,-2.964384,1.191580
63691,-3.623490,1.246980
63692,-3.694931,1.911146
63693,-0.021523,0.142820
63694,-0.219815,0.011169
63695,-1.554958,0.777479
63696,-1.977662,0.988831
63697,-1.945199,0.149460
63698,-2.168944,1.246980
63699,-3.652478,1.826239
63700,-3.167133,0.988831
63701,-3.324167,1.911146
63702,-2.541119,0.733052
63703,-2.844057,0.730682
63704,-2.730682,1.365341
63705,-3.650504,1.955573
63706,-3.333174,1.320914
63707,-2.176109,0.777479
63708,-3.335148,1.191580
63709,-3.304955,1.652478
63710,-3.246980,1.623490
63711,-2.002903,1.911146
63712,-3.490208,1.246980
63713,-2.892753,0.440071
63714,-2.181855,0.400969
63715,-3.215828,0.698220
63716,-2.242359,1.781812
63717,-2.163198,1.623490
63718,-2.873202,0.400969
63719,-2.641828,1.320914
63720,-0.765763,0.730682
63721,-3.333174,1.320914
63722,-2.859464,-0.147791
63723,-3.563623,1.781812
63724,-2.155959,-0.425270
63725,-3.824265,1.781812
63726,-3.158125,1.579063
63727,-0.057971,0.603718
63728,-3.652478,1.826239
63729,-2.060606,1.030303
63730,-3.335148,1.191580
63731,-2.493959,1.246980
63732,-3.167133,0.988831
63733,-3.484462,1.623490
63734,-2.885719,0.900969
63735,-1.466104,0.733052
63736,-3.658223,1.449729
63737,-1.349189,0.603718
63738,-3.434289,1.911146
63739,-1.636943,1.074730
63740,-3.088468,0.698220
63741,-3.911146,1.955573
63742,-3.167133,0.988831
63743,-3.824265,1.781812
63744,-2.696708,1.652478
63745,-3.563623,1.781812
63746,-2.051596,1.911146
63747,-2.563163,1.030303
63748,-3.694931,1.911146
63749,-3.694931,1.911146
63750,-2.899457,1.449729
63751,-3.397582,1.449729
63752,-2.106074,-0.658322
63753,-2.576901,1.579063
63754,-3.692957,1.652478
63755,-3.123202,0.900969
63756,-2.136480,0.698220
63757,-0.544316,-0.722521
63758,-2.349870,0.603718
63759,-1.945199,0.149460
63760,-1.370469,-1.000000
63761,-3.658223,1.449729
63762,-3.652478,1.826239
63763,0.166876,-0.109562
63764,-2.899457,1.449729
63765,-1.873490,-1.123490
63766,-0.709168,-0.914101
63767,-1.413419,-0.914101
63768,-1.914041,-0.134659
63769,-3.484462,1.623490
63770,-2.859464,-0.147791
63771,-2.670453,0.603718
63772,-3.397582,1.449729
63773,-1.988459,-1.889800
63774,-1.775215,0.326239
63775,-3.563623,1.781812
63776,-3.246980,1.623490
63777,-3.324167,1.911146
63778,-1.475625,-0.623490
63779,-1.168783,-0.365341
63780,-2.541119,0.733052
63781,-3.397582,1.449729
63782,-3.692957,1.652478
63783,-2.870469,2.000000
63784,-1.254687,0.698220
63785,-2.184738,-0.367711
63786,-1.568917,-1.211352
63787,1.084249,0.698220
63788,-1.847313,0.603718
63789,-2.835050,1.320914
63790,-2.563163,1.030303
63791,-3.866718,2.000000
63792,-1.878417,-1.721883
63793,-2.572099,-0.722521
63794,-1.088404,-0.914101
63795,-2.730682,1.365341
63796,-1.051938,0.900969
63797,-4.000000,2.000000
63798,-3.158125,1.579063
63799,-2.872277,1.781812
63800,-2.717704,0.698220
63801,-3.652478,1.826239
63802,-1.849772,0.733052
63803,-2.892753,0.440071
63804,-2.941449,0.149460
63805,-3.824265,1.781812
63806,-3.335148,1.191580
63807,-2.343556,-0.658322
63808,-1.475625,-0.623490
63809,-0.969501,-1.801938
63810,-3.281713,1.826239
63811,-2.835050,1.320914
63812,-1.977662,0.988831
63813,-3.088468,0.698220
63814,-3.462508,1.191580
63815,-3.427775,0.988831
63816,-3.824265,1.781812
63817,-2.885719,0.900969
63818,-1.180804,0.266948
63819,-1.409351,-0.147791
63820,-3.051264,1.365341
63821,-3.051264,1.365341
63822,-3.911146,1.955573
63823,-3.427775,0.988831
63824,-3.563623,1.781812
63825,-3.650504,1.955573
63826,-3.650504,1.955573
63827,-2.100697,-0.147791
63828,-3.824265,1.781812
63829,-3.563623,1.781812
63830,-2.302521,1.030303
63831,-2.184738,-0.367711
63832,-1.357582,-1.634021
63833,-2.706235,1.449729
63834,-3.955573,1.911146
63835,-3.123202,0.900969
63836,-3.462508,1.191580
63837,-2.526723,-0.425270
63838,-2.440004,0.142820
63839,-1.253943,-1.233052
63840,-2.605388,-0.134659
63841,-2.176109,0.777479
63842,-2.859464,-0.147791
63843,-0.880142,0.440071
63844,-2.184738,-0.367711
63845,-1.855707,-1.634021
63846,-1.977662,0.988831
63847,-1.558067,-1.233052
63848,-1.873490,-1.123490
63849,-2.810768,0.142820
63850,-3.215828,0.698220
63851,-3.652478,1.826239
63852,-3.326140,1.781812
63853,-3.304955,1.652478
63854,-2.859464,-0.147791
63855,-3.158125,1.579063
63856,-3.656250,1.579063
63857,-3.365341,0.730682
63858,-1.624178,-1.488831
63859,0.526644,0.222521
63860,-1.375695,-1.211352
63861,-3.528889,1.579063
63862,-2.598822,-0.147791
63863,-2.440004,0.142820
63864,-2.144490,0.326239
63865,-2.872277,1.781812
63866,-1.652210,-0.658322
63867,-3.563623,1.781812
63868,-2.885719,0.900969
63869,-2.576901,1.579063
63870,-2.563163,1.030303
63871,-3.397582,1.449729
63872,-2.149460,1.074730
63873,-2.872277,1.781812
63874,-3.779838,1.826239
63875,-3.694931,1.911146
63876,-3.528889,1.579063
63877,-1.926590,-0.109562
63878,-1.934194,0.777479
63879,-3.484462,1.623490
63880,-3.065499,1.781812
63881,-2.706235,1.449729
63882,-2.228125,1.365341
63883,-0.860591,0.400969
63884,-1.005460,-0.955573
63885,-3.658223,1.449729
63886,-1.773241,0.455573
63887,-3.822291,1.911146
63888,-3.324167,1.911146
63889,-1.977662,0.988831
63890,-1.466104,0.733052
63891,-2.899457,1.449729
63892,-3.246980,1.623490
63893,-3.822291,1.911146
63894,-1.773241,0.455573
63895,-2.885719,0.900969
63896,-0.285935,0.123490
63897,-2.605388,-0.134659
63898,-2.826042,1.911146
63899,-3.484462,1.623490
63900,-2.541119,0.733052
63901,-3.650504,1.955573
63902,-3.324167,1.911146
63903,-2.700489,1.826239
63904,-3.304955,1.652478
63905,-2.711958,1.074730
63906,-3.652478,1.826239
63907,-2.394628,0.440071
63908,-2.272552,1.320914
63909,-0.151626,1.579063
63910,-0.272729,0.988831
63911,-1.965750,-1.801938
63912,-2.155959,-0.425270
63913,-1.406715,-0.277479
63914,-3.658223,1.449729
63915,-3.652478,1.826239
63916,-3.158125,1.579063
63917,-3.658223,1.449729
63918,-4.000000,2.000000
63919,-3.826239,1.652478
63920,-3.822291,1.911146
63921,-3.563623,1.781812
63922,-3.304955,1.652478
63923,-3.650504,1.955573
63924,-3.822291,1.911146
63925,-3.824265,1.781812
63926,-3.911146,1.955573
63927,-3.658223,1.449729
63928,-2.899457,1.449729
63929,-3.478716,2.000000
63930,-1.637893,1.955573
63931,-0.609756,1.623490
63932,-0.109208,0.054604
63933,-3.652478,1.826239
63934,-3.397582,1.449729
63935,-3.246980,1.623490
63936,-2.872277,1.781812
63937,-2.155959,-0.425270
63938,-2.106074,-0.658322
63939,-2.410859,1.246980
63940,-3.427775,0.988831
63941,-3.152379,1.955573
63942,-3.779838,1.826239
63943,-3.955573,1.911146
63944,-3.051264,1.365341
63945,-3.563623,1.781812
63946,-3.194833,1.652478
63947,-2.706235,1.449729
63948,-3.427775,0.988831
63949,-2.635719,0.400969
63950,-2.670453,0.603718
63951,-3.268248,1.579063
63952,-3.065499,1.781812
63953,-1.978621,0.733052
63954,-3.623490,1.246980
63955,-3.650504,1.955573
63956,-2.598822,-0.147791
63957,-2.899457,1.449729
63958,-2.644197,-0.445042
63959,-3.692957,1.652478
63960,-3.694931,1.911146
63961,-2.466259,1.191580
63962,-3.232059,0.730682
63963,-2.208111,1.449729
63964,-3.955573,1.911146
63965,-3.694931,1.911146
63966,-3.779838,1.826239
63967,-3.246980,1.623490
63968,-2.964384,1.191580
63969,-3.911146,1.955573
63970,-3.692957,1.652478
63971,-2.993868,1.030303
63972,-3.563623,1.781812
63973,-3.281713,1.826239
63974,-3.462508,1.191580
63975,-3.484462,1.623490
63976,-3.824265,1.781812
63977,-3.232059,0.730682
63978,-3.692957,1.652478
63979,-3.065499,1.781812
63980,-3.462508,1.191580
63981,-3.955573,1.911146
63982,-2.706235,1.449729
63983,-3.650504,1.955573
63984,-3.427775,0.988831
63985,-2.336959,1.449729
63986,-2.109756,0.123490
63987,-2.038874,-1.400969
63988,-2.670453,0.603718
63989,-3.563623,1.781812
63990,-1.254687,0.698220
63991,-0.146901,-0.134659
63992,-2.060606,1.030303
63993,-2.641828,1.320914
63994,-3.427775,0.988831
63995,-2.730682,1.365341
63996,-3.563623,1.781812
63997,-3.650504,1.955573
63998,-2.374152,1.781812
63999,-3.911146,1.955573
64000,-3.490208,1.246980
64001,-3.824265,1.781812
64002,-2.155959,-0.425270
64003,-3.563623,1.781812
64004,-2.374152,1.781812
64005,-3.158125,1.579063
64006,-2.899457,1.449729
64007,-2.208111,1.449729
64008,-3.365341,0.730682
64009,-3.158125,1.579063
64010,-3.563623,1.781812
64011,-2.383160,1.191580
64012,-3.326140,1.781812
64013,-3.304955,1.652478
64014,-3.335148,1.191580
64015,-2.873202,0.400969
64016,-0.109208,0.054604
64017,-1.039708,-0.623490
64018,-3.335148,1.191580
64019,-3.822291,1.911146
64020,-2.635719,0.400969
64021,-3.490208,1.246980
64022,-3.911146,1.955573
64023,-2.641828,1.320914
64024,-2.654083,-0.425270
64025,-2.711958,1.074730
64026,-3.158125,1.579063
64027,-3.158125,1.579063
64028,-2.208111,1.449729
64029,-2.431855,0.900969
64030,-2.208111,1.449729
64031,-3.397582,1.449729
64032,-3.478716,2.000000
64033,-3.326140,1.781812
64034,-3.822291,1.911146
64035,-2.730682,1.365341
64036,-3.153395,0.440071
64037,-3.822291,1.911146
64038,-1.965750,-1.801938
64039,-1.207436,0.603718
64040,0.110414,0.266948
64041,-3.397582,1.449729
64042,-1.171501,-0.623490
64043,-1.727818,-1.889800
64044,-3.824265,1.781812
64045,-3.822291,1.911146
64046,-3.911146,1.955573
64047,-1.717542,-0.914101
64048,-2.730682,1.365341
64049,-3.658223,1.449729
64050,-1.044797,-0.109562
64051,-2.316833,-1.233052
64052,-3.484462,1.623490
64053,-3.658223,1.449729
64054,-1.960449,1.826239
64055,-3.484462,1.623490
64056,-2.526723,-0.425270
64057,-2.259209,0.777479
64058,-2.371693,1.652478
64059,-3.650504,1.955573
64060,-2.892753,0.440071
64061,-2.837543,1.579063
64062,-1.847313,0.603718
64063,-3.326140,1.781812
64064,-3.484462,1.623490
64065,-1.845869,0.988831
64066,-1.314088,-0.074730
64067,-0.602063,-0.162592
64068,-3.427775,0.988831
64069,-2.106074,-0.658322
64070,-2.366718,-1.000000
64071,-2.261572,-0.955573
64072,-2.294861,-0.367711
64073,-2.261572,-0.955573
64074,-0.969501,-1.801938
64075,-3.088468,0.698220
64076,-3.434289,1.911146
64077,-3.434289,1.911146
64078,-3.102206,1.246980
64079,-3.911146,1.955573
64080,-2.670453,0.603718
64081,-1.170753,0.149460
64082,-3.824265,1.781812
64083,-0.966034,-0.162592
64084,-1.214222,1.449729
64085,-1.636943,1.074730
64086,-1.233709,-0.623490
64087,-1.727818,-1.889800
64088,-2.155959,-0.425270
64089,-2.711958,1.074730
64090,-3.478716,2.000000
64091,-3.652478,1.826239
64092,-3.822291,1.911146
64093,-2.874250,1.652478
64094,-3.158125,1.579063
64095,-3.335148,1.191580
64096,-2.155959,-0.425270
64097,-2.181855,0.400969
64098,-3.652478,1.826239
64099,-3.652478,1.826239
64100,-1.977662,0.988831
64101,-3.563623,1.781812
64102,-3.650504,1.955573
64103,-3.484462,1.623490
64104,-1.306849,1.246980
64105,-3.652478,1.826239
64106,-3.333174,1.320914
64107,-2.873202,0.400969
64108,-0.211190,0.142820
64109,-2.311457,-0.722521
64110,-3.694931,1.911146
64111,-2.837543,1.579063
64112,-3.246980,1.623490
64113,-3.779838,1.826239
64114,-3.268248,1.579063
64115,-1.960449,1.826239
64116,-2.440004,0.142820
64117,-2.347897,0.733052
64118,-2.540461,0.123490
64119,-3.911146,1.955573
64120,-1.977662,0.988831
64121,-2.670453,0.603718
64122,-1.890808,-0.955573
64123,-3.326140,1.781812
64124,-3.246980,1.623490
64125,-3.088468,0.698220
64126,-3.397582,1.449729
64127,-2.302521,1.030303
64128,-1.349189,0.603718
64129,-0.861260,0.222521
64130,-3.484462,1.623490
64131,-3.692957,1.652478
64132,-3.095692,1.320914
64133,-3.623490,1.246980
64134,-3.563623,1.781812
64135,-3.911146,1.955573
64136,-3.955573,1.911146
64137,-1.977662,0.988831
64138,-3.650504,1.955573
64139,-2.899457,1.449729
64140,-3.065499,1.781812
64141,-3.194833,1.652478
64142,-2.106074,-0.658322
64143,0.426559,-0.365341
64144,-0.534124,-0.134659
64145,-2.302521,1.030303
64146,-2.136480,0.698220
64147,-2.343556,-0.658322
64148,-3.652478,1.826239
64149,-3.563623,1.781812
64150,-2.394628,0.440071
64151,-0.607038,-1.488831
64152,-2.563163,1.030303
64153,-3.088468,0.698220
64154,-2.235810,0.730682
64155,-0.967322,0.123490
64156,-2.696708,1.652478
64157,-3.911146,1.955573
64158,-3.779838,1.826239
64159,-2.706235,1.449729
64160,-2.572099,-0.722521
64161,-1.636943,1.074730
64162,-3.623490,1.246980
64163,-2.793116,1.623490
64164,-2.347897,0.733052
64165,-2.837543,1.579063
64166,-3.462508,1.191580
64167,-3.153395,0.440071
64168,-3.102206,1.246980
64169,-3.911146,1.955573
64170,-2.540461,0.123490
64171,-2.711958,1.074730
64172,-3.246980,1.623490
64173,-1.261910,1.320914
64174,-0.254431,0.733052
64175,0.358917,1.449729
64176,-3.484462,1.623490
64177,-3.652478,1.826239
64178,-3.152379,1.955573
64179,-3.652478,1.826239
64180,-3.246980,1.623490
64181,-3.484462,1.623490
64182,-3.335148,1.191580
64183,-2.635719,0.400969
64184,-3.658223,1.449729
64185,-3.161387,1.365341
64186,-2.700489,1.826239
64187,-3.822291,1.911146
64188,-1.801938,0.900969
64189,-2.374152,1.781812
64190,-2.242359,1.781812
64191,-2.144490,0.326239
64192,-2.119812,-0.109562
64193,0.325184,-0.162592
64194,0.144005,-0.955573
64195,-2.106074,-0.658322
64196,-2.110972,-1.123490
64197,-3.692957,1.652478
64198,-3.427775,0.988831
64199,-3.484462,1.623490
64200,-2.837543,1.579063
64201,-0.729953,0.093187
64202,-1.845869,0.988831
64203,-1.050429,1.652478
64204,-3.088468,0.698220
64205,-3.051264,1.365341
64206,-2.964384,1.191580
64207,-3.528889,1.579063
64208,-3.650504,1.955573
64209,-2.793116,1.623490
64210,-3.232059,0.730682
64211,-1.690819,-1.488831
64212,-2.964384,1.191580
64213,0.358917,1.449729
64214,-3.153395,0.440071
64215,-3.563623,1.781812
64216,-3.434289,1.911146
64217,-3.123202,0.900969
64218,-1.445881,-0.074730
64219,-3.167133,0.988831
64220,-3.434289,1.911146
64221,-3.824265,1.781812
64222,-3.563623,1.781812
64223,-2.119812,-0.109562
64224,-1.524320,-0.914101
64225,-1.801938,0.900969
64226,-3.123202,0.900969
64227,-2.873202,0.400969
64228,-3.427775,0.988831
64229,-3.955573,1.911146
64230,-2.302521,1.030303
64231,-2.598822,-0.147791
64232,-1.474108,-1.400969
64233,-1.039051,0.266948
64234,-1.855707,-1.634021
64235,-1.794458,-1.889800
64236,-2.149460,1.074730
64237,-3.658223,1.449729
64238,-3.826239,1.652478
64239,-3.563623,1.781812
64240,-1.314088,-0.074730
64241,-3.095692,1.320914
64242,-1.836861,1.579063
64243,-1.550062,0.900969
64244,-3.650504,1.955573
64245,-3.822291,1.911146
64246,-2.780575,0.603718
64247,-2.826042,1.911146
64248,-2.706235,1.449729
64249,-3.095692,1.320914
64250,-3.161387,1.365341
64251,-3.650504,1.955573
64252,-3.563623,1.781812
64253,-2.635719,0.400969
64254,-3.161387,1.365341
64255,-3.161387,1.365341
64256,-2.873202,0.400969
64257,-3.246980,1.623490
64258,-3.911146,1.955573
64259,-3.158125,1.579063
64260,-3.324167,1.911146
64261,-2.349870,0.603718
64262,-3.123202,0.900969
64263,-1.801938,0.900969
64264,-3.656250,1.579063
64265,-1.475625,-0.623490
64266,-2.641828,1.320914
64267,-3.161387,1.365341
64268,-3.656250,1.579063
64269,-3.167133,0.988831
64270,-3.304955,1.652478
64271,-1.309583,-0.955573
64272,-3.656250,1.579063
64273,-2.060606,1.030303
64274,-3.123202,0.900969
64275,-2.518736,1.074730
64276,-0.860591,0.400969
64277,-1.406715,-0.277479
64278,-2.654083,-0.425270
64279,-2.883745,1.030303
64280,-3.484462,1.623490
64281,-3.658223,1.449729
64282,-3.365341,0.730682
64283,-1.275116,0.455573
64284,-3.824265,1.781812
64285,-1.762008,1.191580
64286,-3.215828,0.698220
64287,-0.974766,1.579063
64288,-4.000000,2.000000
64289,-3.152379,1.955573
64290,-3.826239,1.652478
64291,-2.883745,1.030303
64292,-3.656250,1.579063
64293,-3.650504,1.955573
64294,-2.641828,1.320914
64295,-3.650504,1.955573
64296,-1.236955,-1.488831
64297,-2.256195,-0.445042
64298,-2.899457,1.449729
64299,-2.272552,1.320914
64300,-1.760035,1.320914
64301,-2.859464,-0.147791
64302,-2.874250,1.652478
64303,-2.541119,0.733052
64304,-3.215828,0.698220
64305,-3.158125,1.579063
64306,-3.652478,1.826239
64307,-2.242359,1.781812
64308,-2.110972,-1.123490
64309,-2.100697,-0.147791
64310,-2.109756,0.123490
64311,-0.712635,-0.074730
64312,-2.870469,2.000000
64313,-1.349189,0.603718
64314,-2.367905,-0.134659
64315,-0.044056,0.054604
64316,-2.005777,-1.721883
64317,-3.246980,1.623490
64318,-1.681370,1.030303
64319,-3.692957,1.652478
64320,-2.259209,0.777479
64321,-2.873202,0.400969
64322,-2.670453,0.603718
64323,-1.734301,-1.488831
64324,-2.383160,1.191580
64325,-3.822291,1.911146
64326,-3.650504,1.955573
64327,-3.484462,1.623490
64328,-2.431855,0.900969
64329,-2.844057,0.730682
64330,-2.430339,0.123490
64331,-2.349870,0.603718
64332,-1.690819,-1.488831
64333,-2.106074,-0.658322
64334,-0.207561,-0.033258
64335,-2.844057,0.730682
64336,-3.658223,1.449729
64337,-2.706235,1.449729
64338,-3.324167,1.911146
64339,-3.153395,0.440071
64340,-2.654083,-0.425270
64341,-3.065499,1.781812
64342,-4.000000,2.000000
64343,-2.383160,1.191580
64344,-2.493959,1.246980
64345,-3.652478,1.826239
64346,-2.155959,-0.425270
64347,0.065502,0.093187
64348,-3.158125,1.579063
64349,-2.431855,0.900969
64350,-3.335148,1.191580
64351,-2.176109,0.777479
64352,0.358917,1.449729
64353,-2.706235,1.449729
64354,-3.326140,1.781812
64355,-3.304955,1.652478
64356,-3.161387,1.365341
64357,-2.899457,1.449729
64358,-1.977662,0.988831
64359,-1.574293,-1.721883
64360,-1.330319,-0.914101
64361,-3.484462,1.623490
64362,-2.343556,-0.658322
64363,-0.828209,-0.535628
64364,-2.873202,0.400969
64365,-3.911146,1.955573
64366,-2.155959,-0.425270
64367,-2.883745,1.030303
64368,-2.872277,1.781812
64369,-2.336959,1.449729
64370,-3.658223,1.449729
64371,-3.692957,1.652478
64372,-2.141244,1.191580
64373,-3.563623,1.781812
64374,-2.302521,1.030303
64375,-0.787833,-0.623490
64376,-1.926590,-0.109562
64377,-3.304955,1.652478
64378,-0.305503,-0.367711
64379,-2.316833,-1.233052
64380,-2.060606,1.030303
64381,-3.824265,1.781812
64382,0.646711,-1.721883
64383,-2.541119,0.733052
64384,-3.427775,0.988831
64385,-3.490208,1.246980
64386,-2.011910,1.320914
64387,-3.246980,1.623490
64388,-2.835050,1.320914
64389,-1.032469,0.698220
64390,-2.899457,1.449729
64391,-2.872277,1.781812
64392,-2.430339,0.123490
64393,-3.656250,1.579063
64394,-2.383160,1.191580
64395,-3.652478,1.826239
64396,-3.095692,1.320914
64397,-2.883745,1.030303
64398,-3.484462,1.623490
64399,-2.383160,1.191580
64400,-2.700489,1.826239
64401,-3.215828,0.698220
64402,-3.824265,1.781812
64403,-2.780575,0.603718
64404,-3.123202,0.900969
64405,-2.892753,0.440071
64406,-3.484462,1.623490
64407,-3.427775,0.988831
64408,-3.658223,1.449729
64409,-3.484462,1.623490
64410,-2.717704,0.698220
64411,-2.835050,1.320914
64412,-2.461033,1.955573
64413,-0.637763,-0.535628
64414,-1.593993,0.988831
64415,-3.911146,1.955573
64416,-1.074632,0.054604
64417,-3.158125,1.579063
64418,-3.333174,1.320914
64419,-2.885719,0.900969
64420,-2.168944,1.246980
64421,-2.941449,0.149460
64422,-3.158125,1.579063
64423,-2.717704,0.698220
64424,-1.601453,0.500000
64425,-1.551938,0.400969
64426,-1.492359,1.781812
64427,-2.518736,1.074730
64428,-3.427775,0.988831
64429,-3.167133,0.988831
64430,-3.911146,1.955573
64431,-3.822291,1.911146
64432,-0.828197,0.988831
64433,-2.541119,0.733052
64434,0.837569,1.191580
64435,-3.427775,0.988831
64436,-1.592048,0.093187
64437,-1.349189,0.603718
64438,-3.824265,1.781812
64439,-3.658223,1.449729
64440,-2.163198,1.623490
64441,-2.100697,-0.147791
64442,-3.335148,1.191580
64443,-1.824442,1.449729
64444,-3.656250,1.579063
64445,-3.158125,1.579063
64446,-3.824265,1.781812
64447,-3.826239,1.652478
64448,-3.326140,1.781812
64449,-2.098256,0.455573
64450,-1.858780,0.142820
64451,-2.605388,-0.134659
64452,0.520240,1.826239
64453,1.425932,-0.109562
64454,-2.826042,1.911146
64455,-3.826239,1.652478
64456,-3.824265,1.781812
64457,-2.383160,1.191580
64458,-3.656250,1.579063
64459,-3.152379,1.955573
64460,-3.152379,1.955573
64461,-2.706235,1.449729
64462,-2.461033,1.955573
64463,-1.813332,-0.722521
64464,-0.600619,0.222521
64465,-3.484462,1.623490
64466,-3.824265,1.781812
64467,-2.793116,1.623490
64468,-3.333174,1.320914
64469,-3.650504,1.955573
64470,-3.167133,0.988831
64471,-2.826042,1.911146
64472,0.298012,0.500000
64473,-1.198511,1.030303
64474,-3.326140,1.781812
64475,-3.822291,1.911146
64476,-3.152379,1.955573
64477,-3.095692,1.320914
64478,-3.563623,1.781812
64479,-3.167133,0.988831
64480,-3.335148,1.191580
64481,-2.883745,1.030303
64482,-2.941449,0.149460
64483,-3.065499,1.781812
64484,-3.911146,1.955573
64485,-3.652478,1.826239
64486,-3.656250,1.579063
64487,-3.652478,1.826239
64488,-3.427775,0.988831
64489,-3.427775,0.988831
64490,-2.899457,1.449729
64491,-3.304955,1.652478
64492,-2.163198,1.623490
64493,-2.700489,1.826239
64494,-3.158125,1.579063
64495,-3.123202,0.900969
64496,-2.149460,1.074730
64497,-3.158125,1.579063
64498,-3.563623,1.781812
64499,-2.060606,1.030303
64500,-0.628209,0.455573
64501,-3.427775,0.988831
64502,-1.681370,1.030303
64503,-2.242359,1.781812
64504,-3.434289,1.911146
64505,-0.911611,-1.400969
64506,-2.859464,-0.147791
64507,-3.281713,1.826239
64508,-1.719513,1.246980
64509,-3.268248,1.579063
64510,-2.336959,1.449729
64511,-2.605388,-0.134659
64512,-3.194833,1.652478
64513,-2.892753,0.440071
64514,-1.394005,0.455573
64515,-1.978621,0.733052
64516,-1.000000,0.500000
64517,-3.824265,1.781812
64518,-2.374152,1.781812
64519,-3.911146,1.955573
64520,-1.858780,0.142820
64521,-3.158125,1.579063
64522,-3.158125,1.579063
64523,-2.892753,0.440071
64524,-0.260824,0.093187
64525,-1.713557,-0.535628
64526,-2.780575,0.603718
64527,-1.127350,1.826239
64528,-3.652478,1.826239
64529,-1.731730,-0.277479
64530,-2.810768,0.142820
64531,-3.095692,1.320914
64532,-3.656250,1.579063
64533,-3.158125,1.579063
64534,-3.215828,0.698220
64535,-1.406715,-0.277479
64536,-0.349031,0.400969
64537,-0.983709,-1.123490
64538,-3.281713,1.826239
64539,-1.492359,1.781812
64540,-2.899457,1.449729
64541,-3.065499,1.781812
64542,-3.779838,1.826239
64543,-3.955573,1.911146
64544,-3.246980,1.623490
64545,-3.528889,1.579063
64546,-3.268248,1.579063
64547,-3.911146,1.955573
64548,-3.779838,1.826239
64549,-1.960449,1.826239
64550,-2.899457,1.449729
64551,-3.528889,1.579063
64552,-3.694931,1.911146
64553,-3.779838,1.826239
64554,-3.462508,1.191580
64555,-3.911146,1.955573
64556,-3.866718,2.000000
64557,-1.934194,0.777479
64558,-2.431855,0.900969
64559,-2.109756,0.123490
64560,-3.911146,1.955573
64561,-3.397582,1.449729
64562,-1.314088,-0.074730
64563,-2.266948,-1.466104
64564,-2.711958,1.074730
64565,-3.911146,1.955573
64566,-2.349870,0.603718
64567,-1.309583,-0.955573
64568,-2.098256,0.455573
64569,-0.700386,1.030303
64570,-2.844057,0.730682
64571,-3.152379,1.955573
64572,-2.700489,1.826239
64573,-1.836861,1.579063
64574,-1.275116,0.455573
64575,-2.780575,0.603718
64576,-1.945199,0.149460
64577,-3.095692,1.320914
64578,-3.167133,0.988831
64579,-3.656250,1.579063
64580,-3.911146,1.955573
64581,-3.304955,1.652478
64582,-2.706235,1.449729
64583,-3.824265,1.781812
64584,-2.242359,1.781812
64585,-0.810020,1.191580
64586,-3.335148,1.191580
64587,-2.641828,1.320914
64588,-3.652478,1.826239
64589,-0.382320,0.988831
64590,-3.658223,1.449729
64591,-3.563623,1.781812
64592,-2.431855,0.900969
64593,-3.427775,0.988831
64594,-2.899457,1.449729
64595,-3.652478,1.826239
64596,-2.334986,1.579063
64597,-0.756100,1.955573
64598,-3.427775,0.988831
64599,-3.656250,1.579063
64600,-2.654083,-0.425270
64601,-2.155959,-0.425270
64602,-3.650504,1.955573
64603,-3.095692,1.320914
64604,-3.658223,1.449729
64605,-3.656250,1.579063
64606,-1.845869,0.988831
64607,-3.650504,1.955573
64608,-3.822291,1.911146
64609,-3.563623,1.781812
64610,-3.656250,1.579063
64611,-3.822291,1.911146
64612,-2.144490,0.326239
64613,-1.557314,-0.109562
64614,-3.911146,1.955573
64615,-3.658223,1.449729
64616,-2.700489,1.826239
64617,-1.836861,1.579063
64618,-3.065499,1.781812
64619,-2.366718,-1.000000
64620,-2.347897,0.733052
64621,-2.518736,1.074730
64622,-3.427775,0.988831
64623,-2.742943,1.911146
64624,-0.476251,-0.367711
64625,-1.442336,-1.211352
64626,-3.326140,1.781812
64627,-3.650504,1.955573
64628,-3.490208,1.246980
64629,-3.563623,1.781812
64630,-3.304955,1.652478
64631,-3.161387,1.365341
64632,-1.314088,-0.074730
64633,-1.921819,-1.889800
64634,-2.106074,-0.658322
64635,-3.826239,1.652478
64636,-3.824265,1.781812
64637,-3.652478,1.826239
64638,-3.324167,1.911146
64639,-3.911146,1.955573
64640,-3.065499,1.781812
64641,-3.822291,1.911146
64642,-1.636943,1.074730
64643,-3.656250,1.579063
64644,-3.826239,1.652478
64645,-2.793116,1.623490
64646,-1.051938,0.900969
64647,-3.335148,1.191580
64648,-2.810768,0.142820
64649,-2.383160,1.191580
64650,-0.438255,-0.623490
64651,-1.988459,-1.889800
64652,-2.155959,-0.425270
64653,0.022585,0.054604
64654,-3.911146,1.955573
64655,-3.650504,1.955573
64656,-3.324167,1.911146
64657,-2.885719,0.900969
64658,-3.822291,1.911146
64659,-2.874250,1.652478
64660,-1.733246,0.500000
64661,-3.161387,1.365341
64662,-2.431855,0.900969
64663,-0.197601,-0.033258
64664,-2.208111,1.449729
64665,-3.658223,1.449729
64666,-3.152379,1.955573
64667,-3.484462,1.623490
64668,-1.409351,-0.147791
64669,-1.330319,-0.914101
64670,-0.161161,-1.488831
64671,-1.413419,-0.914101
64672,-2.383160,1.191580
64673,-0.911146,0.455573
64674,-3.484462,1.623490
64675,-4.000000,2.000000
64676,-3.822291,1.911146
64677,-3.650504,1.955573
64678,-2.883745,1.030303
64679,-2.892753,0.440071
64680,-1.489885,-1.977662
64681,-3.232059,0.730682
64682,-3.692957,1.652478
64683,-3.123202,0.900969
64684,-0.801938,0.400969
64685,-2.388932,-0.955573
64686,-2.349870,0.603718
64687,-1.977662,0.988831
64688,-3.246980,1.623490
64689,-3.326140,1.781812
64690,-3.324167,1.911146
64691,-3.650504,1.955573
64692,-3.484462,1.623490
64693,-2.256195,-0.445042
64694,-3.490208,1.246980
64695,-1.550062,0.900969
64696,-0.472729,-0.033258
64697,-3.652478,1.826239
64698,-1.409351,-0.147791
64699,-0.928928,-1.233052
64700,-1.330319,-0.914101
64701,-3.281713,1.826239
64702,-3.427775,0.988831
64703,-3.152379,1.955573
64704,-3.563623,1.781812
64705,-3.955573,1.911146
64706,-2.711958,1.074730
64707,-0.599578,-1.000000
64708,-1.554958,0.777479
64709,-3.824265,1.781812
64710,-2.826042,1.911146
64711,-0.686458,-0.826239
64712,0.770019,-1.211352
64713,-1.695108,1.579063
64714,-3.650504,1.955573
64715,-2.993868,1.030303
64716,-3.563623,1.781812
64717,-2.410859,1.246980
64718,-3.051264,1.365341
64719,-3.088468,0.698220
64720,-2.311457,-0.722521
64721,-3.326140,1.781812
64722,-3.051264,1.365341
64723,-3.088468,0.698220
64724,-3.911146,1.955573
64725,-3.065499,1.781812
64726,-3.911146,1.955573
64727,-3.911146,1.955573
64728,-3.152379,1.955573
64729,-2.964384,1.191580
64730,-3.427775,0.988831
64731,-2.374152,1.781812
64732,-3.246980,1.623490
64733,-3.397582,1.449729
64734,-3.281713,1.826239
64735,-2.461033,1.955573
64736,-1.789708,1.246980
64737,-3.246980,1.623490
64738,-2.885719,0.900969
64739,-2.938128,0.142820
64740,-3.397582,1.449729
64741,-1.926590,-0.109562
64742,-3.326140,1.781812
64743,-3.074730,0.149460
64744,-3.194833,1.652478
64745,-2.964384,1.191580
64746,-3.563623,1.781812
64747,-3.268248,1.579063
64748,-3.824265,1.781812
64749,-2.371693,1.652478
64750,-2.149460,1.074730
64751,-2.133667,-1.466104
64752,-0.544316,-0.722521
64753,-3.650504,1.955573
64754,-3.563623,1.781812
64755,-3.528889,1.579063
64756,-3.866718,2.000000
64757,-1.906779,-0.535628
64758,-1.308725,-1.123490
64759,-2.136480,0.698220
64760,-3.074730,0.149460
64761,-3.434289,1.911146
64762,-3.824265,1.781812
64763,-2.440004,0.142820
64764,-2.873202,0.400969
64765,-1.550062,0.900969
64766,-2.742943,1.911146
64767,-2.892753,0.440071
64768,-3.088468,0.698220
64769,-3.397582,1.449729
64770,-3.528889,1.579063
64771,-3.692957,1.652478
64772,-2.259209,0.777479
64773,-3.326140,1.781812
64774,-2.228125,1.365341
64775,-3.650504,1.955573
64776,-2.654083,-0.425270
64777,-2.883745,1.030303
64778,-1.661706,-1.634021
64779,-2.011910,1.320914
64780,-2.366718,-1.000000
64781,-1.855707,-1.634021
64782,-1.652210,-0.658322
64783,-0.102430,-1.889800
64784,-2.109756,0.123490
64785,-1.849772,0.733052
64786,-0.828197,0.988831
64787,-2.742943,1.911146
64788,-3.528889,1.579063
64789,-2.742943,1.911146
64790,-2.669008,0.988831
64791,-3.692957,1.652478
64792,-1.254687,0.698220
64793,-3.462508,1.191580
64794,-2.563163,1.030303
64795,-2.440004,0.142820
64796,0.001224,0.326239
64797,-1.070127,-0.826239
64798,-2.810768,0.142820
64799,-1.717979,0.733052
64800,-1.833963,0.093187
64801,-2.383160,1.191580
64802,-2.941449,0.149460
64803,-3.335148,1.191580
64804,-1.668109,-1.400969
64805,-3.490208,1.246980
64806,-2.899457,1.449729
64807,-3.824265,1.781812
64808,-3.822291,1.911146
64809,-2.892753,0.440071
64810,-1.731816,1.652478
64811,-3.304955,1.652478
64812,-3.161387,1.365341
64813,-2.899457,1.449729
64814,-1.225625,-1.123490
64815,-0.383297,0.099031
64816,-3.102206,1.246980
64817,-3.434289,1.911146
64818,-3.065499,1.781812
64819,-2.141244,1.191580
64820,-3.650504,1.955573
64821,-1.762918,-1.211352
64822,-2.885719,0.900969
64823,-3.397582,1.449729
64824,-3.194833,1.652478
64825,-3.650504,1.955573
64826,-3.281713,1.826239
64827,-2.141244,1.191580
64828,-1.344281,-0.535628
64829,-2.184738,-0.367711
64830,-3.694931,1.911146
64831,-3.051264,1.365341
64832,-3.563623,1.781812
64833,-2.540461,0.123490
64834,0.194384,0.054604
64835,-1.050429,1.652478
64836,-3.955573,1.911146
64837,-3.397582,1.449729
64838,-2.892753,0.440071
64839,-1.719513,1.246980
64840,-2.793116,1.623490
64841,-2.706235,1.449729
64842,-0.128499,0.093187
64843,-3.911146,1.955573
64844,-1.847313,0.603718
64845,-3.074730,0.149460
64846,-2.859464,-0.147791
64847,-2.572099,-0.722521
64848,-3.462508,1.191580
64849,-3.824265,1.781812
64850,-2.440004,0.142820
64851,-1.636943,1.074730
64852,-3.167133,0.988831
64853,-2.576901,1.579063
64854,-3.911146,1.955573
64855,-3.779838,1.826239
64856,-3.692957,1.652478
64857,-0.709168,-0.914101
64858,-0.779516,-0.535628
64859,-0.823226,0.326239
64860,-3.246980,1.623490
64861,-2.383160,1.191580
64862,-2.941449,0.149460
64863,-1.745664,-1.466104
64864,-3.484462,1.623490
64865,-1.179763,1.911146
64866,-3.652478,1.826239
64867,-2.899457,1.449729
64868,-2.383160,1.191580
64869,-2.316833,-1.233052
64870,0.298012,0.500000
64871,-2.641828,1.320914
64872,-3.650504,1.955573
64873,-0.583781,0.500000
64874,-1.594507,0.222521
64875,-2.136480,0.698220
64876,-3.427775,0.988831
64877,-2.669008,0.988831
64878,-2.337712,0.326239
64879,-3.194833,1.652478
64880,-2.837543,1.579063
64881,-1.412671,0.730682
64882,-2.553446,0.149460
64883,-2.742943,1.911146
64884,-3.397582,1.449729
64885,-3.434289,1.911146
64886,-3.658223,1.449729
64887,-2.742943,1.911146
64888,-3.326140,1.781812
64889,-2.440004,0.142820
64890,-2.964384,1.191580
64891,-2.371693,1.652478
64892,-3.281713,1.826239
64893,-3.824265,1.781812
64894,-2.051596,1.911146
64895,-3.658223,1.449729
64896,-2.793116,1.623490
64897,-3.088468,0.698220
64898,-3.563623,1.781812
64899,-0.666236,-1.634021
64900,-2.635719,0.400969
64901,-1.248319,-1.466104
64902,-1.270918,0.730682
64903,-2.883745,1.030303
64904,-2.669008,0.988831
64905,-2.261572,-0.955573
64906,-3.324167,1.911146
64907,-2.347897,0.733052
64908,-1.858780,0.142820
64909,-2.337712,0.326239
64910,-3.822291,1.911146
64911,-3.153395,0.440071
64912,-3.650504,1.955573
64913,-2.835050,1.320914
64914,-3.822291,1.911146
64915,-2.383160,1.191580
64916,-2.717704,0.698220
64917,-2.793116,1.623490
64918,-2.347897,0.733052
64919,-2.635719,0.400969
64920,-3.152379,1.955573
64921,-2.899457,1.449729
64922,-3.563623,1.781812
64923,-3.652478,1.826239
64924,-2.700489,1.826239
64925,-3.333174,1.320914
64926,-3.215828,0.698220
64927,-3.158125,1.579063
64928,-2.711958,1.074730
64929,-3.065499,1.781812
64930,-3.826239,1.652478
64931,-3.563623,1.781812
64932,-3.824265,1.781812
64933,-3.652478,1.826239
64934,-2.343556,-0.658322
64935,-2.883745,1.030303
64936,-3.911146,1.955573
64937,-3.484462,1.623490
64938,-2.717704,0.698220
64939,-3.822291,1.911146
64940,-3.911146,1.955573
64941,-2.383160,1.191580
64942,-3.324167,1.911146
64943,-3.490208,1.246980
64944,-2.810768,0.142820
64945,-3.490208,1.246980
64946,-3.824265,1.781812
64947,-3.656250,1.579063
64948,-3.652478,1.826239
64949,-2.235810,0.730682
64950,-2.635719,0.400969
64951,-2.717704,0.698220
64952,-3.333174,1.320914
64953,-3.478716,2.000000
64954,-2.430339,0.123490
64955,-3.123202,0.900969
64956,-3.650504,1.955573
64957,-1.207436,0.603718
64958,-3.088468,0.698220
64959,-1.233709,-0.623490
64960,-3.281713,1.826239
64961,-2.149460,1.074730
64962,-2.038874,-1.400969
64963,-0.779516,-0.535628
64964,-0.939778,-1.211352
64965,-2.835050,1.320914
64966,-1.934194,0.777479
64967,-3.658223,1.449729
64968,-2.872277,1.781812
64969,-2.440004,0.142820
64970,-2.011910,1.320914
64971,-2.641828,1.320914
64972,-2.644197,-0.445042
64973,-3.268248,1.579063
64974,-1.681370,1.030303
64975,-3.427775,0.988831
64976,-3.281713,1.826239
64977,-0.712714,0.222521
64978,-3.692957,1.652478
64979,-2.235810,0.730682
64980,-1.229693,-1.889800
64981,-3.088468,0.698220
64982,-2.964384,1.191580
64983,-2.563163,1.030303
64984,-2.793116,1.623490
64985,-2.670453,0.603718
64986,-2.461033,1.955573
64987,-3.528889,1.579063
64988,-0.586211,-0.147791
64989,-0.176865,-0.074730
64990,-3.563623,1.781812
64991,-2.885719,0.900969
64992,-3.427775,0.988831
64993,-2.899457,1.449729
64994,-1.801938,0.900969
64995,-1.760035,1.320914
64996,-3.333174,1.320914
64997,-3.650504,1.955573
64998,-2.641828,1.320914
64999,-2.810768,0.142820
65000,-1.116526,0.733052
65001,-2.367905,-0.134659
65002,-3.652478,1.826239
65003,-0.221544,-0.535628
65004,-2.383160,1.191580
65005,-1.977662,0.988831
65006,-3.490208,1.246980
65007,-1.624178,-1.488831
65008,-3.167133,0.988831
65009,-2.938128,0.142820
65010,-1.253943,-1.233052
65011,-2.440004,0.142820
65012,-2.899457,1.449729
65013,-3.955573,1.911146
65014,-2.670453,0.603718
65015,-3.528889,1.579063
65016,-3.650504,1.955573
65017,-3.779838,1.826239
65018,-3.397582,1.449729
65019,-1.926590,-0.109562
65020,-1.577747,-1.801938
65021,-1.592048,0.093187
65022,-3.824265,1.781812
65023,-3.194833,1.652478
65024,-2.109756,0.123490
65025,-3.333174,1.320914
65026,-1.960449,1.826239
65027,-3.694931,1.911146
65028,-3.824265,1.781812
65029,-3.194833,1.652478
65030,-3.623490,1.246980
65031,-2.316833,-1.233052
65032,-1.489885,-1.977662
65033,-3.824265,1.781812
65034,-2.644197,-0.445042
65035,-2.371693,1.652478
65036,-3.528889,1.579063
65037,-2.670453,0.603718
65038,-1.492359,1.781812
65039,-2.106074,-0.658322
65040,-2.526723,-0.425270
65041,-2.572099,-0.722521
65042,-2.938128,0.142820
65043,-3.102206,1.246980
65044,-1.988459,-1.889800
65045,-3.123202,0.900969
65046,-1.132335,-0.826239
65047,-1.574293,-1.721883
65048,-3.427775,0.988831
65049,-1.824442,1.449729
65050,-3.397582,1.449729
65051,-1.833963,0.093187
65052,-2.394628,0.440071
65053,-3.427775,0.988831
65054,-3.158125,1.579063
65055,-3.335148,1.191580
65056,-0.156636,0.149460
65057,-1.179763,1.911146
65058,-3.563623,1.781812
65059,-3.656250,1.579063
65060,-3.656250,1.579063
65061,-2.669008,0.988831
65062,-2.899457,1.449729
65063,-3.490208,1.246980
65064,-2.700489,1.826239
65065,-2.885719,0.900969
65066,-1.461364,0.730682
65067,-1.636943,1.074730
65068,-3.652478,1.826239
65069,-1.308725,-1.123490
65070,0.573049,-0.658322
65071,-2.964384,1.191580
65072,-3.123202,0.900969
65073,-3.779838,1.826239
65074,-3.281713,1.826239
65075,-3.563623,1.781812
65076,-1.695108,1.579063
65077,-1.914041,-0.134659
65078,-3.246980,1.623490
65079,-1.858780,0.142820
65080,-1.132335,-0.826239
65081,-3.152379,1.955573
65082,-2.810768,0.142820
65083,-3.427775,0.988831
65084,-3.822291,1.911146
65085,-2.598822,-0.147791
65086,-2.541119,0.733052
65087,-3.490208,1.246980
65088,-1.207436,0.603718
65089,-3.484462,1.623490
65090,-3.335148,1.191580
65091,-3.822291,1.911146
65092,-3.822291,1.911146
65093,-3.824265,1.781812
65094,-3.304955,1.652478
65095,-3.161387,1.365341
65096,-2.349870,0.603718
65097,-3.658223,1.449729
65098,-1.977662,0.988831
65099,-3.824265,1.781812
65100,-1.717979,0.733052
65101,-2.780575,0.603718
65102,-2.793116,1.623490
65103,-1.179763,1.911146
65104,-2.872277,1.781812
65105,-3.335148,1.191580
65106,-2.941449,0.149460
65107,-3.911146,1.955573
65108,-3.658223,1.449729
65109,-3.153395,0.440071
65110,-3.161387,1.365341
65111,-1.836861,1.579063
65112,-2.872277,1.781812
65113,-3.650504,1.955573
65114,-2.700489,1.826239
65115,-0.219815,0.011169
65116,-2.256195,-0.445042
65117,-3.563623,1.781812
65118,-2.598822,-0.147791
65119,-2.892753,0.440071
65120,-1.668109,-1.400969
65121,-2.337712,0.326239
65122,-1.229693,-1.889800
65123,-2.181855,0.400969
65124,-3.563623,1.781812
65125,-3.658223,1.449729
65126,-3.824265,1.781812
65127,-2.641828,1.320914
65128,-1.593993,0.988831
65129,-3.694931,1.911146
65130,-0.628209,0.455573
65131,-2.892753,0.440071
65132,-2.337712,0.326239
65133,-3.326140,1.781812
65134,-3.911146,1.955573
65135,-2.440004,0.142820
65136,-3.955573,1.911146
65137,-1.914041,-0.134659
65138,-3.563623,1.781812
65139,-1.120429,-1.721883
65140,-2.116349,-1.634021
65141,-1.745664,-1.466104
65142,-0.710661,0.054604
65143,-1.551012,1.781812
65144,-3.484462,1.623490
65145,-3.652478,1.826239
65146,-3.123202,0.900969
65147,-3.563623,1.781812
65148,0.146956,0.149460
65149,-3.563623,1.781812
65150,-1.323809,0.455573
65151,-3.281713,1.826239
65152,-3.694931,1.911146
65153,-3.824265,1.781812
65154,-1.524320,-0.914101
65155,-1.634892,-0.826239
65156,-2.563163,1.030303
65157,-3.779838,1.826239
65158,-2.837543,1.579063
65159,-2.964384,1.191580
65160,-2.141244,1.191580
65161,-3.167133,0.988831
65162,-3.650504,1.955573
65163,-3.563623,1.781812
65164,-3.911146,1.955573
65165,-0.607038,-1.488831
65166,-1.577747,-1.801938
65167,-2.835050,1.320914
65168,-3.232059,0.730682
65169,-3.692957,1.652478
65170,-3.692957,1.652478
65171,-2.669008,0.988831
65172,-1.492359,1.781812
65173,-2.872277,1.781812
65174,-3.484462,1.623490
65175,-3.779838,1.826239
65176,-1.051938,0.900969
65177,-3.694931,1.911146
65178,-3.658223,1.449729
65179,-1.601453,0.500000
65180,-2.641828,1.320914
65181,-3.123202,0.900969
65182,-2.394628,0.440071
65183,-2.837543,1.579063
65184,-1.474108,-1.400969
65185,-3.779838,1.826239
65186,-3.326140,1.781812
65187,-0.383765,0.603718
65188,-3.088468,0.698220
65189,-1.349189,0.603718
65190,-1.734301,-1.488831
65191,-2.149460,1.074730
65192,-2.641828,1.320914
65193,-2.730682,1.365341
65194,-3.158125,1.579063
65195,-3.335148,1.191580
65196,-3.484462,1.623490
65197,-1.878417,-1.721883
65198,-0.928928,-1.233052
65199,-2.311457,-0.722521
65200,-0.810020,1.191580
65201,-2.872277,1.781812
65202,-1.921819,-1.889800
65203,-1.577747,-1.801938
65204,-3.326140,1.781812
65205,-2.892753,0.440071
65206,-0.700307,0.733052
65207,-1.977662,0.988831
65208,0.042115,1.191580
65209,-1.719513,1.246980
65210,-1.934194,0.777479
65211,-2.430339,0.123490
65212,-2.635719,0.400969
65213,-2.493959,1.246980
65214,-1.858780,0.142820
65215,-2.883745,1.030303
65216,-1.878417,-1.721883
65217,-2.056191,-1.233052
65218,-2.011169,-1.977662
65219,-0.911611,-1.400969
65220,-1.801938,0.900969
65221,0.142962,-1.488831
65222,0.128724,-0.033258
65223,-3.268248,1.579063
65224,-2.141244,1.191580
65225,-3.623490,1.246980
65226,-3.528889,1.579063
65227,-3.824265,1.781812
65228,-3.824265,1.781812
65229,-3.268248,1.579063
65230,-2.993868,1.030303
65231,-2.144490,0.326239
65232,-2.302521,1.030303
65233,-3.824265,1.781812
65234,-2.641828,1.320914
65235,-3.658223,1.449729
65236,-3.779838,1.826239
65237,-2.892753,0.440071
65238,-3.694931,1.911146
65239,-3.911146,1.955573
65240,-1.551938,0.400969
65241,-3.911146,1.955573
65242,-3.462508,1.191580
65243,-3.123202,0.900969
65244,-2.885719,0.900969
65245,-2.466259,1.191580
65246,-3.088468,0.698220
65247,-3.866718,2.000000
65248,-3.528889,1.579063
65249,-2.964384,1.191580
65250,-3.694931,1.911146
65251,-3.281713,1.826239
65252,-2.885719,0.900969
65253,-2.644197,-0.445042
65254,-3.326140,1.781812
65255,-2.242359,1.781812
65256,-3.779838,1.826239
65257,-3.955573,1.911146
65258,-3.167133,0.988831
65259,-3.095692,1.320914
65260,0.414537,0.266948
65261,-0.654932,1.030303
65262,-1.634892,-0.826239
65263,-3.866718,2.000000
65264,-3.779838,1.826239
65265,-3.563623,1.781812
65266,-3.563623,1.781812
65267,-3.427775,0.988831
65268,-1.551584,-1.634021
65269,-1.361599,-0.367711
65270,-1.170844,-1.233052
65271,-1.634892,-0.826239
65272,-2.859464,-0.147791
65273,-3.528889,1.579063
65274,-2.742943,1.911146
65275,-2.141244,1.191580
65276,-1.771749,-1.801938
65277,-1.419626,-1.123490
65278,-3.427775,0.988831
65279,-2.144490,0.326239
65280,-3.563623,1.781812
65281,-2.098256,0.455573
65282,-1.836861,1.579063
65283,-3.167133,0.988831
65284,-2.383160,1.191580
65285,-2.641828,1.320914
65286,-2.635719,0.400969
65287,-1.000000,0.500000
65288,-0.447472,-0.425270
65289,-2.374152,1.781812
65290,-3.152379,1.955573
65291,-1.423694,-1.889800
65292,-2.133667,-1.466104
65293,-1.681370,1.030303
65294,-3.268248,1.579063
65295,-2.541119,0.733052
65296,-1.648630,-0.277479
65297,-2.347897,0.733052
65298,-3.051264,1.365341
65299,-3.095692,1.320914
65300,-2.892753,0.440071
65301,-2.136480,0.698220
65302,-2.184738,-0.367711
65303,-2.872277,1.781812
65304,-3.051264,1.365341
65305,-2.576901,1.579063
65306,-3.152379,1.955573
65307,-2.336959,1.449729
65308,-0.275975,0.123490
65309,-3.434289,1.911146
65310,-2.259209,0.777479
65311,-2.371693,1.652478
65312,-3.268248,1.579063
65313,-2.670453,0.603718
65314,-3.824265,1.781812
65315,-3.694931,1.911146
65316,-2.109756,0.123490
65317,-2.964384,1.191580
65318,-2.873202,0.400969
65319,-2.899457,1.449729
65320,-3.826239,1.652478
65321,-3.215828,0.698220
65322,-0.607038,-1.488831
65323,-3.528889,1.579063
65324,-2.835050,1.320914
65325,-3.462508,1.191580
65326,-3.484462,1.623490
65327,-2.015156,0.455573
65328,-1.934194,0.777479
65329,-3.866718,2.000000
65330,-1.978716,-1.000000
65331,-2.598822,-0.147791
65332,-2.149460,1.074730
65333,-3.824265,1.781812
65334,-2.859464,-0.147791
65335,-1.855707,-1.634021
65336,-2.242359,1.781812
65337,-3.563623,1.781812
65338,-3.650504,1.955573
65339,-3.563623,1.781812
65340,0.986112,-0.365341
65341,-1.643120,1.191580
65342,-2.654083,-0.425270
65343,-3.650504,1.955573
65344,-2.367905,-0.134659
65345,-2.883745,1.030303
65346,-0.186374,0.093187
65347,-3.397582,1.449729
65348,-2.060606,1.030303
65349,-2.711958,1.074730
65350,-3.563623,1.781812
65351,-2.874250,1.652478
65352,-3.822291,1.911146
65353,-3.246980,1.623490
65354,-1.801938,0.900969
65355,-2.844057,0.730682
65356,-3.490208,1.246980
65357,-1.384971,1.449729
65358,-2.060606,1.030303
65359,-2.810768,0.142820
65360,-2.872277,1.781812
65361,-3.397582,1.449729
65362,-3.911146,1.955573
65363,-3.326140,1.781812
65364,-2.374152,1.781812
65365,-3.158125,1.579063
65366,-2.096023,2.000000
65367,-2.149460,1.074730
65368,0.295582,-0.147791
65369,-2.700489,1.826239
65370,-2.730682,1.365341
65371,-3.826239,1.652478
65372,0.632862,-0.162592
65373,-0.854474,-0.623490
65374,-1.906779,-0.535628
65375,-2.099031,-1.801938
65376,-3.462508,1.191580
65377,-2.181855,0.400969
65378,-3.281713,1.826239
65379,-1.062213,-0.074730
65380,-2.440004,0.142820
65381,-1.026723,1.074730
65382,-1.695108,1.579063
65383,-0.368582,0.440071
65384,-1.634892,-0.826239
65385,-2.015156,0.455573
65386,-3.779838,1.826239
65387,-2.526723,-0.425270
65388,-0.766862,-0.658322
65389,-0.186388,-1.721883
65390,-0.544316,-0.722521
65391,-3.824265,1.781812
65392,-2.116349,-1.634021
65393,-2.440004,0.142820
65394,-3.528889,1.579063
65395,-2.541119,0.733052
65396,-3.563623,1.781812
65397,-3.268248,1.579063
65398,-0.938334,-0.826239
65399,-1.719513,1.246980
65400,-3.427775,0.988831
65401,-2.641828,1.320914
65402,-1.933731,0.900969
65403,-3.911146,1.955573
65404,-2.371693,1.652478
65405,-1.811776,-1.721883
65406,-2.553446,0.149460
65407,-3.692957,1.652478
65408,-3.194833,1.652478
65409,-3.462508,1.191580
65410,-2.518736,1.074730
65411,-2.873202,0.400969
65412,-2.870469,2.000000
65413,-3.427775,0.988831
65414,-1.681370,1.030303
65415,-2.343556,-0.658322
65416,-1.960449,1.826239
65417,-2.837543,1.579063
65418,-3.123202,0.900969
65419,-2.302521,1.030303
65420,-3.692957,1.652478
65421,-2.644197,-0.445042
65422,-2.440004,0.142820
65423,-3.194833,1.652478
65424,-3.326140,1.781812
65425,-1.314088,-0.074730
65426,-1.607199,0.123490
65427,-2.605388,-0.134659
65428,-2.777479,-0.445042
65429,-2.176109,0.777479
65430,-3.304955,1.652478
65431,-3.822291,1.911146
65432,-3.397582,1.449729
65433,-3.246980,1.623490
65434,-3.158125,1.579063
65435,-3.650504,1.955573
65436,-3.478716,2.000000
65437,-2.176109,0.777479
65438,-3.335148,1.191580
65439,-3.158125,1.579063
65440,-3.652478,1.826239
65441,-0.251492,0.054604
65442,-0.494415,-1.977662
65443,-1.637893,1.955573
65444,-3.656250,1.579063
65445,-1.309583,-0.955573
65446,-1.690819,-1.488831
65447,-2.810768,0.142820
65448,-2.700489,1.826239
65449,-1.775215,0.326239
65450,-2.015156,0.455573
65451,-2.899457,1.449729
65452,-3.051264,1.365341
65453,-3.462508,1.191580
65454,-3.434289,1.911146
65455,-3.194833,1.652478
65456,-3.123202,0.900969
65457,-3.911146,1.955573
65458,-3.051264,1.365341
65459,-3.088468,0.698220
65460,-3.088468,0.698220
65461,-2.526723,-0.425270
65462,-1.588247,1.365341
65463,-3.652478,1.826239
65464,-1.775215,0.326239
65465,-3.333174,1.320914
65466,-3.215828,0.698220
65467,-0.458468,1.320914
65468,-2.844057,0.730682
65469,-2.700489,1.826239
65470,-3.123202,0.900969
65471,0.096577,1.781812
65472,-2.163198,1.623490
65473,-3.158125,1.579063
65474,-1.557314,-0.109562
65475,-2.883745,1.030303
65476,-3.123202,0.900969
65477,-1.088404,-0.914101
65478,-2.440004,0.142820
65479,-2.859464,-0.147791
65480,-3.824265,1.781812
65481,-1.960449,1.826239
65482,-3.095692,1.320914
65483,-3.167133,0.988831
65484,-1.717979,0.733052
65485,-3.397582,1.449729
65486,-2.394628,0.440071
65487,-2.136480,0.698220
65488,-2.706235,1.449729
65489,-1.375695,-1.211352
65490,-1.624178,-1.488831
65491,-0.928928,-1.233052
65492,-2.941449,0.149460
65493,-0.926428,-1.721883
65494,-3.326140,1.781812
65495,-1.760035,1.320914
65496,-3.652478,1.826239
65497,-2.256195,-0.445042
65498,-2.038874,-1.400969
65499,-2.553446,0.149460
65500,-1.300576,-0.365341
65501,-3.246980,1.623490
65502,-2.136480,0.698220
65503,-3.779838,1.826239
65504,-2.835050,1.320914
65505,-2.343556,-0.658322
65506,-3.427775,0.988831
65507,-2.526723,-0.425270
65508,-2.343556,-0.658322
65509,-3.563623,1.781812
65510,-3.824265,1.781812
65511,-3.824265,1.781812
65512,-2.938128,0.142820
65513,-3.095692,1.320914
65514,-3.434289,1.911146
65515,-1.719513,1.246980
65516,-2.461033,1.955573
65517,-2.394628,0.440071
65518,-2.337712,0.326239
65519,-3.427775,0.988831
65520,-2.706235,1.449729
65521,-3.563623,1.781812
65522,-2.837543,1.579063
65523,-3.824265,1.781812
65524,-3.232059,0.730682
65525,-1.960449,1.826239
65526,-2.518736,1.074730
65527,-1.534266,-1.801938
65528,-1.413419,-0.914101
65529,-2.261572,-0.955573
65530,-1.833963,0.093187
65531,-4.000000,2.000000
65532,-2.899457,1.449729
65533,-2.347897,0.733052
65534,-3.158125,1.579063
65535,-3.658223,1.449729
65536,-2.374152,1.781812
65537,-3.065499,1.781812
65538,-1.607199,0.123490
65539,-2.208111,1.449729
65540,-2.563163,1.030303
65541,-2.466259,1.191580
65542,-2.872277,1.781812
65543,-1.413198,1.623490
65544,-1.703282,0.440071
65545,-3.563623,1.781812
65546,-3.563623,1.781812
65547,-3.694931,1.911146
65548,-2.100697,-0.147791
65549,-2.518736,1.074730
65550,-3.694931,1.911146
65551,-3.152379,1.955573
65552,-2.993868,1.030303
65553,-3.434289,1.911146
65554,-2.892753,0.440071
65555,-3.528889,1.579063
65556,-2.440004,0.142820
65557,-0.779516,-0.535628
65558,0.508862,-1.466104
65559,-2.235810,0.730682
65560,-2.711958,1.074730
65561,-3.824265,1.781812
65562,-2.563163,1.030303
65563,-2.015156,0.455573
65564,-3.694931,1.911146
65565,-3.911146,1.955573
65566,-3.434289,1.911146
65567,-2.706235,1.449729
65568,-3.194833,1.652478
65569,-2.228125,1.365341
65570,-1.849772,0.733052
65571,-3.326140,1.781812
65572,-3.911146,1.955573
65573,-2.899457,1.449729
65574,-0.305503,-0.367711
65575,-0.939778,-1.211352
65576,-3.658223,1.449729
65577,-2.394628,0.440071
65578,-2.272552,1.320914
65579,-3.694931,1.911146
65580,-3.563623,1.781812
65581,-3.650504,1.955573
65582,-3.326140,1.781812
65583,-3.484462,1.623490
65584,-2.431855,0.900969
65585,-3.281713,1.826239
65586,-3.095692,1.320914
65587,-3.528889,1.579063
65588,-2.272552,1.320914
65589,-3.088468,0.698220
65590,-2.056191,-1.233052
65591,-1.229693,-1.889800
65592,-2.367905,-0.134659
65593,-2.383160,1.191580
65594,-3.490208,1.246980
65595,-3.123202,0.900969
65596,-3.246980,1.623490
65597,-2.717704,0.698220
65598,-3.065499,1.781812
65599,-3.911146,1.955573
65600,-3.427775,0.988831
65601,-3.824265,1.781812
65602,-2.605388,-0.134659
65603,-3.824265,1.781812
65604,-3.652478,1.826239
65605,-2.826042,1.911146
65606,-2.383160,1.191580
65607,-3.158125,1.579063
65608,-2.493959,1.246980
65609,-2.311457,-0.722521
65610,-1.349578,0.500000
65611,-0.834695,-0.425270
65612,-0.493902,-1.211352
65613,-1.643120,1.191580
65614,-2.540461,0.123490
65615,-3.824265,1.781812
65616,-3.152379,1.955573
65617,-2.835050,1.320914
65618,-3.065499,1.781812
65619,-3.268248,1.579063
65620,-0.496114,1.320914
65621,-1.978621,0.733052
65622,-3.911146,1.955573
65623,-1.760035,1.320914
65624,-3.152379,1.955573
65625,-3.955573,1.911146
65626,-3.824265,1.781812
65627,-1.637893,1.955573
65628,-3.563623,1.781812
65629,-3.333174,1.320914
65630,-3.427775,0.988831
65631,-2.964384,1.191580
65632,-2.576901,1.579063
65633,-3.462508,1.191580
65634,-0.801938,0.400969
65635,-3.281713,1.826239
65636,-3.462508,1.191580
65637,-2.873202,0.400969
65638,-2.635719,0.400969
65639,-1.357582,-1.634021
65640,-1.441541,-1.466104
65641,-2.367905,-0.134659
65642,-1.789708,1.246980
65643,-2.742943,1.911146
65644,-2.964384,1.191580
65645,-1.280886,-1.400969
65646,-1.592048,0.093187
65647,-1.703282,0.440071
65648,-3.427775,0.988831
65649,-3.658223,1.449729
65650,-3.397582,1.449729
65651,-3.692957,1.652478
65652,-3.528889,1.579063
65653,-2.242359,1.781812
65654,-3.123202,0.900969
65655,-2.644197,-0.445042
65656,-2.780575,0.603718
65657,-3.822291,1.911146
65658,-2.641828,1.320914
65659,-2.002903,1.911146
65660,-3.658223,1.449729
65661,-2.885719,0.900969
65662,-2.885719,0.900969
65663,-2.461033,1.955573
65664,-1.212812,0.093187
65665,-0.022338,0.011169
65666,-0.431016,0.698220
65667,-2.780575,0.603718
65668,-2.899457,1.449729
65669,-3.397582,1.449729
65670,-3.397582,1.449729
65671,-3.304955,1.652478
65672,-2.385621,1.030303
65673,-1.462714,0.222521
65674,-3.658223,1.449729
65675,-2.256195,-0.445042
65676,-0.810020,1.191580
65677,-1.813332,-0.722521
65678,-1.703282,0.440071
65679,-1.344281,-0.535628
65680,-3.911146,1.955573
65681,-3.304955,1.652478
65682,-3.656250,1.579063
65683,-3.427775,0.988831
65684,-3.123202,0.900969
65685,-2.793116,1.623490
65686,-3.911146,1.955573
65687,-3.478716,2.000000
65688,-3.563623,1.781812
65689,-3.650504,1.955573
65690,-1.127350,1.826239
65691,0.269318,-0.134659
65692,-0.851453,-1.000000
65693,-3.658223,1.449729
65694,-3.955573,1.911146
65695,-2.885719,0.900969
65696,-2.635719,0.400969
65697,-2.572099,-0.722521
65698,-0.159449,-0.109562
65699,-0.272214,-0.955573
65700,-3.246980,1.623490
65701,-2.168944,1.246980
65702,-3.822291,1.911146
65703,-3.324167,1.911146
65704,-3.563623,1.781812
65705,-2.431855,0.900969
65706,-3.153395,0.440071
65707,-0.447247,0.730682
65708,0.781922,0.603718
65709,-0.854474,-0.623490
65710,-2.730682,1.365341
65711,-3.822291,1.911146
65712,-1.231001,-1.634021
65713,-2.993868,1.030303
65714,-3.824265,1.781812
65715,-3.779838,1.826239
65716,-3.824265,1.781812
65717,-2.605388,-0.134659
65718,-2.635719,0.400969
65719,-3.911146,1.955573
65720,-3.095692,1.320914
65721,-2.899457,1.449729
65722,-3.911146,1.955573
65723,-3.434289,1.911146
65724,-3.462508,1.191580
65725,-2.367905,-0.134659
65726,-1.231001,-1.634021
65727,-2.430339,0.123490
65728,-3.397582,1.449729
65729,-2.155959,-0.425270
65730,-2.859464,-0.147791
65731,-1.914041,-0.134659
65732,-3.397582,1.449729
65733,-3.563623,1.781812
65734,-1.928302,-1.488831
65735,-2.242359,1.781812
65736,-2.394628,0.440071
65737,-1.845869,0.988831
65738,-3.434289,1.911146
65739,-2.859464,-0.147791
65740,-3.955573,1.911146
65741,-2.410859,1.246980
65742,-3.563623,1.781812
65743,-2.015156,0.455573
65744,-2.635719,0.400969
65745,-1.574293,-1.721883
65746,-0.472729,-0.033258
65747,-2.011910,1.320914
65748,-3.333174,1.320914
65749,-3.484462,1.623490
65750,-3.911146,1.955573
65751,-3.051264,1.365341
65752,-3.694931,1.911146
65753,-1.733246,0.500000
65754,-2.899457,1.449729
65755,-3.911146,1.955573
65756,-3.123202,0.900969
65757,-3.074730,0.149460
65758,-3.824265,1.781812
65759,-2.394628,0.440071
65760,-3.563623,1.781812
65761,-3.623490,1.246980
65762,-2.835050,1.320914
65763,-3.694931,1.911146
65764,-2.837543,1.579063
65765,-1.934194,0.777479
65766,-3.153395,0.440071
65767,-3.281713,1.826239
65768,-3.528889,1.579063
65769,-3.462508,1.191580
65770,-3.281713,1.826239
65771,-3.326140,1.781812
65772,-3.955573,1.911146
65773,-2.316833,-1.233052
65774,-2.116349,-1.634021
65775,-1.833963,0.093187
65776,-2.654083,-0.425270
65777,-2.941449,0.149460
65778,-3.826239,1.652478
65779,-1.922262,1.652478
65780,-1.200484,0.900969
65781,-1.858780,0.142820
65782,-1.914041,-0.134659
65783,-2.374152,1.781812
65784,-3.824265,1.781812
65785,-1.279149,1.191580
65786,-1.003761,1.579063
65787,-3.824265,1.781812
65788,-3.692957,1.652478
65789,-1.210838,0.222521
65790,-2.899457,1.449729
65791,-3.051264,1.365341
65792,-3.694931,1.911146
65793,-1.977662,0.988831
65794,-0.966034,-0.162592
65795,-1.279149,1.191580
65796,-3.694931,1.911146
65797,-3.563623,1.781812
65798,-3.824265,1.781812
65799,-3.563623,1.781812
65800,-3.427775,0.988831
65801,-3.088468,0.698220
65802,-2.526723,-0.425270
65803,-1.681370,1.030303
65804,-2.461033,1.955573
65805,-0.821489,0.440071
65806,-2.859464,-0.147791
65807,0.144005,-0.955573
65808,0.185991,-0.147791
65809,-3.658223,1.449729
65810,-3.822291,1.911146
65811,-3.563623,1.781812
65812,-2.316833,-1.233052
65813,-2.518736,1.074730
65814,-2.181855,0.400969
65815,-2.334986,1.579063
65816,-1.836861,1.579063
65817,-2.208111,1.449729
65818,-3.324167,1.911146
65819,-3.650504,1.955573
65820,-2.383160,1.191580
65821,-1.349578,0.500000
65822,-3.152379,1.955573
65823,-3.911146,1.955573
65824,-3.153395,0.440071
65825,-2.334986,1.579063
65826,-2.493959,1.246980
65827,-2.872277,1.781812
65828,-2.706235,1.449729
65829,-3.650504,1.955573
65830,-2.461033,1.955573
65831,-2.208111,1.449729
65832,-2.700489,1.826239
65833,-3.335148,1.191580
65834,-2.885719,0.900969
65835,-3.650504,1.955573
65836,-3.335148,1.191580
65837,-3.652478,1.826239
65838,-3.365341,0.730682
65839,-2.941449,0.149460
65840,-1.551938,0.400969
65841,-3.427775,0.988831
65842,-1.409351,-0.147791
65843,-2.717704,0.698220
65844,-3.065499,1.781812
65845,-3.158125,1.579063
65846,-3.333174,1.320914
65847,-3.335148,1.191580
65848,-3.153395,0.440071
65849,-2.383160,1.191580
65850,-2.644197,-0.445042
65851,-3.528889,1.579063
65852,-3.268248,1.579063
65853,-3.281713,1.826239
65854,-3.427775,0.988831
65855,-3.563623,1.781812
65856,-1.412671,0.730682
65857,-3.528889,1.579063
65858,-3.955573,1.911146
65859,-2.742943,1.911146
65860,-3.563623,1.781812
65861,-2.837543,1.579063
65862,-2.272552,1.320914
65863,-3.824265,1.781812
65864,-2.242359,1.781812
65865,-3.779838,1.826239
65866,-2.410859,1.246980
65867,-3.779838,1.826239
65868,-2.228125,1.365341
65869,-3.268248,1.579063
65870,-3.692957,1.652478
65871,-3.281713,1.826239
65872,-3.650504,1.955573
65873,-2.136480,0.698220
65874,-3.779838,1.826239
65875,-3.434289,1.911146
65876,-3.650504,1.955573
65877,-2.541119,0.733052
65878,-2.964384,1.191580
65879,-2.184738,-0.367711
65880,-1.789708,1.246980
65881,-2.371693,1.652478
65882,-3.650504,1.955573
65883,-3.194833,1.652478
65884,-3.152379,1.955573
65885,-3.694931,1.911146
65886,-3.462508,1.191580
65887,-3.694931,1.911146
65888,-3.563623,1.781812
65889,-3.911146,1.955573
65890,-2.899457,1.449729
65891,-3.167133,0.988831
65892,-2.938128,0.142820
65893,-3.397582,1.449729
65894,-2.696708,1.652478
65895,-3.650504,1.955573
65896,-3.095692,1.320914
65897,-2.141244,1.191580
65898,-2.837543,1.579063
65899,-1.550062,0.900969
65900,-3.563623,1.781812
65901,-2.336959,1.449729
65902,-2.872277,1.781812
65903,-2.168944,1.246980
65904,-2.844057,0.730682
65905,-3.478716,2.000000
65906,-1.858780,0.142820
65907,-3.095692,1.320914
65908,-3.335148,1.191580
65909,-1.845869,0.988831
65910,-3.652478,1.826239
65911,-2.367905,-0.134659
65912,-0.787833,-0.623490
65913,-2.605388,-0.134659
65914,-2.440004,0.142820
65915,-3.911146,1.955573
65916,-3.065499,1.781812
65917,-2.051596,1.911146
65918,-2.793116,1.623490
65919,-3.563623,1.781812
65920,-3.167133,0.988831
65921,-2.885719,0.900969
65922,-2.109756,0.123490
65923,0.864828,-1.400969
65924,-3.397582,1.449729
65925,-2.826042,1.911146
65926,-2.176109,0.777479
65927,-3.215828,0.698220
65928,-2.461033,1.955573
65929,-1.914041,-0.134659
65930,-2.572099,-0.722521
65931,-2.098256,0.455573
65932,-2.461033,1.955573
65933,-3.065499,1.781812
65934,-1.637893,1.955573
65935,-2.654083,-0.425270
65936,-1.051938,0.900969
65937,-2.885719,0.900969
65938,-2.383160,1.191580
65939,-2.700489,1.826239
65940,-3.652478,1.826239
65941,-3.658223,1.449729
65942,-2.056191,-1.233052
65943,-1.330319,-0.914101
65944,-2.461033,1.955573
65945,-3.563623,1.781812
65946,-0.801039,-1.488831
65947,-0.072451,-0.134659
65948,-2.598822,-0.147791
65949,-3.563623,1.781812
65950,-3.158125,1.579063
65951,0.001504,0.400969
65952,-0.712635,-0.074730
65953,-2.347897,0.733052
65954,-0.338389,0.900969
65955,-3.563623,1.781812
65956,-2.892753,0.440071
65957,-2.941449,0.149460
65958,-2.343556,-0.658322
65959,-0.966034,-0.162592
65960,-3.866718,2.000000
65961,-1.284124,-0.134659
65962,-3.656250,1.579063
65963,-2.394628,0.440071
65964,-3.065499,1.781812
65965,-2.316833,-1.233052
65966,-2.730682,1.365341
65967,-2.144490,0.326239
65968,-0.251492,0.054604
65969,-0.000125,-0.033258
65970,-3.692957,1.652478
65971,-2.144490,0.326239
65972,-2.343556,-0.658322
65973,-1.717979,0.733052
65974,-3.484462,1.623490
65975,-1.926590,-0.109562
65976,-2.885719,0.900969
65977,-3.158125,1.579063
65978,-3.656250,1.579063
65979,-3.335148,1.191580
65980,-2.374152,1.781812
65981,-2.717704,0.698220
65982,-3.656250,1.579063
65983,-3.563623,1.781812
65984,-2.700489,1.826239
65985,-1.006419,-1.211352
65986,-1.745664,-1.466104
65987,-3.563623,1.781812
65988,-2.334986,1.579063
65989,-2.700489,1.826239
65990,-3.656250,1.579063
65991,-1.977662,0.988831
65992,-2.892753,0.440071
65993,-2.826042,1.911146
65994,-2.155959,-0.425270
65995,-1.760035,1.320914
65996,-3.563623,1.781812
65997,-3.484462,1.623490
65998,-3.397582,1.449729
65999,-2.119812,-0.109562
66000,-2.941449,0.149460
66001,-1.713557,-0.535628
66002,-2.394628,0.440071
66003,-3.215828,0.698220
66004,-3.911146,1.955573
66005,-3.652478,1.826239
66006,-3.326140,1.781812
66007,-2.337712,0.326239
66008,-0.873667,-0.955573
66009,-2.316833,-1.233052
66010,-1.396440,0.698220
66011,-2.098256,0.455573
66012,-2.844057,0.730682
66013,-0.861260,0.222521
66014,-1.475625,-0.623490
66015,-1.717979,0.733052
66016,-3.822291,1.911146
66017,-3.158125,1.579063
66018,-2.883745,1.030303
66019,-3.427775,0.988831
66020,-2.810768,0.142820
66021,-2.572099,-0.722521
66022,-3.158125,1.579063
66023,-3.822291,1.911146
66024,-3.427775,0.988831
66025,-3.158125,1.579063
66026,-2.700489,1.826239
66027,-1.044797,-0.109562
66028,-2.336959,1.449729
66029,-1.762008,1.191580
66030,-2.060606,1.030303
66031,-3.478716,2.000000
66032,-3.911146,1.955573
66033,-2.334986,1.579063
66034,-2.730682,1.365341
66035,-3.652478,1.826239
66036,-2.872277,1.781812
66037,-3.652478,1.826239
66038,-3.484462,1.623490
66039,-2.844057,0.730682
66040,-3.652478,1.826239
66041,-3.333174,1.320914
66042,-3.478716,2.000000
66043,-2.100697,-0.147791
66044,-2.383160,1.191580
66045,-1.396440,0.698220
66046,-2.874250,1.652478
66047,-3.650504,1.955573
66048,-2.060606,1.030303
66049,-1.978621,0.733052
66050,-2.176109,0.777479
66051,-1.558725,-0.623490
66052,-1.934194,0.777479
66053,-0.911611,-1.400969
66054,-3.095692,1.320914
66055,-1.824442,1.449729
66056,-3.397582,1.449729
66057,-3.650504,1.955573
66058,-3.123202,0.900969
66059,-2.367905,-0.134659
66060,-3.650504,1.955573
66061,-2.964384,1.191580
66062,-3.623490,1.246980
66063,-3.824265,1.781812
66064,-2.337712,0.326239
66065,-3.694931,1.911146
66066,-2.641828,1.320914
66067,-0.576416,-0.658322
66068,-3.528889,1.579063
66069,-1.760035,1.320914
66070,-2.641828,1.320914
66071,-3.866718,2.000000
66072,-3.051264,1.365341
66073,-1.960449,1.826239
66074,-3.462508,1.191580
66075,-3.563623,1.781812
66076,-2.149460,1.074730
66077,-2.644197,-0.445042
66078,-2.993868,1.030303
66079,-3.123202,0.900969
66080,-2.440004,0.142820
66081,-3.911146,1.955573
66082,-2.466259,1.191580
66083,-1.643120,1.191580
66084,-3.694931,1.911146
66085,-3.153395,0.440071
66086,-1.005460,-0.955573
66087,-3.490208,1.246980
66088,-2.810768,0.142820
66089,-3.652478,1.826239
66090,-1.551938,0.400969
66091,-1.229497,0.266948
66092,-1.914041,-0.134659
66093,-0.445042,0.222521
66094,-3.232059,0.730682
66095,-2.343556,-0.658322
66096,-3.824265,1.781812
66097,-1.557314,-0.109562
66098,-0.388818,-0.425270
66099,-1.507653,-1.721883
66100,-3.911146,1.955573
66101,-3.650504,1.955573
66102,-3.232059,0.730682
66103,-3.694931,1.911146
66104,-3.326140,1.781812
66105,-3.326140,1.781812
66106,-2.605388,-0.134659
66107,-3.911146,1.955573
66108,-3.658223,1.449729
66109,-0.823226,0.326239
66110,-1.044797,-0.109562
66111,-1.323809,0.455573
66112,-2.440004,0.142820
66113,-3.911146,1.955573
66114,-3.281713,1.826239
66115,-1.349189,0.603718
66116,-2.541119,0.733052
66117,-3.484462,1.623490
66118,-3.623490,1.246980
66119,-2.711958,1.074730
66120,-1.890808,-0.955573
66121,-2.343556,-0.658322
66122,-2.873202,0.400969
66123,-2.038874,-1.400969
66124,-0.867905,1.365341
66125,-1.934194,0.777479
66126,-2.109756,0.123490
66127,-1.574735,-0.425270
66128,-3.658223,1.449729
66129,-0.831764,-0.535628
66130,-1.652210,-0.658322
66131,-3.490208,1.246980
66132,-2.899457,1.449729
66133,-3.158125,1.579063
66134,-1.858780,0.142820
66135,-2.730682,1.365341
66136,-3.324167,1.911146
66137,-0.145365,0.011169
66138,-2.826042,1.911146
66139,-3.152379,1.955573
66140,-0.156861,-0.134659
66141,-3.563623,1.781812
66142,-2.383160,1.191580
66143,-2.385621,1.030303
66144,-2.343556,-0.658322
66145,-3.822291,1.911146
66146,-2.431855,0.900969
66147,-0.322099,-0.722521
66148,-3.158125,1.579063
66149,-4.000000,2.000000
66150,-1.794458,-1.889800
66151,-3.324167,1.911146
66152,-3.397582,1.449729
66153,-2.011910,1.320914
66154,-3.158125,1.579063
66155,-3.652478,1.826239
66156,-3.822291,1.911146
66157,-3.333174,1.320914
66158,-2.598822,-0.147791
66159,-3.658223,1.449729
66160,-3.152379,1.955573
66161,-2.730682,1.365341
66162,-2.366718,-1.000000
66163,-1.574293,-1.721883
66164,-3.232059,0.730682
66165,-3.866718,2.000000
66166,-2.526723,-0.425270
66167,-3.563623,1.781812
66168,-3.650504,1.955573
66169,-0.821489,0.440071
66170,-1.690819,-1.488831
66171,-1.086885,-1.400969
66172,-1.551938,0.400969
66173,-3.268248,1.579063
66174,-3.955573,1.911146
66175,-3.658223,1.449729
66176,-3.194833,1.652478
66177,-2.641828,1.320914
66178,-3.333174,1.320914
66179,-3.152379,1.955573
66180,-1.690819,-1.488831
66181,-2.899457,1.449729
66182,-3.650504,1.955573
66183,-2.938128,0.142820
66184,-3.694931,1.911146
66185,-3.246980,1.623490
66186,-2.541119,0.733052
66187,-1.236955,-1.488831
66188,-3.167133,0.988831
66189,-2.168944,1.246980
66190,-3.161387,1.365341
66191,-3.167133,0.988831
66192,-3.335148,1.191580
66193,-2.635719,0.400969
66194,-3.246980,1.623490
66195,-3.123202,0.900969
66196,-3.563623,1.781812
66197,-2.168944,1.246980
66198,-3.658223,1.449729
66199,-3.152379,1.955573
66200,-1.858780,0.142820
66201,-1.921819,-1.889800
66202,-1.988459,-1.889800
66203,-1.200484,0.900969
66204,-2.711958,1.074730
66205,-1.914041,-0.134659
66206,-0.860591,0.400969
66207,-2.641828,1.320914
66208,-3.824265,1.781812
66209,-1.652210,-0.658322
66210,-2.144490,0.326239
66211,-3.326140,1.781812
66212,-3.650504,1.955573
66213,-3.911146,1.955573
66214,-3.822291,1.911146
66215,-1.833963,0.093187
66216,-2.431855,0.900969
66217,-2.706235,1.449729
66218,-2.144490,0.326239
66219,-3.335148,1.191580
66220,-2.383160,1.191580
66221,-3.824265,1.781812
66222,-3.304955,1.652478
66223,-3.335148,1.191580
66224,-1.442336,-1.211352
66225,-2.899457,1.449729
66226,-3.824265,1.781812
66227,-3.650504,1.955573
66228,-3.051264,1.365341
66229,-2.859464,-0.147791
66230,-1.412671,0.730682
66231,-3.333174,1.320914
66232,-3.779838,1.826239
66233,-2.163198,1.623490
66234,-3.427775,0.988831
66235,-1.643120,1.191580
66236,-2.367905,-0.134659
66237,-3.824265,1.781812
66238,-3.268248,1.579063
66239,-2.696708,1.652478
66240,-2.711958,1.074730
66241,-3.528889,1.579063
66242,-1.849772,0.733052
66243,-2.885719,0.900969
66244,-2.440004,0.142820
66245,-3.153395,0.440071
66246,-2.885719,0.900969
66247,-3.123202,0.900969
66248,-2.106074,-0.658322
66249,-3.051264,1.365341
66250,-2.742943,1.911146
66251,-3.911146,1.955573
66252,-2.899457,1.449729
66253,-2.899457,1.449729
66254,-3.779838,1.826239
66255,-1.933731,0.900969
66256,-3.462508,1.191580
66257,-3.528889,1.579063
66258,-2.892753,0.440071
66259,-0.295600,0.142820
66260,-2.141244,1.191580
66261,-0.712635,-0.074730
66262,-3.088468,0.698220
66263,-3.694931,1.911146
66264,-2.670453,0.603718
66265,-2.605388,-0.134659
66266,-2.859464,-0.147791
66267,-3.123202,0.900969
66268,-0.913353,-0.365341
66269,-3.650504,1.955573
66270,-3.955573,1.911146
66271,-1.811776,-1.721883
66272,-1.734301,-1.488831
66273,-3.692957,1.652478
66274,-0.867905,1.365341
66275,-2.371693,1.652478
66276,-3.268248,1.579063
66277,-2.302521,1.030303
66278,-1.592048,0.093187
66279,-3.167133,0.988831
66280,-2.605388,-0.134659
66281,-3.268248,1.579063
66282,-3.281713,1.826239
66283,-3.397582,1.449729
66284,-2.149460,1.074730
66285,-3.326140,1.781812
66286,-3.824265,1.781812
66287,-3.246980,1.623490
66288,-3.911146,1.955573
66289,-3.484462,1.623490
66290,-3.824265,1.781812
66291,-3.692957,1.652478
66292,-1.233709,-0.623490
66293,-2.572099,-0.722521
66294,-3.333174,1.320914
66295,-3.563623,1.781812
66296,-2.793116,1.623490
66297,-1.349189,0.603718
66298,-3.152379,1.955573
66299,-2.711958,1.074730
66300,-3.333174,1.320914
66301,-2.899457,1.449729
66302,-2.394628,0.440071
66303,-0.229775,0.011169
66304,-3.911146,1.955573
66305,-3.694931,1.911146
66306,-3.397582,1.449729
66307,-3.484462,1.623490
66308,-3.650504,1.955573
66309,-3.779838,1.826239
66310,-3.268248,1.579063
66311,-3.563623,1.781812
66312,-3.623490,1.246980
66313,-3.167133,0.988831
66314,-3.692957,1.652478
66315,-2.964384,1.191580
66316,-3.650504,1.955573
66317,-2.793116,1.623490
66318,-3.692957,1.652478
66319,-3.484462,1.623490
66320,-3.955573,1.911146
66321,-2.870469,2.000000
66322,-2.870469,2.000000
66323,-3.095692,1.320914
66324,-3.051264,1.365341
66325,-3.088468,0.698220
66326,-1.592048,0.093187
66327,-2.337712,0.326239
66328,-2.669008,0.988831
66329,-3.658223,1.449729
66330,-3.088468,0.698220
66331,-0.607038,-1.488831
66332,-2.563163,1.030303
66333,-3.955573,1.911146
66334,-2.706235,1.449729
66335,-3.246980,1.623490
66336,-2.993868,1.030303
66337,-1.719513,1.246980
66338,-0.834695,-0.425270
66339,-1.594507,0.222521
66340,-2.700489,1.826239
66341,-3.822291,1.911146
66342,-3.822291,1.911146
66343,-3.911146,1.955573
66344,-2.336959,1.449729
66345,1.170153,-0.365341
66346,-0.354198,-0.658322
66347,-2.311457,-0.722521
66348,0.132628,0.222521
66349,-2.883745,1.030303
66350,-3.650504,1.955573
66351,-2.826042,1.911146
66352,-2.334986,1.579063
66353,-3.158125,1.579063
66354,-3.158125,1.579063
66355,-0.150597,0.400969
66356,0.003294,0.093187
66357,-2.837543,1.579063
66358,-2.835050,1.320914
66359,-1.394005,0.455573
66360,-3.694931,1.911146
66361,-3.955573,1.911146
66362,-2.208111,1.449729
66363,-2.993868,1.030303
66364,-2.835050,1.320914
66365,-2.892753,0.440071
66366,-1.890808,-0.955573
66367,-2.367905,-0.134659
66368,-2.347897,0.733052
66369,-1.558067,-1.233052
66370,-2.837543,1.579063
66371,-3.911146,1.955573
66372,-2.388932,-0.955573
66373,-1.873040,-1.211352
66374,-2.383160,1.191580
66375,-3.158125,1.579063
66376,-3.158125,1.579063
66377,-4.000000,2.000000
66378,-3.563623,1.781812
66379,-2.706235,1.449729
66380,-2.730682,1.365341
66381,-2.394628,0.440071
66382,-3.158125,1.579063
66383,-3.911146,1.955573
66384,-2.461033,1.955573
66385,-3.824265,1.781812
66386,-3.051264,1.365341
66387,-2.892753,0.440071
66388,-1.824442,1.449729
66389,-1.643120,1.191580
66390,-2.500000,-1.000000
66391,-2.598822,-0.147791
66392,-3.152379,1.955573
66393,-2.410859,1.246980
66394,-1.413419,-0.914101
66395,-1.877888,-1.977662
66396,-3.167133,0.988831
66397,-2.826042,1.911146
66398,-3.158125,1.579063
66399,-3.335148,1.191580
66400,-3.650504,1.955573
66401,-2.106074,-0.658322
66402,-3.161387,1.365341
66403,-1.344281,-0.535628
66404,-0.938334,-0.826239
66405,-3.462508,1.191580
66406,-0.763270,1.246980
66407,-1.229693,-1.889800
66408,-2.964384,1.191580
66409,-2.431855,0.900969
66410,-2.885719,0.900969
66411,-3.824265,1.781812
66412,-1.794458,-1.889800
66413,-1.568917,-1.211352
66414,-3.652478,1.826239
66415,-3.911146,1.955573
66416,-2.810768,0.142820
66417,-2.367905,-0.134659
66418,-3.123202,0.900969
66419,-3.324167,1.911146
66420,-2.168944,1.246980
66421,-1.270918,0.730682
66422,-0.911146,0.455573
66423,-3.563623,1.781812
66424,-2.859464,-0.147791
66425,-1.000000,0.500000
66426,-3.652478,1.826239
66427,-2.347897,0.733052
66428,-1.922262,1.652478
66429,-2.431855,0.900969
66430,-3.822291,1.911146
66431,-2.256195,-0.445042
66432,-3.658223,1.449729
66433,-3.652478,1.826239
66434,-1.413198,1.623490
66435,-3.650504,1.955573
66436,-3.658223,1.449729
66437,-3.656250,1.579063
66438,-3.427775,0.988831
66439,-3.152379,1.955573
66440,-3.563623,1.781812
66441,-1.409351,-0.147791
66442,-3.563623,1.781812
66443,-1.344281,-0.535628
66444,-1.225625,-1.123490
66445,-3.065499,1.781812
66446,-2.872277,1.781812
66447,-2.872277,1.781812
66448,-1.396440,0.698220
66449,-2.337712,0.326239
66450,-2.011910,1.320914
66451,-4.000000,2.000000
66452,-2.899457,1.449729
66453,-3.656250,1.579063
66454,-3.822291,1.911146
66455,-2.181855,0.400969
66456,-2.572099,-0.722521
66457,-3.326140,1.781812
66458,-3.824265,1.781812
66459,-3.528889,1.579063
66460,-2.106074,-0.658322
66461,-2.367905,-0.134659
66462,-0.873667,-0.955573
66463,-1.558067,-1.233052
66464,-1.445881,-0.074730
66465,-3.911146,1.955573
66466,-2.394628,0.440071
66467,-3.335148,1.191580
66468,-3.304955,1.652478
66469,-1.845869,0.988831
66470,-1.551584,-1.634021
66471,-2.541119,0.733052
66472,-0.823226,0.326239
66473,-0.438255,-0.623490
66474,-0.202183,0.733052
66475,-2.144490,0.326239
66476,-1.086885,-1.400969
66477,-2.696708,1.652478
66478,-3.051264,1.365341
66479,-2.572099,-0.722521
66480,-3.955573,1.911146
66481,-3.194833,1.652478
66482,0.417869,0.440071
66483,0.180972,-0.033258
66484,-2.163198,1.623490
66485,-3.824265,1.781812
66486,-1.652210,-0.658322
66487,-2.873202,0.400969
66488,-2.394628,0.440071
66489,-3.563623,1.781812
66490,-3.333174,1.320914
66491,-3.152379,1.955573
66492,-3.335148,1.191580
66493,-3.304955,1.652478
66494,-2.163198,1.623490
66495,-3.822291,1.911146
66496,-3.824265,1.781812
66497,-3.304955,1.652478
66498,-3.652478,1.826239
66499,-3.822291,1.911146
66500,-3.484462,1.623490
66501,-3.427775,0.988831
66502,-2.394628,0.440071
66503,-2.005777,-1.721883
66504,-1.574735,-0.425270
66505,-2.835050,1.320914
66506,-3.658223,1.449729
66507,-3.623490,1.246980
66508,-3.152379,1.955573
66509,-3.074730,0.149460
66510,-1.420728,1.030303
66511,-2.015156,0.455573
66512,-0.578811,-0.162592
66513,-3.658223,1.449729
66514,-3.427775,0.988831
66515,-2.644197,-0.445042
66516,-2.311457,-0.722521
66517,-2.149460,1.074730
66518,-1.261910,1.320914
66519,-2.635719,0.400969
66520,-2.873202,0.400969
66521,-2.096023,2.000000
66522,-1.977662,0.988831
66523,-3.826239,1.652478
66524,-2.119812,-0.109562
66525,-3.158125,1.579063
66526,-3.326140,1.781812
66527,-2.899457,1.449729
66528,-2.106074,-0.658322
66529,-3.158125,1.579063
66530,-2.711958,1.074730
66531,-2.430339,0.123490
66532,-3.652478,1.826239
66533,-2.859464,-0.147791
66534,-2.873202,0.400969
66535,-2.810768,0.142820
66536,-3.427775,0.988831
66537,-2.430339,0.123490
66538,-1.731730,-0.277479
66539,-1.690819,-1.488831
66540,-1.652210,-0.658322
66541,-3.658223,1.449729
66542,-0.408062,-0.162592
66543,-2.336959,1.449729
66544,-3.088468,0.698220
66545,-3.281713,1.826239
66546,-2.235810,0.730682
66547,-3.484462,1.623490
66548,-1.643120,1.191580
66549,-2.015156,0.455573
66550,-3.563623,1.781812
66551,-2.670453,0.603718
66552,-2.100697,-0.147791
66553,-3.911146,1.955573
66554,-2.038874,-1.400969
66555,-2.872277,1.781812
66556,-3.088468,0.698220
66557,-3.065499,1.781812
66558,-3.490208,1.246980
66559,-3.167133,0.988831
66560,0.080769,0.326239
66561,-0.350619,-0.277479
66562,-2.440004,0.142820
66563,-2.835050,1.320914
66564,-2.711958,1.074730
66565,-2.641828,1.320914
66566,-1.801938,0.900969
66567,-2.670453,0.603718
66568,-3.281713,1.826239
66569,-2.696708,1.652478
66570,-2.563163,1.030303
66571,-3.051264,1.365341
66572,-2.644197,-0.445042
66573,-3.065499,1.781812
66574,-3.088468,0.698220
66575,-3.095692,1.320914
66576,-2.410859,1.246980
66577,-3.462508,1.191580
66578,-3.563623,1.781812
66579,-2.259209,0.777479
66580,-3.246980,1.623490
66581,-3.462508,1.191580
66582,-2.635719,0.400969
66583,-3.911146,1.955573
66584,-2.870469,2.000000
66585,-2.011910,1.320914
66586,-1.406715,-0.277479
66587,-1.648630,-0.277479
66588,-2.343556,-0.658322
66589,-2.711958,1.074730
66590,-3.563623,1.781812
66591,-2.541119,0.733052
66592,-1.072099,0.777479
66593,0.640322,0.326239
66594,-1.858780,0.142820
66595,-3.563623,1.781812
66596,-2.826042,1.911146
66597,-0.087490,0.011169
66598,-3.246980,1.623490
66599,-3.484462,1.623490
66600,-3.123202,0.900969
66601,-3.563623,1.781812
66602,-3.955573,1.911146
66603,-1.507653,-1.721883
66604,-1.813332,-0.722521
66605,-1.773241,0.455573
66606,-2.810768,0.142820
66607,-2.885719,0.900969
66608,-1.771749,-1.801938
66609,-2.670453,0.603718
66610,-3.779838,1.826239
66611,-3.194833,1.652478
66612,-3.427775,0.988831
66613,-1.713557,-0.535628
66614,-3.911146,1.955573
66615,-3.658223,1.449729
66616,-2.837543,1.579063
66617,-0.652478,0.326239
66618,-1.928302,-1.488831
66619,-2.892753,0.440071
66620,-3.397582,1.449729
66621,-3.955573,1.911146
66622,-1.988459,-1.889800
66623,-1.849772,0.733052
66624,-3.153395,0.440071
66625,-3.911146,1.955573
66626,-2.316833,-1.233052
66627,-2.872277,1.781812
66628,-0.831764,-0.535628
66629,-1.185762,-1.977662
66630,-3.658223,1.449729
66631,-2.859464,-0.147791
66632,-1.855707,-1.634021
66633,-2.106074,-0.658322
66634,-1.977662,0.988831
66635,-2.383160,1.191580
66636,-3.826239,1.652478
66637,-2.872277,1.781812
66638,-2.654083,-0.425270
66639,-3.065499,1.781812
66640,-3.158125,1.579063
66641,-3.152379,1.955573
66642,-3.822291,1.911146
66643,-2.777479,-0.445042
66644,-2.810768,0.142820
66645,-0.709622,0.099031
66646,-2.343556,-0.658322
66647,-1.690819,-1.488831
66648,-1.652210,-0.658322
66649,-0.584824,-0.033258
66650,-3.051264,1.365341
66651,-2.440004,0.142820
66652,-3.427775,0.988831
66653,-3.281713,1.826239
66654,-1.384971,1.449729
66655,-2.669008,0.988831
66656,-2.005777,-1.721883
66657,-1.762918,-1.211352
66658,-0.117905,-0.134659
66659,-3.824265,1.781812
66660,-1.409351,-0.147791
66661,-2.641828,1.320914
66662,-3.652478,1.826239
66663,-2.826042,1.911146
66664,-2.096023,2.000000
66665,-3.158125,1.579063
66666,-2.874250,1.652478
66667,-2.337712,0.326239
66668,-2.374152,1.781812
66669,-3.161387,1.365341
66670,-3.478716,2.000000
66671,-2.383160,1.191580
66672,0.239354,-0.074730
66673,-3.065499,1.781812
66674,-3.824265,1.781812
66675,-1.977662,0.988831
66676,-3.153395,0.440071
66677,-2.717704,0.698220
66678,-3.153395,0.440071
66679,-1.773241,0.455573
66680,-1.314088,-0.074730
66681,-3.650504,1.955573
66682,-3.324167,1.911146
66683,-2.883745,1.030303
66684,-2.385621,1.030303
66685,-2.872277,1.781812
66686,-2.635719,0.400969
66687,-2.098256,0.455573
66688,-1.607199,0.123490
66689,-3.652478,1.826239
66690,-2.242359,1.781812
66691,-3.490208,1.246980
66692,-1.878417,-1.721883
66693,-1.933731,0.900969
66694,-1.088404,-0.914101
66695,-1.926590,-0.109562
66696,-3.304955,1.652478
66697,-3.304955,1.652478
66698,-2.294861,-0.367711
66699,-1.933731,0.900969
66700,-3.158125,1.579063
66701,1.923473,-0.147791
66702,-2.730682,1.365341
66703,-0.642527,-0.914101
66704,-3.650504,1.955573
66705,-2.964384,1.191580
66706,-3.779838,1.826239
66707,-1.121986,-0.722521
66708,-2.780575,0.603718
66709,-3.158125,1.579063
66710,-2.730682,1.365341
66711,-2.717704,0.698220
66712,-1.594507,0.222521
66713,-0.847680,1.246980
66714,0.262522,-0.425270
66715,-1.811776,-1.721883
66716,-3.563623,1.781812
66717,-3.427775,0.988831
66718,-3.051264,1.365341
66719,-2.466259,1.191580
66720,-3.152379,1.955573
66721,-3.232059,0.730682
66722,-3.692957,1.652478
66723,-2.598822,-0.147791
66724,-1.551938,0.400969
66725,-1.775215,0.326239
66726,-3.528889,1.579063
66727,-3.955573,1.911146
66728,-3.911146,1.955573
66729,-3.095692,1.320914
66730,-2.742943,1.911146
66731,-3.123202,0.900969
66732,-3.246980,1.623490
66733,-2.136480,0.698220
66734,-3.194833,1.652478
66735,-1.648630,-0.277479
66736,-2.116349,-1.634021
66737,-2.316833,-1.233052
66738,-3.088468,0.698220
66739,-3.955573,1.911146
66740,-3.194833,1.652478
66741,-3.065499,1.781812
66742,-2.540461,0.123490
66743,-3.692957,1.652478
66744,-1.244415,0.988831
66745,-3.123202,0.900969
66746,-3.528889,1.579063
66747,-1.933731,0.900969
66748,-3.167133,0.988831
66749,-2.793116,1.623490
66750,-2.837543,1.579063
66751,-3.658223,1.449729
66752,-2.518736,1.074730
66753,-3.911146,1.955573
66754,-3.779838,1.826239
66755,-3.051264,1.365341
66756,-3.326140,1.781812
66757,-3.650504,1.955573
66758,-1.917063,0.093187
66759,-2.056191,-1.233052
66760,-1.588247,1.365341
66761,-3.397582,1.449729
66762,-3.365341,0.730682
66763,-3.652478,1.826239
66764,-3.324167,1.911146
66765,-0.643478,-0.033258
66766,-1.624178,-1.488831
66767,-2.873202,0.400969
66768,-3.462508,1.191580
66769,-3.779838,1.826239
66770,-2.374152,1.781812
66771,-3.102206,1.246980
66772,-0.001669,-0.445042
66773,-1.762008,1.191580
66774,-3.563623,1.781812
66775,-3.650504,1.955573
66776,-2.144490,0.326239
66777,-3.397582,1.449729
66778,-2.826042,1.911146
66779,-3.484462,1.623490
66780,-3.824265,1.781812
66781,-2.700489,1.826239
66782,-3.365341,0.730682
66783,-2.669008,0.988831
66784,-3.161387,1.365341
66785,-3.152379,1.955573
66786,-2.810768,0.142820
66787,-2.430339,0.123490
66788,-3.324167,1.911146
66789,-2.343556,-0.658322
66790,-3.095692,1.320914
66791,-2.294861,-0.367711
66792,-2.349870,0.603718
66793,-0.368582,0.440071
66794,-2.700489,1.826239
66795,-2.060606,1.030303
66796,-3.152379,1.955573
66797,-3.484462,1.623490
66798,-3.824265,1.781812
66799,-3.656250,1.579063
66800,-3.335148,1.191580
66801,-2.347897,0.733052
66802,-3.658223,1.449729
66803,-3.397582,1.449729
66804,-2.493959,1.246980
66805,-3.563623,1.781812
66806,-3.335148,1.191580
66807,-3.822291,1.911146
66808,-2.168944,1.246980
66809,-1.731816,1.652478
66810,-2.780575,0.603718
66811,-3.563623,1.781812
66812,-2.261572,-0.955573
66813,-0.117905,-0.134659
66814,-2.844057,0.730682
66815,-2.383160,1.191580
66816,-2.844057,0.730682
66817,-3.304955,1.652478
66818,-3.656250,1.579063
66819,-3.478716,2.000000
66820,-3.427775,0.988831
66821,-3.822291,1.911146
66822,-2.874250,1.652478
66823,-1.731730,-0.277479
66824,-3.826239,1.652478
66825,-2.641828,1.320914
66826,-2.461033,1.955573
66827,-1.833963,0.093187
66828,-1.717542,-0.914101
66829,-2.119812,-0.109562
66830,-2.208111,1.449729
66831,-3.658223,1.449729
66832,-2.696708,1.652478
66833,-2.837543,1.579063
66834,-3.650504,1.955573
66835,-3.462508,1.191580
66836,-1.647948,-0.445042
66837,-0.434577,-0.109562
66838,-3.194833,1.652478
66839,-1.717542,-0.914101
66840,-3.623490,1.246980
66841,-2.038874,-1.400969
66842,-3.088468,0.698220
66843,-2.015156,0.455573
66844,-2.526723,-0.425270
66845,-2.316833,-1.233052
66846,-2.605388,-0.134659
66847,-3.528889,1.579063
66848,-1.906779,-0.535628
66849,-2.184738,-0.367711
66850,-2.872277,1.781812
66851,-2.015156,0.455573
66852,-2.431855,0.900969
66853,-0.496901,0.326239
66854,-1.745664,-1.466104
66855,-1.703282,0.440071
66856,-3.153395,0.440071
66857,-2.334986,1.579063
66858,-2.383160,1.191580
66859,-1.406715,-0.277479
66860,-3.822291,1.911146
66861,-2.461033,1.955573
66862,-2.859464,-0.147791
66863,-3.826239,1.652478
66864,-3.658223,1.449729
66865,-2.261572,-0.955573
66866,-2.883745,1.030303
66867,-2.780575,0.603718
66868,-3.911146,1.955573
66869,-3.652478,1.826239
66870,-3.656250,1.579063
66871,-2.941449,0.149460
66872,-1.248319,-1.466104
66873,-1.690819,-1.488831
66874,-3.065499,1.781812
66875,-2.780575,0.603718
66876,-3.658223,1.449729
66877,-2.056191,-1.233052
66878,-1.914041,-0.134659
66879,-3.563623,1.781812
66880,-1.960449,1.826239
66881,-2.144490,0.326239
66882,-3.528889,1.579063
66883,-3.658223,1.449729
66884,-3.333174,1.320914
66885,-3.563623,1.781812
66886,-1.574735,-0.425270
66887,-2.870469,2.000000
66888,-3.563623,1.781812
66889,-3.102206,1.246980
66890,-1.977662,0.988831
66891,-3.462508,1.191580
66892,-3.911146,1.955573
66893,-3.692957,1.652478
66894,-3.484462,1.623490
66895,-3.427775,0.988831
66896,-1.933731,0.900969
66897,-1.801938,0.900969
66898,-1.733246,0.500000
66899,-2.938128,0.142820
66900,-3.434289,1.911146
66901,-3.484462,1.623490
66902,-3.246980,1.623490
66903,-2.696708,1.652478
66904,-2.899457,1.449729
66905,-2.938128,0.142820
66906,-1.568917,-1.211352
66907,-2.696708,1.652478
66908,-3.326140,1.781812
66909,-3.232059,0.730682
66910,-1.303596,-1.488831
66911,-0.131104,1.365341
66912,-3.095692,1.320914
66913,-3.490208,1.246980
66914,-3.652478,1.826239
66915,-2.711958,1.074730
66916,-1.396440,0.698220
66917,-0.916907,-0.365341
66918,-3.911146,1.955573
66919,-3.911146,1.955573
66920,-3.326140,1.781812
66921,-2.883745,1.030303
66922,-1.731816,1.652478
66923,-1.127350,1.826239
66924,-2.272552,1.320914
66925,-1.601453,0.500000
66926,-3.822291,1.911146
66927,-3.427775,0.988831
66928,-1.864156,-0.367711
66929,-2.780575,0.603718
66930,-2.730682,1.365341
66931,-3.563623,1.781812
66932,-0.880142,0.440071
66933,-1.731816,1.652478
66934,-2.383160,1.191580
66935,-2.899457,1.449729
66936,-0.801039,-1.488831
66937,-3.822291,1.911146
66938,-2.553446,0.149460
66939,-3.866718,2.000000
66940,-2.793116,1.623490
66941,-3.088468,0.698220
66942,-3.484462,1.623490
66943,-3.911146,1.955573
66944,-2.563163,1.030303
66945,-2.885719,0.900969
66946,-1.244415,0.988831
66947,-0.417598,-0.367711
66948,-1.524320,-0.914101
66949,-3.335148,1.191580
66950,-3.397582,1.449729
66951,-2.899457,1.449729
66952,-3.326140,1.781812
66953,-3.911146,1.955573
66954,-2.635719,0.400969
66955,-3.304955,1.652478
66956,-3.123202,0.900969
66957,-2.383160,1.191580
66958,-3.650504,1.955573
66959,-3.326140,1.781812
66960,-3.158125,1.579063
66961,-2.060606,1.030303
66962,-2.038874,-1.400969
66963,-1.229693,-1.889800
66964,-2.540461,0.123490
66965,-1.845869,0.988831
66966,-2.899457,1.449729
66967,-3.694931,1.911146
66968,-3.692957,1.652478
66969,-3.866718,2.000000
66970,-2.302521,1.030303
66971,-3.658223,1.449729
66972,-1.727818,-1.889800
66973,-1.300576,-0.365341
66974,-2.259209,0.777479
66975,-2.336959,1.449729
66976,-1.960449,1.826239
66977,-3.692957,1.652478
66978,-3.563623,1.781812
66979,-3.650504,1.955573
66980,-3.246980,1.623490
66981,-3.528889,1.579063
66982,-1.801938,0.900969
66983,-3.152379,1.955573
66984,-3.955573,1.911146
66985,-2.669008,0.988831
66986,-3.326140,1.781812
66987,-2.541119,0.733052
66988,-3.095692,1.320914
66989,-2.540461,0.123490
66990,-2.116349,-1.634021
66991,-1.988459,-1.889800
66992,-1.703282,0.440071
66993,-2.964384,1.191580
66994,-3.397582,1.449729
66995,-3.333174,1.320914
66996,-0.913353,-0.365341
66997,-1.647948,-0.445042
66998,-3.065499,1.781812
66999,-3.824265,1.781812
67000,-3.824265,1.781812
67001,-0.589531,0.730682
67002,-2.964384,1.191580
67003,-2.526723,-0.425270
67004,-3.779838,1.826239
67005,-2.228125,1.365341
67006,-1.977662,0.988831
67007,-1.824442,1.449729
67008,-3.326140,1.781812
67009,-3.650504,1.955573
67010,-3.397582,1.449729
67011,-2.141244,1.191580
67012,-3.065499,1.781812
67013,-1.690819,-1.488831
67014,-0.873667,-0.955573
67015,-2.349870,0.603718
67016,-0.828209,-0.535628
67017,-0.810020,1.191580
67018,-3.652478,1.826239
67019,-3.824265,1.781812
67020,-3.658223,1.449729
67021,-2.385621,1.030303
67022,-0.087490,0.011169
67023,-1.303596,-1.488831
67024,-2.109756,0.123490
67025,-2.343556,-0.658322
67026,-3.102206,1.246980
67027,-3.650504,1.955573
67028,-3.563623,1.781812
67029,-1.413198,1.623490
67030,-3.528889,1.579063
67031,-3.051264,1.365341
67032,-2.837543,1.579063
67033,-3.779838,1.826239
67034,-2.394628,0.440071
67035,-3.911146,1.955573
67036,-3.102206,1.246980
67037,-2.302521,1.030303
67038,-3.427775,0.988831
67039,-3.694931,1.911146
67040,-2.706235,1.449729
67041,-0.584824,-0.033258
67042,-1.574293,-1.721883
67043,-1.080402,-1.801938
67044,-3.102206,1.246980
67045,-3.123202,0.900969
67046,-3.194833,1.652478
67047,-3.326140,1.781812
67048,-2.337712,0.326239
67049,-2.553446,0.149460
67050,-3.692957,1.652478
67051,-1.558067,-1.233052
67052,-2.742943,1.911146
67053,-2.410859,1.246980
67054,-2.228125,1.365341
67055,-1.551938,0.400969
67056,-3.194833,1.652478
67057,-0.722906,-0.365341
67058,-2.119812,-0.109562
67059,-2.015156,0.455573
67060,-3.065499,1.781812
67061,-2.835050,1.320914
67062,-2.136480,0.698220
67063,-2.367905,-0.134659
67064,-1.349189,0.603718
67065,-2.540461,0.123490
67066,-1.349578,0.500000
67067,-3.563623,1.781812
67068,-0.179571,1.191580
67069,-2.670453,0.603718
67070,-1.944528,-1.977662
67071,-1.690819,-1.488831
67072,-3.650504,1.955573
67073,-3.484462,1.623490
67074,-3.658223,1.449729
67075,-3.658223,1.449729
67076,-3.397582,1.449729
67077,-0.065277,-0.033258
67078,-1.231001,-1.634021
67079,-3.779838,1.826239
67080,-2.563163,1.030303
67081,-1.116526,0.733052
67082,-3.246980,1.623490
67083,-3.281713,1.826239
67084,-2.235810,0.730682
67085,-2.837543,1.579063
67086,-1.323809,0.455573
67087,-1.154522,0.988831
67088,-1.154522,0.988831
67089,-1.003761,1.579063
67090,-3.779838,1.826239
67091,-3.427775,0.988831
67092,-2.964384,1.191580
67093,-3.462508,1.191580
67094,-2.576901,1.579063
67095,-2.466259,1.191580
67096,0.859756,-0.623490
67097,-3.955573,1.911146
67098,-2.837543,1.579063
67099,-3.152379,1.955573
67100,-3.194833,1.652478
67101,-1.412671,0.730682
67102,-2.011910,1.320914
67103,-2.316833,-1.233052
67104,-1.462714,0.222521
67105,-2.899457,1.449729
67106,-1.858780,0.142820
67107,-3.095692,1.320914
67108,-3.826239,1.652478
67109,-3.158125,1.579063
67110,-2.835050,1.320914
67111,-3.397582,1.449729
67112,-2.941449,0.149460
67113,-2.654083,-0.425270
67114,-3.563623,1.781812
67115,-3.304955,1.652478
67116,-3.335148,1.191580
67117,-3.246980,1.623490
67118,-3.658223,1.449729
67119,-2.872277,1.781812
67120,0.961131,-0.826239
67121,-1.914041,-0.134659
67122,-0.091484,0.149460
67123,-0.538346,-1.889800
67124,-0.544316,-0.722521
67125,-0.567329,-0.365341
67126,-1.648630,-0.277479
67127,-3.658223,1.449729
67128,-3.484462,1.623490
67129,-3.779838,1.826239
67130,-3.246980,1.623490
67131,-3.326140,1.781812
67132,-1.396440,0.698220
67133,-2.100697,-0.147791
67134,-1.005460,-0.955573
67135,-2.899457,1.449729
67136,-1.397882,0.603718
67137,-0.938334,-0.826239
67138,-2.670453,0.603718
67139,-2.837543,1.579063
67140,-2.136480,0.698220
67141,-3.824265,1.781812
67142,-1.977662,0.988831
67143,-3.623490,1.246980
67144,0.880198,-0.425270
67145,-1.960449,1.826239
67146,-2.885719,0.900969
67147,-3.153395,0.440071
67148,-3.694931,1.911146
67149,-2.899457,1.449729
67150,-3.434289,1.911146
67151,-3.167133,0.988831
67152,-3.563623,1.781812
67153,-1.849772,0.733052
67154,-3.528889,1.579063
67155,-2.163198,1.623490
67156,-2.938128,0.142820
67157,-3.102206,1.246980
67158,-3.955573,1.911146
67159,-3.650504,1.955573
67160,-2.576901,1.579063
67161,-1.551938,0.400969
67162,-0.779516,-0.535628
67163,-0.538346,-1.889800
67164,-3.365341,0.730682
67165,-2.144490,0.326239
67166,-3.158125,1.579063
67167,1.747334,1.911146
67168,-2.110972,-1.123490
67169,-3.051264,1.365341
67170,-1.003761,1.579063
67171,-3.528889,1.579063
67172,-3.866718,2.000000
67173,-2.184738,-0.367711
67174,-2.141244,1.191580
67175,-0.709394,0.440071
67176,-2.835050,1.320914
67177,-3.563623,1.781812
67178,-3.397582,1.449729
67179,-3.955573,1.911146
67180,-0.311666,0.326239
67181,-2.311457,-0.722521
67182,-2.349870,0.603718
67183,-1.423694,-1.889800
67184,-1.928302,-1.488831
67185,-1.419626,-1.123490
67186,-1.727818,-1.889800
67187,-0.864659,-0.365341
67188,-2.334986,1.579063
67189,-2.572099,-0.722521
67190,-0.873667,-0.955573
67191,-3.528889,1.579063
67192,-1.551938,0.400969
67193,-2.576901,1.579063
67194,-1.118740,0.142820
67195,-0.149926,-0.367711
67196,-2.272552,1.320914
67197,-1.044797,-0.109562
67198,-2.541119,0.733052
67199,-2.563163,1.030303
67200,-2.051596,1.911146
67201,-2.711958,1.074730
67202,-3.694931,1.911146
67203,-3.246980,1.623490
67204,-0.729953,0.093187
67205,-2.261572,-0.955573
67206,-0.202183,0.733052
67207,-2.431855,0.900969
67208,-3.911146,1.955573
67209,-2.696708,1.652478
67210,-3.824265,1.781812
67211,-3.911146,1.955573
67212,-3.153395,0.440071
67213,-2.835050,1.320914
67214,-3.462508,1.191580
67215,-2.181855,0.400969
67216,-3.911146,1.955573
67217,-3.955573,1.911146
67218,-3.152379,1.955573
67219,-2.431855,0.900969
67220,-2.670453,0.603718
67221,-3.484462,1.623490
67222,-3.528889,1.579063
67223,-2.374152,1.781812
67224,-2.885719,0.900969
67225,-2.540461,0.123490
67226,-3.528889,1.579063
67227,-1.551012,1.781812
67228,-3.694931,1.911146
67229,-2.837543,1.579063
67230,-0.764573,0.326239
67231,-3.088468,0.698220
67232,-3.911146,1.955573
67233,-0.349031,0.400969
67234,-1.280886,-1.400969
67235,0.171965,-0.623490
67236,-3.333174,1.320914
67237,-2.700489,1.826239
67238,-2.541119,0.733052
67239,-0.319126,-0.162592
67240,-2.334986,1.579063
67241,-2.060606,1.030303
67242,-0.784266,0.900969
67243,-3.161387,1.365341
67244,-2.641828,1.320914
67245,-3.652478,1.826239
67246,-3.484462,1.623490
67247,-3.427775,0.988831
67248,-3.650504,1.955573
67249,-3.490208,1.246980
67250,-3.822291,1.911146
67251,-2.163198,1.623490
67252,-2.711958,1.074730
67253,-3.152379,1.955573
67254,-3.326140,1.781812
67255,-3.484462,1.623490
67256,-1.955475,-0.826239
67257,-3.911146,1.955573
67258,-3.333174,1.320914
67259,-3.065499,1.781812
67260,-2.844057,0.730682
67261,-3.065499,1.781812
67262,-3.563623,1.781812
67263,-2.717704,0.698220
67264,-1.745664,-1.466104
67265,-1.988459,-1.889800
67266,-2.873202,0.400969
67267,-2.343556,-0.658322
67268,-2.641828,1.320914
67269,-1.713557,-0.535628
67270,-3.563623,1.781812
67271,-2.347897,0.733052
67272,-2.343556,-0.658322
67273,-3.397582,1.449729
67274,-3.326140,1.781812
67275,-3.326140,1.781812
67276,-3.123202,0.900969
67277,-2.144490,0.326239
67278,-3.153395,0.440071
67279,-2.149460,1.074730
67280,-1.116526,0.733052
67281,-3.335148,1.191580
67282,-0.911146,0.455573
67283,-1.922262,1.652478
67284,-3.824265,1.781812
67285,-1.703282,0.440071
67286,-1.000000,0.500000
67287,-3.563623,1.781812
67288,-2.844057,0.730682
67289,-3.911146,1.955573
67290,-0.710661,0.054604
67291,-2.149460,1.074730
67292,-3.324167,1.911146
67293,-2.883745,1.030303
67294,-3.397582,1.449729
67295,-3.911146,1.955573
67296,-3.911146,1.955573
67297,-3.397582,1.449729
67298,-3.824265,1.781812
67299,-2.810768,0.142820
67300,-3.563623,1.781812
67301,-3.824265,1.781812
67302,-3.333174,1.320914
67303,-3.656250,1.579063
67304,-3.095692,1.320914
67305,-2.885719,0.900969
67306,-3.095692,1.320914
67307,-1.836861,1.579063
67308,-2.874250,1.652478
67309,-3.911146,1.955573
67310,-3.822291,1.911146
67311,-3.490208,1.246980
67312,-2.641828,1.320914
67313,-3.652478,1.826239
67314,-3.563623,1.781812
67315,-0.828209,-0.535628
67316,-2.349870,0.603718
67317,-3.824265,1.781812
67318,-3.658223,1.449729
67319,-1.717979,0.733052
67320,-2.635719,0.400969
67321,-1.955475,-0.826239
67322,-3.658223,1.449729
67323,-3.656250,1.579063
67324,-3.822291,1.911146
67325,-3.822291,1.911146
67326,-1.668109,-1.400969
67327,-1.811776,-1.721883
67328,-3.326140,1.781812
67329,-3.955573,1.911146
67330,-2.181855,0.400969
67331,-2.563163,1.030303
67332,-1.593993,0.988831
67333,-2.133667,-1.466104
67334,-3.281713,1.826239
67335,-2.669008,0.988831
67336,-3.051264,1.365341
67337,-3.281713,1.826239
67338,-2.793116,1.623490
67339,-2.810768,0.142820
67340,-3.123202,0.900969
67341,-3.427775,0.988831
67342,-0.538346,-1.889800
67343,-1.934194,0.777479
67344,-0.578811,-0.162592
67345,-1.524320,-0.914101
67346,-0.689843,0.400969
67347,-3.324167,1.911146
67348,-1.836861,1.579063
67349,-2.810768,0.142820
67350,-2.208111,1.449729
67351,-3.822291,1.911146
67352,-1.461364,0.730682
67353,-3.397582,1.449729
67354,-3.326140,1.781812
67355,-3.397582,1.449729
67356,-1.309583,-0.955573
67357,0.185991,-0.147791
67358,-3.304955,1.652478
67359,-2.635719,0.400969
67360,-1.858780,0.142820
67361,-1.713557,-0.535628
67362,-3.158125,1.579063
67363,-3.826239,1.652478
67364,-3.656250,1.579063
67365,-3.167133,0.988831
67366,-1.945199,0.149460
67367,-2.826042,1.911146
67368,-3.652478,1.826239
67369,-0.710661,0.054604
67370,-2.873202,0.400969
67371,-2.669008,0.988831
67372,-2.163198,1.623490
67373,-3.434289,1.911146
67374,-3.434289,1.911146
67375,-1.914041,-0.134659
67376,-2.793116,1.623490
67377,-2.259209,0.777479
67378,-2.466259,1.191580
67379,-3.694931,1.911146
67380,-2.576901,1.579063
67381,-3.434289,1.911146
67382,-3.232059,0.730682
67383,-3.088468,0.698220
67384,-0.434577,-0.109562
67385,-1.261910,1.320914
67386,-2.136480,0.698220
67387,-3.779838,1.826239
67388,-3.563623,1.781812
67389,-3.051264,1.365341
67390,-3.065499,1.781812
67391,-2.993868,1.030303
67392,-3.694931,1.911146
67393,-3.650504,1.955573
67394,-2.259209,0.777479
67395,-2.837543,1.579063
67396,-3.095692,1.320914
67397,-3.563623,1.781812
67398,-2.964384,1.191580
67399,-3.694931,1.911146
67400,-2.742943,1.911146
67401,-0.966034,-0.162592
67402,-0.494415,-1.977662
67403,-2.440004,0.142820
67404,-3.065499,1.781812
67405,-1.960449,1.826239
67406,-3.658223,1.449729
67407,-2.259209,0.777479
67408,-2.837543,1.579063
67409,-1.011473,1.652478
67410,-2.563163,1.030303
67411,-3.123202,0.900969
67412,-2.163198,1.623490
67413,-3.824265,1.781812
67414,-3.484462,1.623490
67415,-2.964384,1.191580
67416,-1.977662,0.988831
67417,-3.462508,1.191580
67418,-3.167133,0.988831
67419,-1.349578,0.500000
67420,-2.011910,1.320914
67421,-3.427775,0.988831
67422,-3.281713,1.826239
67423,-1.072099,0.777479
67424,-2.440004,0.142820
67425,-1.466104,0.733052
67426,-3.051264,1.365341
67427,-2.899457,1.449729
67428,-2.793116,1.623490
67429,-3.397582,1.449729
67430,-3.658223,1.449729
67431,-3.051264,1.365341
67432,-2.100697,-0.147791
67433,-3.692957,1.652478
67434,-2.899457,1.449729
67435,-1.412671,0.730682
67436,-2.872277,1.781812
67437,-3.281713,1.826239
67438,-3.074730,0.149460
67439,-3.779838,1.826239
67440,-3.955573,1.911146
67441,-2.899457,1.449729
67442,-3.102206,1.246980
67443,-3.650504,1.955573
67444,-2.540461,0.123490
67445,-0.147870,-0.074730
67446,-2.431855,0.900969
67447,-3.658223,1.449729
67448,-2.336959,1.449729
67449,-2.696708,1.652478
67450,-3.194833,1.652478
67451,-3.095692,1.320914
67452,-3.563623,1.781812
67453,-2.374152,1.781812
67454,-3.563623,1.781812
67455,-2.835050,1.320914
67456,-2.964384,1.191580
67457,-3.694931,1.911146
67458,-2.100697,-0.147791
67459,-2.742943,1.911146
67460,-1.349189,0.603718
67461,-1.978716,-1.000000
67462,-3.246980,1.623490
67463,-3.528889,1.579063
67464,-1.551938,0.400969
67465,-3.281713,1.826239
67466,-3.167133,0.988831
67467,-0.102430,-1.889800
67468,-3.326140,1.781812
67469,-3.158125,1.579063
67470,-2.181855,0.400969
67471,-3.563623,1.781812
67472,-3.826239,1.652478
67473,-2.060606,1.030303
67474,-2.885719,0.900969
67475,-3.484462,1.623490
67476,-3.911146,1.955573
67477,-3.822291,1.911146
67478,-2.374152,1.781812
67479,-3.333174,1.320914
67480,-3.167133,0.988831
67481,-3.563623,1.781812
67482,-2.541119,0.733052
67483,-1.727818,-1.889800
67484,-1.873490,-1.123490
67485,-3.304955,1.652478
67486,-3.304955,1.652478
67487,-3.246980,1.623490
67488,-2.272552,1.320914
67489,-3.095692,1.320914
67490,-1.944528,-1.977662
67491,-1.120429,-1.721883
67492,-1.588247,1.365341
67493,-3.563623,1.781812
67494,-2.383160,1.191580
67495,-1.955475,-0.826239
67496,-1.554958,0.777479
67497,-1.275116,0.455573
67498,-3.397582,1.449729
67499,-2.641828,1.320914
67500,-3.490208,1.246980
67501,-2.883745,1.030303
67502,-3.365341,0.730682
67503,-3.427775,0.988831
67504,-2.883745,1.030303
67505,-3.490208,1.246980
67506,-3.326140,1.781812
67507,-3.427775,0.988831
67508,-0.472729,-0.033258
67509,-2.859464,-0.147791
67510,-3.822291,1.911146
67511,-3.215828,0.698220
67512,-3.824265,1.781812
67513,-0.121146,-0.425270
67514,-2.696708,1.652478
67515,-2.892753,0.440071
67516,-3.326140,1.781812
67517,-2.872277,1.781812
67518,-3.074730,0.149460
67519,-3.779838,1.826239
67520,-1.133363,0.455573
67521,-2.837543,1.579063
67522,-2.051596,1.911146
67523,-2.635719,0.400969
67524,-2.141244,1.191580
67525,-3.692957,1.652478
67526,-1.789708,1.246980
67527,-1.261910,1.320914
67528,-3.194833,1.652478
67529,-3.153395,0.440071
67530,-3.911146,1.955573
67531,-2.641828,1.320914
67532,-3.462508,1.191580
67533,-2.440004,0.142820
67534,-2.410859,1.246980
67535,-2.461033,1.955573
67536,-0.729953,0.093187
67537,-3.051264,1.365341
67538,-0.642527,-0.914101
67539,-2.837543,1.579063
67540,-2.696708,1.652478
67541,-2.155959,-0.425270
67542,-1.551012,1.781812
67543,-3.658223,1.449729
67544,-3.158125,1.579063
67545,-1.551938,0.400969
67546,-3.215828,0.698220
67547,-1.988459,-1.889800
67548,-1.474108,-1.400969
67549,-3.268248,1.579063
67550,-0.186388,-1.721883
67551,-2.899457,1.449729
67552,-3.528889,1.579063
67553,-2.835050,1.320914
67554,-2.872277,1.781812
67555,-3.650504,1.955573
67556,-3.650504,1.955573
67557,-3.911146,1.955573
67558,-3.824265,1.781812
67559,-3.051264,1.365341
67560,-0.272729,0.988831
67561,-1.934194,0.777479
67562,-2.149460,1.074730
67563,-3.194833,1.652478
67564,-3.528889,1.579063
67565,-3.326140,1.781812
67566,-3.692957,1.652478
67567,-3.658223,1.449729
67568,-2.777479,-0.445042
67569,-3.123202,0.900969
67570,-3.563623,1.781812
67571,-1.551012,1.781812
67572,-3.324167,1.911146
67573,-3.822291,1.911146
67574,-3.822291,1.911146
67575,-3.335148,1.191580
67576,-3.324167,1.911146
67577,-2.383160,1.191580
67578,-2.859464,-0.147791
67579,-3.652478,1.826239
67580,-2.430339,0.123490
67581,-3.167133,0.988831
67582,-3.652478,1.826239
67583,-2.572099,-0.722521
67584,-2.349870,0.603718
67585,-1.370469,-1.000000
67586,-2.261572,-0.955573
67587,-1.375695,-1.211352
67588,-0.712635,-0.074730
67589,-3.822291,1.911146
67590,-3.158125,1.579063
67591,-3.650504,1.955573
67592,-3.246980,1.623490
67593,-0.789708,-1.123490
67594,-1.475625,-0.623490
67595,-2.184738,-0.367711
67596,-1.551012,1.781812
67597,-3.462508,1.191580
67598,-3.623490,1.246980
67599,-1.926590,-0.109562
67600,-1.624178,-1.488831
67601,-2.337712,0.326239
67602,-2.526723,-0.425270
67603,-2.261572,-0.955573
67604,-2.572099,-0.722521
67605,-3.652478,1.826239
67606,-3.658223,1.449729
67607,-1.262697,0.326239
67608,-2.598822,-0.147791
67609,-3.333174,1.320914
67610,-0.260824,0.093187
67611,-1.833963,0.093187
67612,-2.431855,0.900969
67613,-3.650504,1.955573
67614,-2.872277,1.781812
67615,-1.050429,1.652478
67616,-2.670453,0.603718
67617,-2.051596,1.911146
67618,-2.859464,-0.147791
67619,-3.692957,1.652478
67620,-3.528889,1.579063
67621,-3.692957,1.652478
67622,-3.153395,0.440071
67623,-3.095692,1.320914
67624,-2.576901,1.579063
67625,-2.563163,1.030303
67626,-3.623490,1.246980
67627,-1.914041,-0.134659
67628,-2.872277,1.781812
67629,-3.462508,1.191580
67630,-3.268248,1.579063
67631,-2.431855,0.900969
67632,-1.558725,-0.623490
67633,-3.123202,0.900969
67634,-3.650504,1.955573
67635,-2.837543,1.579063
67636,-2.899457,1.449729
67637,-3.866718,2.000000
67638,-3.065499,1.781812
67639,-1.011473,1.652478
67640,-2.149460,1.074730
67641,-2.541119,0.733052
67642,-3.658223,1.449729
67643,-2.885719,0.900969
67644,-3.232059,0.730682
67645,-3.692957,1.652478
67646,-3.051264,1.365341
67647,-3.095692,1.320914
67648,-3.911146,1.955573
67649,-2.899457,1.449729
67650,-3.866718,2.000000
67651,-0.567329,-0.365341
67652,-2.144490,0.326239
67653,-3.866718,2.000000
67654,-3.326140,1.781812
67655,-3.779838,1.826239
67656,-3.051264,1.365341
67657,-2.870469,2.000000
67658,-3.326140,1.781812
67659,-3.152379,1.955573
67660,-2.374152,1.781812
67661,-3.563623,1.781812
67662,-2.563163,1.030303
67663,-3.650504,1.955573
67664,-3.152379,1.955573
67665,-2.311457,-0.722521
67666,-2.242359,1.781812
67667,-3.152379,1.955573
67668,-3.528889,1.579063
67669,-1.845869,0.988831
67670,-2.872277,1.781812
67671,-2.870469,2.000000
67672,-3.397582,1.449729
67673,-3.911146,1.955573
67674,-3.658223,1.449729
67675,-3.434289,1.911146
67676,-3.694931,1.911146
67677,-2.466259,1.191580
67678,-2.837543,1.579063
67679,-3.167133,0.988831
67680,-2.011910,1.320914
67681,-2.541119,0.733052
67682,-3.102206,1.246980
67683,-3.232059,0.730682
67684,-0.779516,-0.535628
67685,-1.906779,-0.535628
67686,-2.242359,1.781812
67687,-2.493959,1.246980
67688,-3.490208,1.246980
67689,-3.826239,1.652478
67690,-3.652478,1.826239
67691,-2.518736,1.074730
67692,-3.335148,1.191580
67693,-3.650504,1.955573
67694,-3.153395,0.440071
67695,-1.845869,0.988831
67696,-2.810768,0.142820
67697,-3.397582,1.449729
67698,-3.324167,1.911146
67699,-2.777479,-0.445042
67700,-3.911146,1.955573
67701,-2.347897,0.733052
67702,-3.822291,1.911146
67703,-3.650504,1.955573
67704,-3.161387,1.365341
67705,-3.650504,1.955573
67706,-3.563623,1.781812
67707,-3.158125,1.579063
67708,-1.836861,1.579063
67709,-2.883745,1.030303
67710,-3.335148,1.191580
67711,-2.717704,0.698220
67712,-2.793116,1.623490
67713,-2.155959,-0.425270
67714,-1.051938,0.900969
67715,-1.906779,-0.535628
67716,-2.777479,-0.445042
67717,-3.095692,1.320914
67718,-3.652478,1.826239
67719,-3.911146,1.955573
67720,-1.801938,0.900969
67721,-2.899457,1.449729
67722,-2.669008,0.988831
67723,-3.652478,1.826239
67724,-3.656250,1.579063
67725,-3.911146,1.955573
67726,-1.593993,0.988831
67727,-3.427775,0.988831
67728,-3.326140,1.781812
67729,-3.335148,1.191580
67730,-3.822291,1.911146
67731,-3.652478,1.826239
67732,-3.822291,1.911146
67733,-2.349870,0.603718
67734,-3.650504,1.955573
67735,-2.208111,1.449729
67736,-3.167133,0.988831
67737,-1.731730,-0.277479
67738,-0.834695,-0.425270
67739,-3.335148,1.191580
67740,-1.300576,-0.365341
67741,-3.824265,1.781812
67742,-2.572099,-0.722521
67743,-0.043581,-1.233052
67744,-1.813332,-0.722521
67745,-3.658223,1.449729
67746,-2.777479,-0.445042
67747,-2.366718,-1.000000
67748,-1.574293,-1.721883
67749,-1.303596,-1.488831
67750,-2.440004,0.142820
67751,-2.149460,1.074730
67752,-3.232059,0.730682
67753,-1.574735,-0.425270
67754,-2.837543,1.579063
67755,-2.641828,1.320914
67756,-3.563623,1.781812
67757,-3.911146,1.955573
67758,-2.431855,0.900969
67759,-3.866718,2.000000
67760,-3.268248,1.579063
67761,-3.528889,1.579063
67762,-2.235810,0.730682
67763,-3.326140,1.781812
67764,-3.051264,1.365341
67765,-3.232059,0.730682
67766,-1.420728,1.030303
67767,-1.914041,-0.134659
67768,-3.692957,1.652478
67769,-3.528889,1.579063
67770,-2.964384,1.191580
67771,-3.167133,0.988831
67772,-3.268248,1.579063
67773,-1.811776,-1.721883
67774,-3.088468,0.698220
67775,-1.180804,0.266948
67776,-2.563163,1.030303
67777,-3.866718,2.000000
67778,-2.141244,1.191580
67779,-2.133667,-1.466104
67780,-3.065499,1.781812
67781,-2.099031,-1.801938
67782,-3.650504,1.955573
67783,-3.088468,0.698220
67784,-2.696708,1.652478
67785,-3.824265,1.781812
67786,-3.824265,1.781812
67787,-3.088468,0.698220
67788,-3.232059,0.730682
67789,-3.911146,1.955573
67790,-3.563623,1.781812
67791,-3.051264,1.365341
67792,-2.336959,1.449729
67793,-3.484462,1.623490
67794,-1.824442,1.449729
67795,-0.913353,-0.365341
67796,0.554958,-0.277479
67797,-2.518736,1.074730
67798,-2.641828,1.320914
67799,-3.822291,1.911146
67800,-2.899457,1.449729
67801,-2.366718,-1.000000
67802,-3.304955,1.652478
67803,-2.874250,1.652478
67804,-2.941449,0.149460
67805,-0.700386,1.030303
67806,-3.065499,1.781812
67807,-2.885719,0.900969
67808,-1.370469,-1.000000
67809,-0.298846,-0.722521
67810,-3.194833,1.652478
67811,-0.867905,1.365341
67812,-1.574293,-1.721883
67813,-2.261572,-0.955573
67814,-1.873490,-1.123490
67815,-3.490208,1.246980
67816,-2.383160,1.191580
67817,-2.872277,1.781812
67818,-1.314088,-0.074730
67819,-2.883745,1.030303
67820,-2.383160,1.191580
67821,-2.155959,-0.425270
67822,-3.656250,1.579063
67823,-3.123202,0.900969
67824,-3.365341,0.730682
67825,-2.098256,0.455573
67826,-3.304955,1.652478
67827,-2.730682,1.365341
67828,-0.969501,-1.801938
67829,-0.911146,0.455573
67830,-3.333174,1.320914
67831,-3.484462,1.623490
67832,-3.484462,1.623490
67833,-3.158125,1.579063
67834,-3.826239,1.652478
67835,-2.717704,0.698220
67836,-3.652478,1.826239
67837,-3.324167,1.911146
67838,-3.215828,0.698220
67839,-3.824265,1.781812
67840,-3.824265,1.781812
67841,-3.822291,1.911146
67842,-4.000000,2.000000
67843,-3.158125,1.579063
67844,-3.826239,1.652478
67845,-3.911146,1.955573
67846,-3.158125,1.579063
67847,-3.822291,1.911146
67848,-0.131104,1.365341
67849,-0.602063,-0.162592
67850,-3.623490,1.246980
67851,-3.528889,1.579063
67852,-0.496114,1.320914
67853,-1.445881,-0.074730
67854,-2.302521,1.030303
67855,-3.088468,0.698220
67856,-2.576901,1.579063
67857,-1.412671,0.730682
67858,-3.088468,0.698220
67859,-2.119812,-0.109562
67860,-2.431855,0.900969
67861,-3.911146,1.955573
67862,-0.801938,0.400969
67863,-2.493959,1.246980
67864,-2.261572,-0.955573
67865,-1.474108,-1.400969
67866,-2.461033,1.955573
67867,-2.641828,1.320914
67868,-1.594507,0.222521
67869,-3.692957,1.652478
67870,-2.051596,1.911146
67871,-3.462508,1.191580
67872,-3.484462,1.623490
67873,-2.837543,1.579063
67874,-3.484462,1.623490
67875,-1.314088,-0.074730
67876,-2.644197,-0.445042
67877,-3.167133,0.988831
67878,-3.095692,1.320914
67879,-3.822291,1.911146
67880,-3.065499,1.781812
67881,-3.335148,1.191580
67882,-1.977662,0.988831
67883,-3.304955,1.652478
67884,-2.885719,0.900969
67885,-2.176109,0.777479
67886,-3.484462,1.623490
67887,1.156571,1.320914
67888,-3.158125,1.579063
67889,-1.965750,-1.801938
67890,-3.326140,1.781812
67891,-3.123202,0.900969
67892,-2.100697,-0.147791
67893,-2.777479,-0.445042
67894,-1.127350,1.826239
67895,-3.911146,1.955573
67896,-3.652478,1.826239
67897,-3.158125,1.579063
67898,-2.163198,1.623490
67899,-3.484462,1.623490
67900,-3.652478,1.826239
67901,-3.304955,1.652478
67902,-2.941449,0.149460
67903,-1.775215,0.326239
67904,-3.427775,0.988831
67905,-3.656250,1.579063
67906,-3.167133,0.988831
67907,-2.872277,1.781812
67908,-3.158125,1.579063
67909,-3.065499,1.781812
67910,-3.824265,1.781812
67911,-2.844057,0.730682
67912,-0.861260,0.222521
67913,-2.176109,0.777479
67914,-2.885719,0.900969
67915,-2.349870,0.603718
67916,-3.246980,1.623490
67917,-2.892753,0.440071
67918,-2.394628,0.440071
67919,-3.397582,1.449729
67920,2.233714,0.698220
67921,-1.262697,0.326239
67922,-3.955573,1.911146
67923,-3.051264,1.365341
67924,-2.228125,1.365341
67925,-3.563623,1.781812
67926,-3.563623,1.781812
67927,-2.670453,0.603718
67928,-1.637893,1.955573
67929,-0.039162,-0.722521
67930,0.188432,0.455573
67931,-3.658223,1.449729
67932,-3.335148,1.191580
67933,-1.074632,0.054604
67934,-2.394628,0.440071
67935,-1.170844,-1.233052
67936,-2.572099,-0.722521
67937,-1.349578,0.500000
67938,-2.835050,1.320914
67939,-1.811776,-1.721883
67940,-2.347897,0.733052
67941,-0.939778,-1.211352
67942,-1.762918,-1.211352
67943,-2.598822,-0.147791
67944,-3.650504,1.955573
67945,0.638740,-0.445042
67946,-3.194833,1.652478
67947,-1.801938,0.900969
67948,-3.051264,1.365341
67949,-1.801938,0.900969
67950,-2.110972,-1.123490
67951,-2.964384,1.191580
67952,-3.427775,0.988831
67953,-3.167133,0.988831
67954,-3.333174,1.320914
67955,-3.911146,1.955573
67956,-2.347897,0.733052
67957,-2.440004,0.142820
67958,-2.641828,1.320914
67959,-3.528889,1.579063
67960,-2.440004,0.142820
67961,-1.988459,-1.889800
67962,-0.831764,-0.535628
67963,-3.779838,1.826239
67964,-0.237965,1.579063
67965,-2.837543,1.579063
67966,-3.102206,1.246980
67967,-3.824265,1.781812
67968,-3.911146,1.955573
67969,-2.015156,0.455573
67970,-2.541119,0.733052
67971,-2.440004,0.142820
67972,-1.568917,-1.211352
67973,-1.855707,-1.634021
67974,-1.652210,-0.658322
67975,-3.333174,1.320914
67976,-2.826042,1.911146
67977,-1.811776,-1.721883
67978,-3.158125,1.579063
67979,-3.158125,1.579063
67980,-0.500689,-0.365341
67981,-2.430339,0.123490
67982,-2.349870,0.603718
67983,-3.563623,1.781812
67984,-3.427775,0.988831
67985,-2.899457,1.449729
67986,-1.731816,1.652478
67987,-2.883745,1.030303
67988,-2.883745,1.030303
67989,-3.167133,0.988831
67990,-3.824265,1.781812
67991,-3.153395,0.440071
67992,-3.658223,1.449729
67993,-3.650504,1.955573
67994,-1.801938,0.900969
67995,-3.478716,2.000000
67996,-3.658223,1.449729
67997,-2.598822,-0.147791
67998,-1.955475,-0.826239
67999,-3.326140,1.781812
68000,-3.563623,1.781812
68001,-3.563623,1.781812
68002,-1.022292,-0.658322
68003,-1.955475,-0.826239
68004,-2.385621,1.030303
68005,-3.911146,1.955573
68006,-3.656250,1.579063
68007,-2.826042,1.911146
68008,-3.824265,1.781812
68009,-3.427775,0.988831
68010,-1.314088,-0.074730
68011,-3.333174,1.320914
68012,-3.123202,0.900969
68013,-3.911146,1.955573
68014,-2.383160,1.191580
68015,-1.926590,-0.109562
68016,-3.333174,1.320914
68017,-1.051938,0.900969
68018,-3.911146,1.955573
68019,-3.335148,1.191580
68020,-1.270918,0.730682
68021,0.775361,1.191580
68022,-2.208111,1.449729
68023,-3.232059,0.730682
68024,-3.563623,1.781812
68025,-3.268248,1.579063
68026,-3.911146,1.955573
68027,-2.964384,1.191580
68028,-3.326140,1.781812
68029,-2.144490,0.326239
68030,-2.835050,1.320914
68031,-3.088468,0.698220
68032,-3.281713,1.826239
68033,-3.434289,1.911146
68034,-3.563623,1.781812
68035,-3.102206,1.246980
68036,-3.123202,0.900969
68037,-3.152379,1.955573
68038,-3.397582,1.449729
68039,-3.824265,1.781812
68040,-3.563623,1.781812
68041,-3.658223,1.449729
68042,-1.801938,0.900969
68043,-0.669220,1.781812
68044,-2.993868,1.030303
68045,-2.899457,1.449729
68046,-3.484462,1.623490
68047,-3.650504,1.955573
68048,-2.899457,1.449729
68049,-1.568917,-1.211352
68050,0.238239,-0.147791
68051,-2.730682,1.365341
68052,-3.822291,1.911146
68053,-2.941449,0.149460
68054,-2.336959,1.449729
68055,-1.864156,-0.367711
68056,-2.899457,1.449729
68057,-1.262697,0.326239
68058,0.269318,-0.134659
68059,0.544427,1.911146
68060,-2.294861,-0.367711
68061,-0.851453,-1.000000
68062,-1.229693,-1.889800
68063,-0.305503,-0.367711
68064,-3.167133,0.988831
68065,-0.810020,1.191580
68066,-1.279149,1.191580
68067,-1.180804,0.266948
68068,-3.102206,1.246980
68069,-3.088468,0.698220
68070,-3.333174,1.320914
68071,-3.326140,1.781812
68072,-3.694931,1.911146
68073,-3.088468,0.698220
68074,0.219124,-0.109562
68075,-0.828197,0.988831
68076,-1.005460,-0.955573
68077,-2.334986,1.579063
68078,-2.941449,0.149460
68079,-2.730682,1.365341
68080,-3.304955,1.652478
68081,-2.899457,1.449729
68082,-2.430339,0.123490
68083,-3.650504,1.955573
68084,-2.635719,0.400969
68085,-3.158125,1.579063
68086,-0.916907,-0.365341
68087,-2.430339,0.123490
68088,-2.711958,1.074730
68089,-2.272552,1.320914
68090,-1.607199,0.123490
68091,-0.538346,-1.889800
68092,-3.335148,1.191580
68093,-1.442336,-1.211352
68094,-1.607199,0.123490
68095,1.128098,0.222521
68096,-1.171501,-0.623490
68097,-2.892753,0.440071
68098,-2.598822,-0.147791
68099,0.001504,0.400969
68100,-2.670453,0.603718
68101,-3.152379,1.955573
68102,-0.217752,-0.365341
68103,-0.538346,-1.889800
68104,-0.621791,-0.955573
68105,-0.197601,-0.033258
68106,-3.866718,2.000000
68107,-2.872277,1.781812
68108,-3.427775,0.988831
68109,-3.281713,1.826239
68110,-3.397582,1.449729
68111,-3.152379,1.955573
68112,1.407007,1.652478
68113,-1.349189,0.603718
68114,-3.194833,1.652478
68115,-3.866718,2.000000
68116,-3.462508,1.191580
68117,-3.650504,1.955573
68118,-3.528889,1.579063
68119,-3.694931,1.911146
68120,-3.123202,0.900969
68121,-3.528889,1.579063
68122,-3.051264,1.365341
68123,-2.242359,1.781812
68124,-3.779838,1.826239
68125,-3.911146,1.955573
68126,-0.967322,0.123490
68127,-3.528889,1.579063
68128,-3.281713,1.826239
68129,-2.316833,-1.233052
68130,-2.235810,0.730682
68131,-2.541119,0.733052
68132,-1.074632,0.054604
68133,-3.326140,1.781812
68134,-3.335148,1.191580
68135,-3.822291,1.911146
68136,-2.176109,0.777479
68137,-1.275116,0.455573
68138,-0.689843,0.400969
68139,-2.883745,1.030303
68140,-3.161387,1.365341
68141,-2.100697,-0.147791
68142,-2.334986,1.579063
68143,-3.490208,1.246980
68144,-3.215828,0.698220
68145,-1.445881,-0.074730
68146,-2.119812,-0.109562
68147,-3.158125,1.579063
68148,-1.955475,-0.826239
68149,-2.572099,-0.722521
68150,-1.928302,-1.488831
68151,-2.541119,0.733052
68152,-2.060606,1.030303
68153,-2.899457,1.449729
68154,-3.335148,1.191580
68155,-1.855707,-1.634021
68156,-0.427724,0.054604
68157,-1.877888,-1.977662
68158,-3.333174,1.320914
68159,-2.235810,0.730682
68160,-3.563623,1.781812
68161,-2.899457,1.449729
68162,-2.837543,1.579063
68163,-2.669008,0.988831
68164,-1.155045,-0.914101
68165,-1.409351,-0.147791
68166,-2.873202,0.400969
68167,-2.056191,-1.233052
68168,-3.650504,1.955573
68169,-3.824265,1.781812
68170,-3.478716,2.000000
68171,-3.153395,0.440071
68172,-1.813332,-0.722521
68173,-2.098256,0.455573
68174,-2.874250,1.652478
68175,-2.176109,0.777479
68176,-3.333174,1.320914
68177,-3.158125,1.579063
68178,-3.658223,1.449729
68179,-2.826042,1.911146
68180,-4.000000,2.000000
68181,-3.911146,1.955573
68182,-3.652478,1.826239
68183,-1.261910,1.320914
68184,-2.883745,1.030303
68185,-2.793116,1.623490
68186,-2.168944,1.246980
68187,-2.859464,-0.147791
68188,-3.158125,1.579063
68189,-0.586211,-0.147791
68190,-2.859464,-0.147791
68191,-3.427775,0.988831
68192,-3.326140,1.781812
68193,-3.658223,1.449729
68194,-3.824265,1.781812
68195,-3.652478,1.826239
68196,-3.324167,1.911146
68197,-3.826239,1.652478
68198,-3.152379,1.955573
68199,-3.158125,1.579063
68200,-3.324167,1.911146
68201,-3.824265,1.781812
68202,-3.826239,1.652478
68203,-3.563623,1.781812
68204,-3.152379,1.955573
68205,-2.336959,1.449729
68206,-2.060606,1.030303
68207,-2.461033,1.955573
68208,-2.347897,0.733052
68209,-0.880142,0.440071
68210,-2.873202,0.400969
68211,-1.636943,1.074730
68212,-1.550062,0.900969
68213,-2.430339,0.123490
68214,-2.941449,0.149460
68215,-3.095692,1.320914
68216,-3.304955,1.652478
68217,-3.652478,1.826239
68218,-3.656250,1.579063
68219,-3.304955,1.652478
68220,-3.304955,1.652478
68221,-2.060606,1.030303
68222,-3.478716,2.000000
68223,-3.335148,1.191580
68224,-3.427775,0.988831
68225,-2.872277,1.781812
68226,-1.762008,1.191580
68227,-2.493959,1.246980
68228,-2.060606,1.030303
68229,-3.658223,1.449729
68230,-3.246980,1.623490
68231,-1.858780,0.142820
68232,-0.985218,0.603718
68233,-2.015156,0.455573
68234,-2.410859,1.246980
68235,-3.692957,1.652478
68236,-3.102206,1.246980
68237,-1.845869,0.988831
68238,-1.133363,0.455573
68239,-2.374152,1.781812
68240,-3.694931,1.911146
68241,-2.641828,1.320914
68242,-3.779838,1.826239
68243,-3.434289,1.911146
68244,-3.123202,0.900969
68245,-2.706235,1.449729
68246,-2.859464,-0.147791
68247,-3.866718,2.000000
68248,-1.003761,1.579063
68249,-3.563623,1.781812
68250,-2.859464,-0.147791
68251,-3.232059,0.730682
68252,-3.563623,1.781812
68253,-3.065499,1.781812
68254,-3.824265,1.781812
68255,-1.574735,-0.425270
68256,-2.136480,0.698220
68257,-2.641828,1.320914
68258,-1.224190,2.000000
68259,-3.866718,2.000000
68260,-3.326140,1.781812
68261,-3.333174,1.320914
68262,-2.109756,0.123490
68263,-1.760035,1.320914
68264,-3.281713,1.826239
68265,-2.367905,-0.134659
68266,-1.643120,1.191580
68267,-2.670453,0.603718
68268,-1.593993,0.988831
68269,-3.692957,1.652478
68270,-2.461033,1.955573
68271,-3.326140,1.781812
68272,-3.153395,0.440071
68273,-1.978716,-1.000000
68274,-1.847313,0.603718
68275,-2.133667,-1.466104
68276,-2.576901,1.579063
68277,-3.528889,1.579063
68278,-3.484462,1.623490
68279,-3.074730,0.149460
68280,-0.689843,0.400969
68281,-3.779838,1.826239
68282,-3.484462,1.623490
68283,-3.528889,1.579063
68284,-3.911146,1.955573
68285,-3.434289,1.911146
68286,-3.281713,1.826239
68287,-3.650504,1.955573
68288,-1.695108,1.579063
68289,-2.526723,-0.425270
68290,-3.911146,1.955573
68291,-2.388932,-0.955573
68292,-1.695108,1.579063
68293,-3.528889,1.579063
68294,-2.302521,1.030303
68295,-1.890808,-0.955573
68296,-3.397582,1.449729
68297,-3.095692,1.320914
68298,-3.462508,1.191580
68299,-3.692957,1.652478
68300,-2.899457,1.449729
68301,-1.634892,-0.826239
68302,-1.155045,-0.914101
68303,-1.445881,-0.074730
68304,-2.993868,1.030303
68305,-0.801938,0.400969
68306,-3.911146,1.955573
68307,-3.692957,1.652478
68308,-1.330319,-0.914101
68309,-1.873040,-1.211352
68310,-1.636943,1.074730
68311,-3.911146,1.955573
68312,-3.563623,1.781812
68313,-2.717704,0.698220
68314,-3.153395,0.440071
68315,-3.158125,1.579063
68316,-2.366718,-1.000000
68317,-3.824265,1.781812
68318,-2.872277,1.781812
68319,-1.762008,1.191580
68320,-2.383160,1.191580
68321,-2.385621,1.030303
68322,-3.095692,1.320914
68323,-3.152379,1.955573
68324,-2.899457,1.449729
68325,-2.874250,1.652478
68326,-2.859464,-0.147791
68327,-1.878417,-1.721883
68328,-3.333174,1.320914
68329,-3.656250,1.579063
68330,-2.859464,-0.147791
68331,-2.835050,1.320914
68332,-2.060606,1.030303
68333,-2.700489,1.826239
68334,-3.123202,0.900969
68335,-2.717704,0.698220
68336,-1.836861,1.579063
68337,-2.826042,1.911146
68338,-3.324167,1.911146
68339,-1.396440,0.698220
68340,-3.652478,1.826239
68341,-3.822291,1.911146
68342,-2.885719,0.900969
68343,-2.181855,0.400969
68344,-3.153395,0.440071
68345,-3.563623,1.781812
68346,-3.158125,1.579063
68347,-3.658223,1.449729
68348,-3.324167,1.911146
68349,-2.883745,1.030303
68350,-2.430339,0.123490
68351,-3.656250,1.579063
68352,-2.700489,1.826239
68353,-2.343556,-0.658322
68354,-3.656250,1.579063
68355,-3.826239,1.652478
68356,-2.641828,1.320914
68357,-3.153395,0.440071
68358,-3.365341,0.730682
68359,-3.324167,1.911146
68360,-1.713557,-0.535628
68361,-1.928302,-1.488831
68362,-2.366718,-1.000000
68363,-1.878417,-1.721883
68364,-1.794458,-1.889800
68365,-2.706235,1.449729
68366,-3.779838,1.826239
68367,-3.427775,0.988831
68368,-3.095692,1.320914
68369,-2.466259,1.191580
68370,-3.427775,0.988831
68371,-3.326140,1.781812
68372,-3.528889,1.579063
68373,-3.434289,1.911146
68374,-1.695108,1.579063
68375,-1.445133,0.698220
68376,-2.993868,1.030303
68377,-2.038874,-1.400969
68378,-2.526723,-0.425270
68379,-2.500000,-1.000000
68380,-2.144490,0.326239
68381,-1.032469,0.698220
68382,-1.551938,0.400969
68383,-3.490208,1.246980
68384,-3.215828,0.698220
68385,-0.688917,1.781812
68386,-2.635719,0.400969
68387,-0.305503,-0.367711
68388,-3.528889,1.579063
68389,-3.563623,1.781812
68390,-2.696708,1.652478
68391,-2.899457,1.449729
68392,-3.658223,1.449729
68393,-2.793116,1.623490
68394,-3.167133,0.988831
68395,-3.167133,0.988831
68396,-2.518736,1.074730
68397,-3.911146,1.955573
68398,-2.518736,1.074730
68399,-1.873490,-1.123490
68400,-3.065499,1.781812
68401,-3.123202,0.900969
68402,-2.294861,-0.367711
68403,-3.563623,1.781812
68404,-3.490208,1.246980
68405,-2.261572,-0.955573
68406,-1.154522,0.988831
68407,-1.275116,0.455573
68408,-1.551012,1.781812
68409,-3.326140,1.781812
68410,-3.824265,1.781812
68411,-3.822291,1.911146
68412,-2.106074,-0.658322
68413,-2.261572,-0.955573
68414,-1.933731,0.900969
68415,-3.911146,1.955573
68416,-3.656250,1.579063
68417,-3.215828,0.698220
68418,-2.730682,1.365341
68419,-1.945199,0.149460
68420,-3.652478,1.826239
68421,-2.181855,0.400969
68422,-3.158125,1.579063
68423,-2.872277,1.781812
68424,-1.813332,-0.722521
68425,-3.365341,0.730682
68426,-3.161387,1.365341
68427,-2.572099,-0.722521
68428,-2.349870,0.603718
68429,-2.155959,-0.425270
68430,-3.824265,1.781812
68431,-2.810768,0.142820
68432,-3.911146,1.955573
68433,-3.304955,1.652478
68434,-2.168944,1.246980
68435,-3.333174,1.320914
68436,-2.874250,1.652478
68437,-2.461033,1.955573
68438,-3.656250,1.579063
68439,-2.859464,-0.147791
68440,-3.335148,1.191580
68441,-3.656250,1.579063
68442,-3.658223,1.449729
68443,-2.717704,0.698220
68444,-3.563623,1.781812
68445,-3.158125,1.579063
68446,-2.116349,-1.634021
68447,-3.824265,1.781812
68448,-2.700489,1.826239
68449,-3.824265,1.781812
68450,-3.215828,0.698220
68451,-0.938334,-0.826239
68452,-2.366718,-1.000000
68453,-3.911146,1.955573
68454,-3.158125,1.579063
68455,-2.343556,-0.658322
68456,-0.252485,-0.162592
68457,0.339445,1.191580
68458,-1.601453,0.500000
68459,-1.551012,1.781812
68460,-2.706235,1.449729
68461,-2.700489,1.826239
68462,-0.700307,0.733052
68463,-3.095692,1.320914
68464,-3.652478,1.826239
68465,-2.461033,1.955573
68466,-3.304955,1.652478
68467,-3.427775,0.988831
68468,-2.383160,1.191580
68469,-0.650969,0.099031
68470,-3.161387,1.365341
68471,-3.656250,1.579063
68472,-1.462714,0.222521
68473,-2.598822,-0.147791
68474,-1.207436,0.603718
68475,-2.272552,1.320914
68476,-2.835050,1.320914
68477,-2.149460,1.074730
68478,-2.110972,-1.123490
68479,-1.231001,-1.634021
68480,-2.892753,0.440071
68481,-3.563623,1.781812
68482,-2.136480,0.698220
68483,-1.168783,-0.365341
68484,-3.281713,1.826239
68485,-3.528889,1.579063
68486,-2.872277,1.781812
68487,-0.823226,0.326239
68488,-2.859464,-0.147791
68489,-3.268248,1.579063
68490,-3.246980,1.623490
68491,-3.088468,0.698220
68492,-2.136480,0.698220
68493,-2.431855,0.900969
68494,-2.793116,1.623490
68495,-2.837543,1.579063
68496,-2.110972,-1.123490
68497,-2.859464,-0.147791
68498,-2.605388,-0.134659
68499,-2.730682,1.365341
68500,-3.158125,1.579063
68501,-3.246980,1.623490
68502,-3.652478,1.826239
68503,-1.775215,0.326239
68504,-2.493959,1.246980
68505,-3.324167,1.911146
68506,-1.466104,0.733052
68507,-3.326140,1.781812
68508,-1.926590,-0.109562
68509,-2.717704,0.698220
68510,-1.845869,0.988831
68511,-3.304955,1.652478
68512,-3.335148,1.191580
68513,-2.430339,0.123490
68514,-3.095692,1.320914
68515,-3.246980,1.623490
68516,-3.333174,1.320914
68517,-2.572099,-0.722521
68518,-3.335148,1.191580
68519,-3.650504,1.955573
68520,-0.528520,0.777479
68521,-1.070127,-0.826239
68522,-0.602063,-0.162592
68523,-1.118740,0.142820
68524,-3.095692,1.320914
68525,-3.694931,1.911146
68526,-1.592048,0.093187
68527,-1.225625,-1.123490
68528,-1.926590,-0.109562
68529,-2.005777,-1.721883
68530,-2.885719,0.900969
68531,-3.427775,0.988831
68532,-3.563623,1.781812
68533,-3.563623,1.781812
68534,-3.563623,1.781812
68535,-3.824265,1.781812
68536,-2.859464,-0.147791
68537,-3.658223,1.449729
68538,-3.281713,1.826239
68539,-3.095692,1.320914
68540,-2.316833,-1.233052
68541,-2.541119,0.733052
68542,-3.824265,1.781812
68543,-2.874250,1.652478
68544,0.142985,1.320914
68545,-3.824265,1.781812
68546,-3.650504,1.955573
68547,-2.242359,1.781812
68548,-2.098256,0.455573
68549,-0.102415,-0.074730
68550,-3.153395,0.440071
68551,-1.933731,0.900969
68552,-2.572099,-0.722521
68553,-1.534266,-1.801938
68554,-3.281713,1.826239
68555,-2.563163,1.030303
68556,-3.074730,0.149460
68557,-0.186374,0.093187
68558,0.986112,-0.365341
68559,-3.484462,1.623490
68560,-3.911146,1.955573
68561,-2.385621,1.030303
68562,-3.335148,1.191580
68563,-4.000000,2.000000
68564,-3.215828,0.698220
68565,-3.246980,1.623490
68566,-3.652478,1.826239
68567,-2.383160,1.191580
68568,-2.065597,-0.826239
68569,-3.528889,1.579063
68570,-3.434289,1.911146
68571,-3.397582,1.449729
68572,-2.015156,0.455573
68573,-0.336881,-0.826239
68574,-1.926590,-0.109562
68575,-3.822291,1.911146
68576,0.909272,-0.722521
68577,-2.383160,1.191580
68578,-3.824265,1.781812
68579,-3.652478,1.826239
68580,-1.445881,-0.074730
68581,-1.554958,0.777479
68582,-3.333174,1.320914
68583,-2.641828,1.320914
68584,-3.478716,2.000000
68585,-3.478716,2.000000
68586,-3.326140,1.781812
68587,-3.563623,1.781812
68588,-2.859464,-0.147791
68589,-3.065499,1.781812
68590,-3.158125,1.579063
68591,-2.826042,1.911146
68592,-1.864156,-0.367711
68593,-2.261572,-0.955573
68594,-2.717704,0.698220
68595,-0.503178,1.449729
68596,-0.771367,0.222521
68597,0.159941,0.123490
68598,-1.349189,0.603718
68599,-2.742943,1.911146
68600,-3.563623,1.781812
68601,-2.635719,0.400969
68602,-2.110972,-1.123490
68603,-1.039051,0.266948
68604,-2.844057,0.730682
68605,-3.490208,1.246980
68606,-3.650504,1.955573
68607,-1.154522,0.988831
68608,-1.207436,0.603718
68609,-2.430339,0.123490
68610,-2.541119,0.733052
68611,-2.119812,-0.109562
68612,-0.014576,-0.134659
68613,-3.246980,1.623490
68614,-3.822291,1.911146
68615,-3.161387,1.365341
68616,-0.186374,0.093187
68617,-3.652478,1.826239
68618,-2.166234,-1.400969
68619,-0.911611,-1.400969
68620,-2.964384,1.191580
68621,-3.528889,1.579063
68622,-3.434289,1.911146
68623,-2.259209,0.777479
68624,-2.133667,-1.466104
68625,-2.605388,-0.134659
68626,-3.088468,0.698220
68627,-3.528889,1.579063
68628,-3.650504,1.955573
68629,-1.771749,-1.801938
68630,-2.644197,-0.445042
68631,-3.911146,1.955573
68632,0.327026,1.320914
68633,-2.859464,-0.147791
68634,-2.883745,1.030303
68635,-3.215828,0.698220
68636,-2.669008,0.988831
68637,-2.883745,1.030303
68638,-2.367905,-0.134659
68639,-3.333174,1.320914
68640,-2.366718,-1.000000
68641,-2.730682,1.365341
68642,-2.116349,-1.634021
68643,-1.955475,-0.826239
68644,-2.598822,-0.147791
68645,-3.490208,1.246980
68646,-3.826239,1.652478
68647,-1.026723,1.074730
68648,-3.563623,1.781812
68649,-3.304955,1.652478
68650,-3.123202,0.900969
68651,-3.427775,0.988831
68652,0.275810,-1.000000
68653,-3.490208,1.246980
68654,-3.335148,1.191580
68655,-2.700489,1.826239
68656,-1.607199,0.123490
68657,-3.824265,1.781812
68658,-2.635719,0.400969
68659,-2.343556,-0.658322
68660,-2.874250,1.652478
68661,-3.246980,1.623490
68662,-3.161387,1.365341
68663,-3.304955,1.652478
68664,-1.554958,0.777479
68665,-3.824265,1.781812
68666,-2.874250,1.652478
68667,-3.158125,1.579063
68668,-3.656250,1.579063
68669,-3.158125,1.579063
68670,-3.324167,1.911146
68671,-3.427775,0.988831
68672,-3.326140,1.781812
68673,-3.490208,1.246980
68674,-3.365341,0.730682
68675,-3.335148,1.191580
68676,-3.333174,1.320914
68677,-4.000000,2.000000
68678,-3.304955,1.652478
68679,-2.826042,1.911146
68680,-2.334986,1.579063
68681,-2.272552,1.320914
68682,-0.285640,0.142820
68683,-1.442336,-1.211352
68684,-1.775215,0.326239
68685,-1.121986,-0.722521
68686,-2.700489,1.826239
68687,-3.658223,1.449729
68688,-2.711958,1.074730
68689,0.194373,0.099031
68690,-3.563623,1.781812
68691,-3.326140,1.781812
68692,-3.911146,1.955573
68693,-3.692957,1.652478
68694,-3.563623,1.781812
68695,-2.038874,-1.400969
68696,-2.873202,0.400969
68697,-3.167133,0.988831
68698,-2.670453,0.603718
68699,-3.911146,1.955573
68700,-1.233709,-0.623490
68701,-1.955475,-0.826239
68702,-3.246980,1.623490
68703,-2.605388,-0.134659
68704,-1.466104,0.733052
68705,-2.711958,1.074730
68706,-0.496901,0.326239
68707,-0.226309,-0.914101
68708,-1.824442,1.449729
68709,-3.167133,0.988831
68710,-3.866718,2.000000
68711,-3.281713,1.826239
68712,-3.824265,1.781812
68713,-3.167133,0.988831
68714,-3.462508,1.191580
68715,-1.733246,0.500000
68716,-3.434289,1.911146
68717,-3.434289,1.911146
68718,-2.461033,1.955573
68719,-3.074730,0.149460
68720,-3.650504,1.955573
68721,-3.397582,1.449729
68722,-2.993868,1.030303
68723,-3.065499,1.781812
68724,-3.866718,2.000000
68725,-3.866718,2.000000
68726,-3.462508,1.191580
68727,-3.065499,1.781812
68728,-3.102206,1.246980
68729,-3.462508,1.191580
68730,-2.872277,1.781812
68731,-2.859464,-0.147791
68732,-2.711958,1.074730
68733,-3.694931,1.911146
68734,-2.015156,0.455573
68735,-2.347897,0.733052
68736,-1.661706,-1.634021
68737,-2.461033,1.955573
68738,-1.977662,0.988831
68739,-3.824265,1.781812
68740,-2.883745,1.030303
68741,-1.207436,0.603718
68742,-1.607199,0.123490
68743,-3.335148,1.191580
68744,-3.656250,1.579063
68745,-3.822291,1.911146
68746,-2.641828,1.320914
68747,-3.324167,1.911146
68748,-3.158125,1.579063
68749,-3.335148,1.191580
68750,-1.607199,0.123490
68751,-3.652478,1.826239
68752,-3.824265,1.781812
68753,-3.652478,1.826239
68754,-3.490208,1.246980
68755,-3.095692,1.320914
68756,-2.941449,0.149460
68757,-3.065499,1.781812
68758,-1.775215,0.326239
68759,-3.158125,1.579063
68760,-4.000000,2.000000
68761,-2.383160,1.191580
68762,-0.911146,0.455573
68763,-3.397582,1.449729
68764,-3.158125,1.579063
68765,-3.822291,1.911146
68766,-2.777479,-0.445042
68767,-3.911146,1.955573
68768,-3.158125,1.579063
68769,-3.824265,1.781812
68770,-2.899457,1.449729
68771,-3.822291,1.911146
68772,-1.149815,1.320914
68773,-1.593993,0.988831
68774,-2.941449,0.149460
68775,-1.922262,1.652478
68776,-3.333174,1.320914
68777,-1.261910,1.320914
68778,-3.652478,1.826239
68779,-1.733246,0.500000
68780,-3.563623,1.781812
68781,-2.793116,1.623490
68782,-2.835050,1.320914
68783,-2.873202,0.400969
68784,-3.304955,1.652478
68785,-3.658223,1.449729
68786,-3.911146,1.955573
68787,-3.397582,1.449729
68788,-2.941449,0.149460
68789,-3.123202,0.900969
68790,-1.926590,-0.109562
68791,-2.730682,1.365341
68792,-1.713557,-0.535628
68793,-2.892753,0.440071
68794,-3.824265,1.781812
68795,-3.656250,1.579063
68796,-0.637763,-0.535628
68797,-0.032308,-0.914101
68798,-3.822291,1.911146
68799,-3.563623,1.781812
68800,-2.096023,2.000000
68801,-2.605388,-0.134659
68802,-2.730682,1.365341
68803,-1.977662,0.988831
68804,-3.065499,1.781812
68805,-3.824265,1.781812
68806,-3.652478,1.826239
68807,-1.032469,0.698220
68808,-4.000000,2.000000
68809,-3.656250,1.579063
68810,-3.911146,1.955573
68811,-2.872277,1.781812
68812,-1.214222,1.449729
68813,-1.261910,1.320914
68814,-1.445133,0.698220
68815,-1.214222,1.449729
68816,-3.281713,1.826239
68817,-3.065499,1.781812
68818,-2.892753,0.440071
68819,-3.123202,0.900969
68820,-1.906779,-0.535628
68821,-3.074730,0.149460
68822,-3.158125,1.579063
68823,-1.849772,0.733052
68824,-2.885719,0.900969
68825,-2.872277,1.781812
68826,-3.911146,1.955573
68827,-2.334986,1.579063
68828,-3.161387,1.365341
68829,-2.541119,0.733052
68830,-3.656250,1.579063
68831,-2.518736,1.074730
68832,-3.822291,1.911146
68833,-3.215828,0.698220
68834,-1.762008,1.191580
68835,-2.349870,0.603718
68836,-3.490208,1.246980
68837,-2.060606,1.030303
68838,-3.215828,0.698220
68839,-0.544620,-0.277479
68840,-1.397882,0.603718
68841,-3.152379,1.955573
68842,-1.864156,-0.367711
68843,-3.335148,1.191580
68844,-2.780575,0.603718
68845,-3.824265,1.781812
68846,-3.158125,1.579063
68847,-2.272552,1.320914
68848,-1.280886,-1.400969
68849,-1.229693,-1.889800
68850,-1.551584,-1.634021
68851,-2.176109,0.777479
68852,-3.065499,1.781812
68853,-3.652478,1.826239
68854,-2.383160,1.191580
68855,-4.000000,2.000000
68856,-3.824265,1.781812
68857,-2.711958,1.074730
68858,-3.324167,1.911146
68859,-2.430339,0.123490
68860,-0.911146,0.455573
68861,-1.344281,-0.535628
68862,0.859756,-0.623490
68863,-3.650504,1.955573
68864,-3.088468,0.698220
68865,-3.911146,1.955573
68866,-3.462508,1.191580
68867,-2.541119,0.733052
68868,-2.015156,0.455573
68869,-1.441541,-1.466104
68870,-0.378932,-0.445042
68871,-1.330319,-0.914101
68872,-2.110972,-1.123490
68873,0.554958,-0.277479
68874,-2.885719,0.900969
68875,-3.652478,1.826239
68876,-3.304955,1.652478
68877,-3.326140,1.781812
68878,-0.544316,-0.722521
68879,-3.490208,1.246980
68880,-2.793116,1.623490
68881,0.440306,0.222521
68882,-1.420728,1.030303
68883,-2.670453,0.603718
68884,-3.102206,1.246980
68885,-2.302521,1.030303
68886,-3.194833,1.652478
68887,-2.374152,1.781812
68888,-1.051938,0.900969
68889,-2.837543,1.579063
68890,-1.133363,0.455573
68891,-1.361599,-0.367711
68892,-2.964384,1.191580
68893,-2.872277,1.781812
68894,-3.866718,2.000000
68895,-1.734301,-1.488831
68896,-0.071261,-0.658322
68897,1.509891,-0.277479
68898,-2.598822,-0.147791
68899,-3.822291,1.911146
68900,-3.304955,1.652478
68901,-3.335148,1.191580
68902,-2.872277,1.781812
68903,-3.484462,1.623490
68904,-3.158125,1.579063
68905,-3.824265,1.781812
68906,-1.933731,0.900969
68907,-3.365341,0.730682
68908,-2.859464,-0.147791
68909,-1.074632,0.054604
68910,-2.208111,1.449729
68911,-3.324167,1.911146
68912,-3.658223,1.449729
68913,-3.158125,1.579063
68914,-3.246980,1.623490
68915,-3.826239,1.652478
68916,-3.824265,1.781812
68917,-0.765763,0.730682
68918,-1.127350,1.826239
68919,-2.641828,1.320914
68920,-1.833963,0.093187
68921,-0.722906,-0.365341
68922,-3.088468,0.698220
68923,-1.123325,0.054604
68924,-0.787833,-0.623490
68925,-3.304955,1.652478
68926,1.246980,-0.623490
68927,-1.507653,-1.721883
68928,-3.866718,2.000000
68929,-2.106074,-0.658322
68930,-1.960449,1.826239
68931,-3.650504,1.955573
68932,-3.281713,1.826239
68933,-1.977662,0.988831
68934,-1.551584,-1.634021
68935,0.156904,-1.634021
68936,-2.669008,0.988831
68937,-0.159449,-0.109562
68938,-0.534266,0.400969
68939,-2.700489,1.826239
68940,-3.335148,1.191580
68941,-1.637893,1.955573
68942,-3.652478,1.826239
68943,-2.374152,1.781812
68944,-3.484462,1.623490
68945,-1.824442,1.449729
68946,-3.304955,1.652478
68947,-2.717704,0.698220
68948,-1.406715,-0.277479
68949,-3.478716,2.000000
68950,-0.866720,-1.233052
68951,-0.533896,0.266948
68952,-0.217752,-0.365341
68953,-2.892753,0.440071
68954,-3.397582,1.449729
68955,-1.026723,1.074730
68956,-0.787833,-0.623490
68957,-0.544620,-0.277479
68958,-0.061373,0.222521
68959,-3.658223,1.449729
68960,-1.554958,0.777479
68961,-1.568917,-1.211352
68962,-2.500000,-1.000000
68963,-1.423694,-1.889800
68964,-0.476251,-0.367711
68965,-3.866718,2.000000
68966,-3.333174,1.320914
68967,-3.051264,1.365341
68968,-2.259209,0.777479
68969,-3.095692,1.320914
68970,-2.641828,1.320914
68971,-3.281713,1.826239
68972,-2.993868,1.030303
68973,-2.181855,0.400969
68974,-3.281713,1.826239
68975,-2.228125,1.365341
68976,-0.415545,-0.535628
68977,-2.859464,-0.147791
68978,-2.872277,1.781812
68979,-3.095692,1.320914
68980,-1.397882,0.603718
68981,-3.158125,1.579063
68982,-3.824265,1.781812
68983,-3.652478,1.826239
68984,-3.824265,1.781812
68985,-3.335148,1.191580
68986,-2.835050,1.320914
68987,-3.911146,1.955573
68988,-3.365341,0.730682
68989,-3.656250,1.579063
68990,-2.598822,-0.147791
68991,-3.304955,1.652478
68992,-0.700386,1.030303
68993,-3.335148,1.191580
68994,-3.167133,0.988831
68995,-3.563623,1.781812
68996,-3.652478,1.826239
68997,-0.065277,-0.033258
68998,-1.977662,0.988831
68999,-1.588247,1.365341
69000,-3.563623,1.781812
69001,-2.383160,1.191580
69002,-3.161387,1.365341
69003,-3.650504,1.955573
69004,-2.349870,0.603718
69005,-2.706235,1.449729
69006,-2.641828,1.320914
69007,-3.335148,1.191580
69008,-2.883745,1.030303
69009,-3.095692,1.320914
69010,-3.490208,1.246980
69011,-2.859464,-0.147791
69012,-2.635719,0.400969
69013,-0.305503,-0.367711
69014,-1.550062,0.900969
69015,-3.153395,0.440071
69016,-3.822291,1.911146
69017,-2.461033,1.955573
69018,-1.922262,1.652478
69019,-3.333174,1.320914
69020,-2.155959,-0.425270
69021,-0.842470,-1.889800
69022,-2.311457,-0.722521
69023,-1.833963,0.093187
69024,-3.335148,1.191580
69025,-2.176109,0.777479
69026,-3.335148,1.191580
69027,-3.427775,0.988831
69028,-2.700489,1.826239
69029,-1.212812,0.093187
69030,1.412942,-0.658322
69031,-1.703282,0.440071
69032,-1.661706,-1.634021
69033,-1.039708,-0.623490
69034,-0.652478,0.326239
69035,-0.150295,-0.147791
69036,-2.100697,-0.147791
69037,-2.576901,1.579063
69038,-1.813332,-0.722521
69039,-2.316833,-1.233052
69040,-3.658223,1.449729
69041,-2.859464,-0.147791
69042,-1.592048,0.093187
69043,-3.528889,1.579063
69044,-2.885719,0.900969
69045,-2.742943,1.911146
69046,-3.427775,0.988831
69047,-2.873202,0.400969
69048,-3.232059,0.730682
69049,-3.246980,1.623490
69050,-3.911146,1.955573
69051,-1.154522,0.988831
69052,-2.181855,0.400969
69053,-2.541119,0.733052
69054,-3.824265,1.781812
69055,-3.167133,0.988831
69056,-2.572099,-0.722521
69057,-2.873202,0.400969
69058,-2.885719,0.900969
69059,-2.635719,0.400969
69060,-2.184738,-0.367711
69061,-2.669008,0.988831
69062,-3.434289,1.911146
69063,-3.246980,1.623490
69064,-1.225625,-1.123490
69065,-1.574293,-1.721883
69066,-1.717979,0.733052
69067,-2.696708,1.652478
69068,-3.650504,1.955573
69069,-3.434289,1.911146
69070,-2.870469,2.000000
69071,-3.333174,1.320914
69072,-2.440004,0.142820
69073,-2.440004,0.142820
69074,-2.337712,0.326239
69075,-1.003761,1.579063
69076,-3.779838,1.826239
69077,-2.670453,0.603718
69078,-3.528889,1.579063
69079,-2.563163,1.030303
69080,-2.553446,0.149460
69081,-1.813332,-0.722521
69082,-1.926590,-0.109562
69083,-1.855707,-1.634021
69084,-1.171501,-0.623490
69085,-3.656250,1.579063
69086,-3.563623,1.781812
69087,-3.822291,1.911146
69088,-3.822291,1.911146
69089,-3.652478,1.826239
69090,-3.658223,1.449729
69091,-2.343556,-0.658322
69092,-2.316833,-1.233052
69093,-2.410859,1.246980
69094,-2.711958,1.074730
69095,-2.641828,1.320914
69096,-2.605388,-0.134659
69097,-2.892753,0.440071
69098,-3.694931,1.911146
69099,-3.866718,2.000000
69100,-1.762918,-1.211352
69101,-0.607038,-1.488831
69102,-2.605388,-0.134659
69103,-0.221544,-0.535628
69104,0.573049,-0.658322
69105,-3.123202,0.900969
69106,-2.410859,1.246980
69107,-1.170753,0.149460
69108,-1.492359,1.781812
69109,-2.670453,0.603718
69110,-2.149460,1.074730
69111,-2.669008,0.988831
69112,-3.333174,1.320914
69113,-3.335148,1.191580
69114,-3.326140,1.781812
69115,-2.711958,1.074730
69116,-3.246980,1.623490
69117,-2.155959,-0.425270
69118,-2.060606,1.030303
69119,-3.158125,1.579063
69120,-3.822291,1.911146
69121,-3.153395,0.440071
69122,-3.563623,1.781812
69123,-3.650504,1.955573
69124,-3.246980,1.623490
69125,-2.572099,-0.722521
69126,-1.690819,-1.488831
69127,-2.576901,1.579063
69128,-2.242359,1.781812
69129,-2.563163,1.030303
69130,-1.988459,-1.889800
69131,-3.652478,1.826239
69132,-1.801938,0.900969
69133,-2.941449,0.149460
69134,-3.563623,1.781812
69135,-3.427775,0.988831
69136,-3.167133,0.988831
69137,-1.441541,-1.466104
69138,-1.375695,-1.211352
69139,-3.194833,1.652478
69140,-2.302521,1.030303
69141,-3.650504,1.955573
69142,-2.563163,1.030303
69143,-3.911146,1.955573
69144,-3.694931,1.911146
69145,-3.434289,1.911146
69146,-3.484462,1.623490
69147,-3.528889,1.579063
69148,-2.964384,1.191580
69149,-3.281713,1.826239
69150,-2.311457,-0.722521
69151,-2.670453,0.603718
69152,-3.692957,1.652478
69153,-3.333174,1.320914
69154,-2.526723,-0.425270
69155,-3.658223,1.449729
69156,-2.670453,0.603718
69157,-0.712635,-0.074730
69158,-0.578811,-0.162592
69159,-0.983246,-1.000000
69160,0.520710,0.054604
69161,-2.938128,0.142820
69162,-3.326140,1.781812
69163,-3.484462,1.623490
69164,-2.835050,1.320914
69165,-3.694931,1.911146
69166,-3.911146,1.955573
69167,-3.333174,1.320914
69168,-3.268248,1.579063
69169,-2.526723,-0.425270
69170,-2.899457,1.449729
69171,-2.870469,2.000000
69172,-3.152379,1.955573
69173,-2.669008,0.988831
69174,-3.563623,1.781812
69175,-2.669008,0.988831
69176,-2.461033,1.955573
69177,-1.733246,0.500000
69178,-1.044797,-0.109562
69179,-1.574735,-0.425270
69180,-3.088468,0.698220
69181,-1.977662,0.988831
69182,-2.605388,-0.134659
69183,-2.015156,0.455573
69184,-1.845869,0.988831
69185,-2.347897,0.733052
69186,-3.232059,0.730682
69187,-1.813332,-0.722521
69188,-2.892753,0.440071
69189,-1.357582,-1.634021
69190,-3.692957,1.652478
69191,0.016102,0.455573
69192,-2.873202,0.400969
69193,-2.261572,-0.955573
69194,-3.427775,0.988831
69195,-3.335148,1.191580
69196,0.066516,-0.033258
69197,-0.607038,-1.488831
69198,-0.544316,-0.722521
69199,-2.337712,0.326239
69200,-0.801039,-1.488831
69201,-2.899457,1.449729
69202,-3.911146,1.955573
69203,-1.934194,0.777479
69204,-3.152379,1.955573
69205,-2.837543,1.579063
69206,-3.427775,0.988831
69207,-2.374152,1.781812
69208,-2.466259,1.191580
69209,-3.528889,1.579063
69210,-2.259209,0.777479
69211,-2.892753,0.440071
69212,-3.563623,1.781812
69213,-3.268248,1.579063
69214,-3.658223,1.449729
69215,-3.650504,1.955573
69216,-3.051264,1.365341
69217,-2.242359,1.781812
69218,-1.210838,0.222521
69219,-2.051596,1.911146
69220,-2.899457,1.449729
69221,-1.845869,0.988831
69222,-3.911146,1.955573
69223,-2.011910,1.320914
69224,-3.694931,1.911146
69225,-2.837543,1.579063
69226,-2.696708,1.652478
69227,-2.706235,1.449729
69228,-0.503178,1.449729
69229,-3.194833,1.652478
69230,-2.670453,0.603718
69231,-3.623490,1.246980
69232,-3.281713,1.826239
69233,-2.872277,1.781812
69234,-3.692957,1.652478
69235,-1.914041,-0.134659
69236,-3.215828,0.698220
69237,-1.423694,-1.889800
69238,-2.883745,1.030303
69239,-2.654083,-0.425270
69240,-2.334986,1.579063
69241,-2.730682,1.365341
69242,-2.181855,0.400969
69243,-2.060606,1.030303
69244,-2.316833,-1.233052
69245,-1.873490,-1.123490
69246,-2.184738,-0.367711
69247,-1.229693,-1.889800
69248,-3.462508,1.191580
69249,-3.779838,1.826239
69250,-3.434289,1.911146
69251,-1.445133,0.698220
69252,-2.163198,1.623490
69253,-3.658223,1.449729
69254,-3.074730,0.149460
69255,-3.462508,1.191580
69256,-3.152379,1.955573
69257,-3.246980,1.623490
69258,-3.065499,1.781812
69259,-3.326140,1.781812
69260,-2.670453,0.603718
69261,-3.246980,1.623490
69262,-2.163198,1.623490
69263,-3.779838,1.826239
69264,-3.152379,1.955573
69265,-2.670453,0.603718
69266,-2.899457,1.449729
69267,1.645994,-0.425270
69268,-2.605388,-0.134659
69269,-0.712714,0.222521
69270,-3.167133,0.988831
69271,-3.397582,1.449729
69272,-1.945199,0.149460
69273,-3.095692,1.320914
69274,-3.427775,0.988831
69275,-3.656250,1.579063
69276,-1.275116,0.455573
69277,-3.427775,0.988831
69278,-3.397582,1.449729
69279,-3.484462,1.623490
69280,-1.933731,0.900969
69281,-2.136480,0.698220
69282,-2.641828,1.320914
69283,-2.711958,1.074730
69284,-3.268248,1.579063
69285,-2.374152,1.781812
69286,-3.528889,1.579063
69287,-2.711958,1.074730
69288,-3.866718,2.000000
69289,-1.050429,1.652478
69290,-3.434289,1.911146
69291,-1.789708,1.246980
69292,-2.208111,1.449729
69293,-3.397582,1.449729
69294,-3.911146,1.955573
69295,-3.088468,0.698220
69296,-3.955573,1.911146
69297,-3.866718,2.000000
69298,-1.349578,0.500000
69299,-3.563623,1.781812
69300,-3.153395,0.440071
69301,-2.440004,0.142820
69302,-2.371693,1.652478
69303,-3.658223,1.449729
69304,-2.837543,1.579063
69305,-3.911146,1.955573
69306,-3.650504,1.955573
69307,-3.650504,1.955573
69308,-3.563623,1.781812
69309,-3.153395,0.440071
69310,-3.692957,1.652478
69311,-1.634892,-0.826239
69312,-1.855707,-1.634021
69313,-1.733246,0.500000
69314,-3.065499,1.781812
69315,-2.844057,0.730682
69316,-1.475625,-0.623490
69317,-2.810768,0.142820
69318,-2.883745,1.030303
69319,-1.922262,1.652478
69320,-2.711958,1.074730
69321,-2.835050,1.320914
69322,-3.304955,1.652478
69323,-2.100697,-0.147791
69324,-1.906779,-0.535628
69325,-2.056191,-1.233052
69326,-2.553446,0.149460
69327,-2.644197,-0.445042
69328,-3.528889,1.579063
69329,-2.993868,1.030303
69330,-2.440004,0.142820
69331,-3.397582,1.449729
69332,-2.440004,0.142820
69333,-2.038874,-1.400969
69334,-3.692957,1.652478
69335,-2.870469,2.000000
69336,-3.824265,1.781812
69337,-3.650504,1.955573
69338,-3.528889,1.579063
69339,-0.985218,0.603718
69340,-0.586211,-0.147791
69341,-2.259209,0.777479
69342,-3.484462,1.623490
69343,-3.692957,1.652478
69344,-3.528889,1.579063
69345,-3.152379,1.955573
69346,-3.528889,1.579063
69347,-3.911146,1.955573
69348,-2.235810,0.730682
69349,-2.466259,1.191580
69350,-3.911146,1.955573
69351,-2.311457,-0.722521
69352,-2.343556,-0.658322
69353,-0.102430,-1.889800
69354,-1.224190,2.000000
69355,-2.141244,1.191580
69356,0.102598,0.123490
69357,-1.212812,0.093187
69358,-2.711958,1.074730
69359,-3.326140,1.781812
69360,-3.161387,1.365341
69361,-1.396440,0.698220
69362,-2.605388,-0.134659
69363,0.130578,0.142820
69364,-2.141244,1.191580
69365,-3.484462,1.623490
69366,-3.779838,1.826239
69367,-3.281713,1.826239
69368,-3.427775,0.988831
69369,-1.314088,-0.074730
69370,-3.153395,0.440071
69371,-3.563623,1.781812
69372,-2.730682,1.365341
69373,-3.563623,1.781812
69374,-3.397582,1.449729
69375,-2.844057,0.730682
69376,-3.333174,1.320914
69377,-0.650969,0.099031
69378,-1.557314,-0.109562
69379,-2.654083,-0.425270
69380,-1.955475,-0.826239
69381,-3.158125,1.579063
69382,-3.333174,1.320914
69383,-2.899457,1.449729
69384,-3.652478,1.826239
69385,-2.892753,0.440071
69386,-3.158125,1.579063
69387,-3.656250,1.579063
69388,-3.658223,1.449729
69389,-3.365341,0.730682
69390,-2.711958,1.074730
69391,-1.551938,0.400969
69392,-1.229497,0.266948
69393,-2.835050,1.320914
69394,-3.650504,1.955573
69395,-3.656250,1.579063
69396,-3.161387,1.365341
69397,-3.563623,1.781812
69398,-1.551012,1.781812
69399,-2.872277,1.781812
69400,-3.563623,1.781812
69401,-3.152379,1.955573
69402,-2.700489,1.826239
69403,-3.824265,1.781812
69404,-2.334986,1.579063
69405,-2.176109,0.777479
69406,-1.462714,0.222521
69407,-3.824265,1.781812
69408,-1.801938,0.900969
69409,-3.335148,1.191580
69410,-2.431855,0.900969
69411,-0.317668,1.911146
69412,-3.153395,0.440071
69413,-1.396440,0.698220
69414,-3.824265,1.781812
69415,-3.911146,1.955573
69416,-3.397582,1.449729
69417,-3.333174,1.320914
69418,-2.859464,-0.147791
69419,-3.911146,1.955573
69420,-2.717704,0.698220
69421,-3.324167,1.911146
69422,-1.733246,0.500000
69423,-2.166234,-1.400969
69424,-1.442336,-1.211352
69425,-1.833963,0.093187
69426,-3.824265,1.781812
69427,-3.484462,1.623490
69428,-1.086885,-1.400969
69429,-3.658223,1.449729
69430,-2.144490,0.326239
69431,-2.837543,1.579063
69432,-3.397582,1.449729
69433,-3.462508,1.191580
69434,-3.694931,1.911146
69435,-3.528889,1.579063
69436,-1.914041,-0.134659
69437,-1.014727,-0.162592
69438,-2.181855,0.400969
69439,-2.711958,1.074730
69440,-3.215828,0.698220
69441,-3.397582,1.449729
69442,-2.337712,0.326239
69443,-0.186374,0.093187
69444,-1.180804,0.266948
69445,-3.563623,1.781812
69446,-1.419626,-1.123490
69447,-0.490512,-1.721883
69448,-1.978621,0.733052
69449,-1.406715,-0.277479
69450,-0.969501,-1.801938
69451,-3.152379,1.955573
69452,-2.826042,1.911146
69453,-3.161387,1.365341
69454,-3.246980,1.623490
69455,-2.242359,1.781812
69456,-1.349578,0.500000
69457,-1.396440,0.698220
69458,-1.000000,0.500000
69459,-2.374152,1.781812
69460,-1.466104,0.733052
69461,-3.152379,1.955573
69462,-0.854474,-0.623490
69463,-3.161387,1.365341
69464,-2.730682,1.365341
69465,-0.709622,0.099031
69466,-3.658223,1.449729
69467,-3.911146,1.955573
69468,-2.181855,0.400969
69469,-3.333174,1.320914
69470,-2.641828,1.320914
69471,-0.399093,-1.400969
69472,-2.873202,0.400969
69473,-2.461033,1.955573
69474,-3.304955,1.652478
69475,-0.332437,2.000000
69476,1.128098,0.222521
69477,-0.763270,1.246980
69478,-3.232059,0.730682
69479,-3.397582,1.449729
69480,-2.635719,0.400969
69481,-2.563163,1.030303
69482,-2.541119,0.733052
69483,-2.553446,0.149460
69484,-1.824442,1.449729
69485,0.420083,1.030303
69486,-2.184738,-0.367711
69487,-2.316833,-1.233052
69488,-2.835050,1.320914
69489,-2.696708,1.652478
69490,-2.605388,-0.134659
69491,-2.837543,1.579063
69492,-3.102206,1.246980
69493,-2.837543,1.579063
69494,-3.434289,1.911146
69495,-3.427775,0.988831
69496,-2.347897,0.733052
69497,-1.977662,0.988831
69498,-3.658223,1.449729
69499,-1.934194,0.777479
69500,-2.526723,-0.425270
69501,-3.692957,1.652478
69502,-3.658223,1.449729
69503,-3.427775,0.988831
69504,-3.528889,1.579063
69505,-1.847313,0.603718
69506,-3.866718,2.000000
69507,-3.397582,1.449729
69508,-3.167133,0.988831
69509,-3.528889,1.579063
69510,-3.528889,1.579063
69511,-2.696708,1.652478
69512,-1.977662,0.988831
69513,-3.911146,1.955573
69514,-3.528889,1.579063
69515,-2.964384,1.191580
69516,-1.198511,1.030303
69517,-2.431855,0.900969
69518,-0.880142,0.440071
69519,-1.225625,-1.123490
69520,-3.167133,0.988831
69521,0.426559,-0.365341
69522,-2.883745,1.030303
69523,-1.864156,-0.367711
69524,-1.279149,1.191580
69525,-2.964384,1.191580
69526,-3.694931,1.911146
69527,-3.528889,1.579063
69528,-2.899457,1.449729
69529,-2.837543,1.579063
69530,-3.268248,1.579063
69531,-3.824265,1.781812
69532,-3.866718,2.000000
69533,-3.397582,1.449729
69534,-3.911146,1.955573
69535,-2.576901,1.579063
69536,-2.837543,1.579063
69537,-3.824265,1.781812
69538,-1.118740,0.142820
69539,-2.228125,1.365341
69540,-3.528889,1.579063
69541,-2.873202,0.400969
69542,-3.824265,1.781812
69543,-3.484462,1.623490
69544,-1.593993,0.988831
69545,-3.658223,1.449729
69546,-3.658223,1.449729
69547,-3.095692,1.320914
69548,-3.955573,1.911146
69549,-3.102206,1.246980
69550,-1.643120,1.191580
69551,-3.246980,1.623490
69552,-3.528889,1.579063
69553,-1.466104,0.733052
69554,-3.167133,0.988831
69555,-1.492359,1.781812
69556,-3.065499,1.781812
69557,-3.484462,1.623490
69558,-3.074730,0.149460
69559,-1.344281,-0.535628
69560,-1.154522,0.988831
69561,-3.955573,1.911146
69562,-3.194833,1.652478
69563,-3.692957,1.652478
69564,-2.119812,-0.109562
69565,-1.878417,-1.721883
69566,-3.563623,1.781812
69567,-3.427775,0.988831
69568,-2.873202,0.400969
69569,-3.652478,1.826239
69570,-2.872277,1.781812
69571,-3.822291,1.911146
69572,-3.563623,1.781812
69573,-3.563623,1.781812
69574,-3.397582,1.449729
69575,-3.324167,1.911146
69576,2.079417,1.246980
69577,-2.272552,1.320914
69578,-3.153395,0.440071
69579,-2.669008,0.988831
69580,-3.656250,1.579063
69581,-3.152379,1.955573
69582,-3.911146,1.955573
69583,-3.826239,1.652478
69584,-3.490208,1.246980
69585,-2.810768,0.142820
69586,-2.119812,-0.109562
69587,-2.883745,1.030303
69588,-2.366718,-1.000000
69589,-0.259965,0.149460
69590,-3.484462,1.623490
69591,-1.303596,-1.488831
69592,-2.670453,0.603718
69593,-3.333174,1.320914
69594,-3.434289,1.911146
69595,-1.849772,0.733052
69596,-3.095692,1.320914
69597,-3.153395,0.440071
69598,-2.964384,1.191580
69599,-2.938128,0.142820
69600,-3.088468,0.698220
69601,-1.551584,-1.634021
69602,0.246153,0.603718
69603,-3.397582,1.449729
69604,-3.623490,1.246980
69605,-3.167133,0.988831
69606,-0.259807,0.222521
69607,-0.137905,0.500000
69608,-3.955573,1.911146
69609,-2.964384,1.191580
69610,-3.281713,1.826239
69611,-3.484462,1.623490
69612,-2.343556,-0.658322
69613,-1.811776,-1.721883
69614,-2.337712,0.326239
69615,-1.944528,-1.977662
69616,-2.598822,-0.147791
69617,-1.349578,0.500000
69618,-3.563623,1.781812
69619,-2.644197,-0.445042
69620,-3.397582,1.449729
69621,-0.728444,-1.634021
69622,-3.826239,1.652478
69623,-2.885719,0.900969
69624,-3.152379,1.955573
69625,-3.335148,1.191580
69626,-3.304955,1.652478
69627,-3.826239,1.652478
69628,-2.641828,1.320914
69629,-2.810768,0.142820
69630,-3.822291,1.911146
69631,-3.652478,1.826239
69632,-2.349870,0.603718
69633,-2.430339,0.123490
69634,-3.324167,1.911146
69635,-2.641828,1.320914
69636,-3.563623,1.781812
69637,-2.780575,0.603718
69638,-3.656250,1.579063
69639,-3.167133,0.988831
69640,-3.427775,0.988831
69641,-1.960449,1.826239
69642,-3.427775,0.988831
69643,-2.835050,1.320914
69644,-3.434289,1.911146
69645,-2.859464,-0.147791
69646,-1.824442,1.449729
69647,-3.232059,0.730682
69648,-2.793116,1.623490
69649,-1.120429,-1.721883
69650,-0.621791,-0.955573
69651,-1.423694,-1.889800
69652,-3.427775,0.988831
69653,-2.343556,-0.658322
69654,-2.844057,0.730682
69655,0.295582,-0.147791
69656,-3.335148,1.191580
69657,-2.810768,0.142820
69658,-3.158125,1.579063
69659,-2.874250,1.652478
69660,-1.445881,-0.074730
69661,-3.826239,1.652478
69662,-1.762008,1.191580
69663,-1.773241,0.455573
69664,-3.161387,1.365341
69665,-2.431855,0.900969
69666,-3.397582,1.449729
69667,-3.161387,1.365341
69668,-3.304955,1.652478
69669,-1.624178,-1.488831
69670,-3.335148,1.191580
69671,-3.911146,1.955573
69672,-1.601453,0.500000
69673,-3.158125,1.579063
69674,-2.385621,1.030303
69675,-3.365341,0.730682
69676,-3.484462,1.623490
69677,-3.161387,1.365341
69678,-3.324167,1.911146
69679,-3.478716,2.000000
69680,-0.787833,-0.623490
69681,-1.423694,-1.889800
69682,-2.605388,-0.134659
69683,-0.787833,-0.623490
69684,-1.005460,-0.955573
69685,-2.644197,-0.445042
69686,-1.933731,0.900969
69687,-3.623490,1.246980
69688,-3.326140,1.781812
69689,-2.837543,1.579063
69690,-2.576901,1.579063
69691,-3.650504,1.955573
69692,-3.246980,1.623490
69693,-3.650504,1.955573
69694,-2.641828,1.320914
69695,-3.088468,0.698220
69696,-3.779838,1.826239
69697,-2.038874,-1.400969
69698,-2.576901,1.579063
69699,-3.246980,1.623490
69700,-2.541119,0.733052
69701,-2.598822,-0.147791
69702,-3.232059,0.730682
69703,-3.333174,1.320914
69704,-3.462508,1.191580
69705,-3.074730,0.149460
69706,-3.434289,1.911146
69707,-3.326140,1.781812
69708,-2.540461,0.123490
69709,-2.518736,1.074730
69710,-1.775215,0.326239
69711,-0.113232,0.326239
69712,-3.692957,1.652478
69713,-2.540461,0.123490
69714,-2.119812,-0.109562
69715,-2.133667,-1.466104
69716,-1.120429,-1.721883
69717,-2.294861,-0.367711
69718,-3.824265,1.781812
69719,-3.563623,1.781812
69720,-2.100697,-0.147791
69721,-3.656250,1.579063
69722,-3.397582,1.449729
69723,-3.335148,1.191580
69724,-1.733246,0.500000
69725,0.110414,0.266948
69726,-3.088468,0.698220
69727,-2.343556,-0.658322
69728,-2.038874,-1.400969
69729,-3.158125,1.579063
69730,-1.833963,0.093187
69731,-1.762918,-1.211352
69732,-1.554958,0.777479
69733,1.049516,0.900969
69734,-1.406715,-0.277479
69735,-3.324167,1.911146
69736,-3.123202,0.900969
69737,-3.563623,1.781812
69738,-3.911146,1.955573
69739,-2.051596,1.911146
69740,-2.461033,1.955573
69741,-2.899457,1.449729
69742,-3.824265,1.781812
69743,-3.333174,1.320914
69744,-3.824265,1.781812
69745,-2.431855,0.900969
69746,-3.779838,1.826239
69747,-3.434289,1.911146
69748,-2.711958,1.074730
69749,-3.650504,1.955573
69750,-3.563623,1.781812
69751,-2.100697,-0.147791
69752,-1.248319,-1.466104
69753,-3.304955,1.652478
69754,-1.475625,-0.623490
69755,-0.709168,-0.914101
69756,-2.116349,-1.634021
69757,-1.855707,-1.634021
69758,-1.988459,-1.889800
69759,-3.528889,1.579063
69760,-3.623490,1.246980
69761,-3.692957,1.652478
69762,-3.694931,1.911146
69763,-3.692957,1.652478
69764,-1.717979,0.733052
69765,-1.070127,-0.826239
69766,-1.775215,0.326239
69767,-2.717704,0.698220
69768,0.958672,1.781812
69769,-3.123202,0.900969
69770,-2.366718,-1.000000
69771,-3.095692,1.320914
69772,-0.637763,-0.535628
69773,-0.137905,0.500000
69774,-2.899457,1.449729
69775,-3.158125,1.579063
69776,-3.824265,1.781812
69777,-2.883745,1.030303
69778,-1.978621,0.733052
69779,-3.335148,1.191580
69780,-1.926590,-0.109562
69781,-2.598822,-0.147791
69782,-1.601453,0.500000
69783,-2.106074,-0.658322
69784,-1.026723,1.074730
69785,-2.141244,1.191580
69786,-1.601453,0.500000
69787,-3.824265,1.781812
69788,-2.208111,1.449729
69789,-2.993868,1.030303
69790,-1.261910,1.320914
69791,-2.011910,1.320914
69792,-1.690819,-1.488831
69793,-3.281713,1.826239
69794,-2.670453,0.603718
69795,-3.528889,1.579063
69796,-2.711958,1.074730
69797,-2.038874,-1.400969
69798,-3.528889,1.579063
69799,-3.153395,0.440071
69800,-3.694931,1.911146
69801,-3.658223,1.449729
69802,-3.528889,1.579063
69803,-3.462508,1.191580
69804,-3.427775,0.988831
69805,-2.696708,1.652478
69806,-1.978621,0.733052
69807,-2.343556,-0.658322
69808,-0.974766,1.579063
69809,-2.883745,1.030303
69810,-3.397582,1.449729
69811,-1.594507,0.222521
69812,-4.000000,2.000000
69813,-3.304955,1.652478
69814,-3.335148,1.191580
69815,-3.326140,1.781812
69816,-2.493959,1.246980
69817,-1.637893,1.955573
69818,-3.822291,1.911146
69819,-3.158125,1.579063
69820,-3.563623,1.781812
69821,-3.650504,1.955573
69822,-2.572099,-0.722521
69823,-1.921819,-1.889800
69824,-1.914041,-0.134659
69825,-2.780575,0.603718
69826,-1.074632,0.054604
69827,-1.551938,0.400969
69828,-1.375695,-1.211352
69829,-3.824265,1.781812
69830,-3.692957,1.652478
69831,-3.434289,1.911146
69832,-2.540461,0.123490
69833,-2.641828,1.320914
69834,-2.109756,0.123490
69835,-2.136480,0.698220
69836,-2.440004,0.142820
69837,-2.635719,0.400969
69838,-0.816833,0.266948
69839,-1.873490,-1.123490
69840,-3.167133,0.988831
69841,-3.427775,0.988831
69842,-2.334986,1.579063
69843,-3.911146,1.955573
69844,-3.123202,0.900969
69845,-3.326140,1.781812
69846,-3.490208,1.246980
69847,-3.324167,1.911146
69848,-1.462714,0.222521
69849,-0.983709,-1.123490
69850,-2.311457,-0.722521
69851,-3.658223,1.449729
69852,-1.557314,-0.109562
69853,-1.926590,-0.109562
69854,-3.694931,1.911146
69855,-3.911146,1.955573
69856,-2.964384,1.191580
69857,-2.873202,0.400969
69858,-2.669008,0.988831
69859,-2.964384,1.191580
69860,-1.977662,0.988831
69861,-2.440004,0.142820
69862,-2.572099,-0.722521
69863,-2.133667,-1.466104
69864,-3.194833,1.652478
69865,-3.326140,1.781812
69866,-1.926590,-0.109562
69867,-0.932879,0.054604
69868,-1.637893,1.955573
69869,-2.837543,1.579063
69870,-3.528889,1.579063
69871,-2.347897,0.733052
69872,-3.194833,1.652478
69873,-1.695108,1.579063
69874,-2.051596,1.911146
69875,-1.594507,0.222521
69876,-1.375695,-1.211352
69877,-2.367905,-0.134659
69878,-3.304955,1.652478
69879,-1.811776,-1.721883
69880,-2.316833,-1.233052
69881,-1.170753,0.149460
69882,-3.866718,2.000000
69883,-3.326140,1.781812
69884,-2.440004,0.142820
69885,-2.109756,0.123490
69886,-2.208111,1.449729
69887,0.194384,0.054604
69888,-1.551584,-1.634021
69889,-1.300576,-0.365341
69890,-3.158125,1.579063
69891,-2.261572,-0.955573
69892,-3.563623,1.781812
69893,-1.127350,1.826239
69894,-2.899457,1.449729
69895,-1.775215,0.326239
69896,-3.304955,1.652478
69897,-2.810768,0.142820
69898,-2.892753,0.440071
69899,-2.872277,1.781812
69900,-2.730682,1.365341
69901,-2.872277,1.781812
69902,-3.123202,0.900969
69903,-2.810768,0.142820
69904,-2.669008,0.988831
69905,-1.039051,0.266948
69906,-3.652478,1.826239
69907,-3.563623,1.781812
69908,-3.167133,0.988831
69909,-3.563623,1.781812
69910,-3.826239,1.652478
69911,-3.158125,1.579063
69912,-3.563623,1.781812
69913,-1.593993,0.988831
69914,0.140244,0.123490
69915,-3.281713,1.826239
69916,-3.095692,1.320914
69917,0.432848,-0.033258
69918,-2.176109,0.777479
69919,-2.493959,1.246980
69920,-2.717704,0.698220
69921,-3.333174,1.320914
69922,-1.601453,0.500000
69923,-3.158125,1.579063
69924,-1.396440,0.698220
69925,-3.324167,1.911146
69926,-3.123202,0.900969
69927,-2.598822,-0.147791
69928,-1.330319,-0.914101
69929,-2.938128,0.142820
69930,-1.062213,-0.074730
69931,-2.641828,1.320914
69932,-3.102206,1.246980
69933,-3.065499,1.781812
69934,-0.150295,-0.147791
69935,-2.883745,1.030303
69936,-3.152379,1.955573
69937,-1.588247,1.365341
69938,-3.065499,1.781812
69939,-3.333174,1.320914
69940,0.196404,0.011169
69941,0.043404,0.400969
69942,-3.955573,1.911146
69943,-2.336959,1.449729
69944,-1.760035,1.320914
69945,-3.333174,1.320914
69946,-2.670453,0.603718
69947,-2.367905,-0.134659
69948,-2.394628,0.440071
69949,-3.694931,1.911146
69950,-2.526723,-0.425270
69951,-3.333174,1.320914
69952,-3.167133,0.988831
69953,-3.650504,1.955573
69954,-0.311666,0.326239
69955,-0.851453,-1.000000
69956,-3.123202,0.900969
69957,-2.700489,1.826239
69958,-2.874250,1.652478
69959,-3.065499,1.781812
69960,-1.801938,0.900969
69961,-2.892753,0.440071
69962,-2.899457,1.449729
69963,-2.374152,1.781812
69964,-2.899457,1.449729
69965,-3.215828,0.698220
69966,-1.116526,0.733052
69967,-3.656250,1.579063
69968,-4.000000,2.000000
69969,-3.304955,1.652478
69970,-3.652478,1.826239
69971,-2.060606,1.030303
69972,-1.594507,0.222521
69973,-2.336959,1.449729
69974,-0.197601,-0.033258
69975,2.071636,-1.400969
69976,-1.944528,-1.977662
69977,-2.605388,-0.134659
69978,-3.484462,1.623490
69979,-3.246980,1.623490
69980,-3.650504,1.955573
69981,-1.717979,0.733052
69982,-1.551938,0.400969
69983,-1.236955,-1.488831
69984,-2.056191,-1.233052
69985,-1.357582,-1.634021
69986,-3.911146,1.955573
69987,-3.652478,1.826239
69988,-3.123202,0.900969
69989,-3.650504,1.955573
69990,-3.158125,1.579063
69991,-0.583781,0.500000
69992,-2.493959,1.246980
69993,-3.158125,1.579063
69994,-3.326140,1.781812
69995,-3.065499,1.781812
69996,-2.119812,-0.109562
69997,-2.430339,0.123490
69998,-1.375695,-1.211352
69999,1.253788,1.191580
70000,-0.195054,-1.801938
70001,-1.254687,0.698220
70002,-3.462508,1.191580
70003,-2.635719,0.400969
70004,-2.938128,0.142820
70005,-3.658223,1.449729
70006,-2.872277,1.781812
70007,-3.694931,1.911146
70008,-2.133667,-1.466104
70009,-3.484462,1.623490
70010,-3.650504,1.955573
70011,-1.594507,0.222521
70012,-3.161387,1.365341
70013,0.192876,1.781812
70014,-1.773241,0.455573
70015,-3.822291,1.911146
70016,-2.337712,0.326239
70017,-3.246980,1.623490
70018,-2.383160,1.191580
70019,-2.700489,1.826239
70020,-2.899457,1.449729
70021,-2.730682,1.365341
70022,-2.892753,0.440071
70023,-2.261572,-0.955573
70024,-1.955475,-0.826239
70025,-3.281713,1.826239
70026,-3.102206,1.246980
70027,-3.528889,1.579063
70028,-1.977662,0.988831
70029,-3.194833,1.652478
70030,-3.123202,0.900969
70031,-1.637893,1.955573
70032,-1.254687,0.698220
70033,-1.681370,1.030303
70034,-2.235810,0.730682
70035,-3.232059,0.730682
70036,-3.692957,1.652478
70037,-2.466259,1.191580
70038,-1.988459,-1.889800
70039,-2.261572,-0.955573
70040,-1.928302,-1.488831
70041,-2.144490,0.326239
70042,-1.231001,-1.634021
70043,-1.248319,-1.466104
70044,-1.717979,0.733052
70045,-2.336959,1.449729
70046,-3.335148,1.191580
70047,-2.011910,1.320914
70048,-1.461364,0.730682
70049,-3.427775,0.988831
70050,-2.383160,1.191580
70051,-3.563623,1.781812
70052,-1.624178,-1.488831
70053,-3.088468,0.698220
70054,-1.789708,1.246980
70055,-1.330319,-0.914101
70056,-2.598822,-0.147791
70057,-2.605388,-0.134659
70058,-3.824265,1.781812
70059,-2.294861,-0.367711
70060,-3.911146,1.955573
70061,-2.873202,0.400969
70062,-2.100697,-0.147791
70063,-3.427775,0.988831
70064,-3.826239,1.652478
70065,-3.563623,1.781812
70066,-2.060606,1.030303
70067,-3.326140,1.781812
70068,-2.518736,1.074730
70069,-3.335148,1.191580
70070,-2.810768,0.142820
70071,-2.706235,1.449729
70072,-3.158125,1.579063
70073,-2.598822,-0.147791
70074,-2.430339,0.123490
70075,-2.780575,0.603718
70076,-2.810768,0.142820
70077,-2.002903,1.911146
70078,-2.181855,0.400969
70079,-3.158125,1.579063
70080,-2.060606,1.030303
70081,-3.478716,2.000000
70082,-3.161387,1.365341
70083,-2.883745,1.030303
70084,-1.275116,0.455573
70085,-3.158125,1.579063
70086,-2.872277,1.781812
70087,0.327026,1.320914
70088,-1.461364,0.730682
70089,-3.304955,1.652478
70090,-2.872277,1.781812
70091,-3.563623,1.781812
70092,-2.541119,0.733052
70093,-2.106074,-0.658322
70094,-1.039708,-0.623490
70095,-3.167133,0.988831
70096,-3.824265,1.781812
70097,-3.826239,1.652478
70098,-2.060606,1.030303
70099,-3.911146,1.955573
70100,-3.490208,1.246980
70101,-3.161387,1.365341
70102,-3.826239,1.652478
70103,-3.656250,1.579063
70104,-2.706235,1.449729
70105,-2.383160,1.191580
70106,-3.911146,1.955573
70107,-1.773241,0.455573
70108,-2.011910,1.320914
70109,-2.163198,1.623490
70110,-1.873490,-1.123490
70111,-1.419626,-1.123490
70112,-2.993868,1.030303
70113,-3.623490,1.246980
70114,-3.326140,1.781812
70115,-2.410859,1.246980
70116,-2.899457,1.449729
70117,-3.152379,1.955573
70118,-3.779838,1.826239
70119,-3.434289,1.911146
70120,-2.669008,0.988831
70121,-2.873202,0.400969
70122,-3.779838,1.826239
70123,-3.065499,1.781812
70124,-1.921819,-1.889800
70125,-3.911146,1.955573
70126,-3.161387,1.365341
70127,-1.977662,0.988831
70128,-2.541119,0.733052
70129,0.128724,-0.033258
70130,-3.478716,2.000000
70131,-1.801938,0.900969
70132,-3.335148,1.191580
70133,-2.383160,1.191580
70134,-3.158125,1.579063
70135,-1.607199,0.123490
70136,-3.397582,1.449729
70137,-3.478716,2.000000
70138,-2.844057,0.730682
70139,-2.176109,0.777479
70140,-2.316833,-1.233052
70141,-1.507653,-1.721883
70142,-2.605388,-0.134659
70143,-3.650504,1.955573
70144,-3.397582,1.449729
70145,-0.259807,0.222521
70146,-0.215380,0.266948
70147,-2.993868,1.030303
70148,-1.719513,1.246980
70149,-2.015156,0.455573
70150,-3.779838,1.826239
70151,-1.180804,0.266948
70152,1.071256,-0.535628
70153,-2.261572,-0.955573
70154,-0.789708,-1.123490
70155,-1.592048,0.093187
70156,0.065502,0.093187
70157,-0.553817,0.440071
70158,-2.605388,-0.134659
70159,-3.158125,1.579063
70160,-4.000000,2.000000
70161,-1.554958,0.777479
70162,-2.844057,0.730682
70163,-0.496114,1.320914
70164,-3.167133,0.988831
70165,-3.563623,1.781812
70166,-2.461033,1.955573
70167,-3.563623,1.781812
70168,-3.824265,1.781812
70169,-2.885719,0.900969
70170,-1.413419,-0.914101
70171,-1.074632,0.054604
70172,-1.088404,-0.914101
70173,-3.335148,1.191580
70174,-3.658223,1.449729
70175,-3.333174,1.320914
70176,-3.563623,1.781812
70177,-1.773241,0.455573
70178,-3.335148,1.191580
70179,-3.658223,1.449729
70180,-2.349870,0.603718
70181,-1.648630,-0.277479
70182,-2.837543,1.579063
70183,-3.153395,0.440071
70184,-3.194833,1.652478
70185,-3.528889,1.579063
70186,-2.899457,1.449729
70187,-3.123202,0.900969
70188,-1.524320,-0.914101
70189,-2.133667,-1.466104
70190,-3.650504,1.955573
70191,-3.462508,1.191580
70192,-3.123202,0.900969
70193,-1.928302,-1.488831
70194,-0.652478,0.326239
70195,-1.349578,0.500000
70196,-1.116526,0.733052
70197,-3.658223,1.449729
70198,-1.413419,-0.914101
70199,-2.835050,1.320914
70200,-2.576901,1.579063
70201,-3.232059,0.730682
70202,-1.254687,0.698220
70203,-1.118740,0.142820
70204,-1.914041,-0.134659
70205,-1.594507,0.222521
70206,-3.484462,1.623490
70207,-3.427775,0.988831
70208,-1.636943,1.074730
70209,-2.430339,0.123490
70210,-1.690819,-1.488831
70211,-1.248319,-1.466104
70212,-0.156636,0.149460
70213,-1.462714,0.222521
70214,-2.899457,1.449729
70215,-3.650504,1.955573
70216,-1.637893,1.955573
70217,-2.899457,1.449729
70218,-2.899457,1.449729
70219,-3.779838,1.826239
70220,-3.088468,0.698220
70221,-3.194833,1.652478
70222,0.294766,-0.365341
70223,-2.367905,-0.134659
70224,-2.374152,1.781812
70225,-2.576901,1.579063
70226,-2.837543,1.579063
70227,-2.440004,0.142820
70228,-2.964384,1.191580
70229,-3.694931,1.911146
70230,-3.397582,1.449729
70231,-2.641828,1.320914
70232,-3.281713,1.826239
70233,-3.911146,1.955573
70234,0.218617,-0.033258
70235,-3.911146,1.955573
70236,-3.246980,1.623490
70237,-3.694931,1.911146
70238,-3.694931,1.911146
70239,-3.650504,1.955573
70240,-3.434289,1.911146
70241,-2.302521,1.030303
70242,-3.955573,1.911146
70243,-3.779838,1.826239
70244,-3.650504,1.955573
70245,-3.153395,0.440071
70246,-3.088468,0.698220
70247,-2.837543,1.579063
70248,-3.866718,2.000000
70249,-1.934194,0.777479
70250,-0.873667,-0.955573
70251,-1.070127,-0.826239
70252,-1.652210,-0.658322
70253,-1.423694,-1.889800
70254,-0.366526,-1.466104
70255,-3.692957,1.652478
70256,-3.658223,1.449729
70257,-1.048700,0.730682
70258,-0.709394,0.440071
70259,-1.225625,-1.123490
70260,-1.574293,-1.721883
70261,-1.233709,-0.623490
70262,-3.397582,1.449729
70263,-3.779838,1.826239
70264,-2.163198,1.623490
70265,-3.528889,1.579063
70266,-2.181855,0.400969
70267,-1.977662,0.988831
70268,-1.551012,1.781812
70269,-3.281713,1.826239
70270,-3.658223,1.449729
70271,-2.837543,1.579063
70272,-3.427775,0.988831
70273,-2.461033,1.955573
70274,-3.194833,1.652478
70275,-3.281713,1.826239
70276,-2.859464,-0.147791
70277,-2.873202,0.400969
70278,-3.095692,1.320914
70279,-3.658223,1.449729
70280,-3.051264,1.365341
70281,-3.397582,1.449729
70282,-3.246980,1.623490
70283,-3.051264,1.365341
70284,-3.866718,2.000000
70285,-2.461033,1.955573
70286,-3.462508,1.191580
70287,-3.955573,1.911146
70288,-3.694931,1.911146
70289,-3.397582,1.449729
70290,-2.011910,1.320914
70291,-2.141244,1.191580
70292,-2.641828,1.320914
70293,-3.779838,1.826239
70294,-3.563623,1.781812
70295,-0.072451,-0.134659
70296,-1.123325,0.054604
70297,-3.397582,1.449729
70298,-2.892753,0.440071
70299,-2.993868,1.030303
70300,-3.563623,1.781812
70301,-3.095692,1.320914
70302,-2.011910,1.320914
70303,-3.051264,1.365341
70304,-3.088468,0.698220
70305,-3.824265,1.781812
70306,-3.434289,1.911146
70307,-3.563623,1.781812
70308,-2.431855,0.900969
70309,-3.194833,1.652478
70310,-3.824265,1.781812
70311,-3.779838,1.826239
70312,-3.911146,1.955573
70313,-3.088468,0.698220
70314,-3.232059,0.730682
70315,-2.742943,1.911146
70316,-3.911146,1.955573
70317,-0.823226,0.326239
70318,-0.221544,-0.535628
70319,-1.248319,-1.466104
70320,-1.719513,1.246980
70321,-3.326140,1.781812
70322,-3.866718,2.000000
70323,-3.484462,1.623490
70324,-2.163198,1.623490
70325,-1.118740,0.142820
70326,-1.155045,-0.914101
70327,-3.095692,1.320914
70328,-3.074730,0.149460
70329,-3.650504,1.955573
70330,-3.528889,1.579063
70331,-2.938128,0.142820
70332,-3.074730,0.149460
70333,-3.281713,1.826239
70334,-2.431855,0.900969
70335,-2.938128,0.142820
70336,-3.051264,1.365341
70337,-3.088468,0.698220
70338,-3.528889,1.579063
70339,-2.635719,0.400969
70340,-1.652210,-0.658322
70341,-1.634892,-0.826239
70342,-1.934194,0.777479
70343,-3.911146,1.955573
70344,0.770019,-1.211352
70345,-3.333174,1.320914
70346,-2.015156,0.455573
70347,-3.824265,1.781812
70348,-2.563163,1.030303
70349,-2.316833,-1.233052
70350,-2.466259,1.191580
70351,-3.563623,1.781812
70352,-3.268248,1.579063
70353,-3.246980,1.623490
70354,-1.462714,0.222521
70355,-3.650504,1.955573
70356,-3.246980,1.623490
70357,-1.933731,0.900969
70358,-2.576901,1.579063
70359,-3.563623,1.781812
70360,-2.228125,1.365341
70361,-2.835050,1.320914
70362,-3.694931,1.911146
70363,-1.719513,1.246980
70364,-3.692957,1.652478
70365,-2.541119,0.733052
70366,-0.044541,-0.074730
70367,-1.413419,-0.914101
70368,-2.176109,0.777479
70369,-3.563623,1.781812
70370,-3.304955,1.652478
70371,-2.941449,0.149460
70372,-3.123202,0.900969
70373,-1.833963,0.093187
70374,-2.430339,0.123490
70375,-2.261572,-0.955573
70376,-3.304955,1.652478
70377,-2.717704,0.698220
70378,-3.652478,1.826239
70379,-1.594507,0.222521
70380,-3.824265,1.781812
70381,-3.335148,1.191580
70382,-3.158125,1.579063
70383,-1.551938,0.400969
70384,-0.642527,-0.914101
70385,-3.656250,1.579063
70386,-3.822291,1.911146
70387,-3.658223,1.449729
70388,-3.911146,1.955573
70389,-3.215828,0.698220
70390,-1.330319,-0.914101
70391,-1.574293,-1.721883
70392,-1.474108,-1.400969
70393,-1.811776,-1.721883
70394,-1.330319,-0.914101
70395,0.022585,0.054604
70396,-3.152379,1.955573
70397,-3.304955,1.652478
70398,-3.824265,1.781812
70399,-2.635719,0.400969
70400,-3.822291,1.911146
70401,-3.658223,1.449729
70402,-3.427775,0.988831
70403,-1.955475,-0.826239
70404,-0.855884,0.733052
70405,-1.955475,-0.826239
70406,-2.430339,0.123490
70407,-2.717704,0.698220
70408,-3.158125,1.579063
70409,-0.860591,0.400969
70410,-2.060606,1.030303
70411,-2.349870,0.603718
70412,-0.689843,0.400969
70413,-2.700489,1.826239
70414,-1.074632,0.054604
70415,-2.717704,0.698220
70416,-1.922262,1.652478
70417,-1.070127,-0.826239
70418,-3.397582,1.449729
70419,-3.955573,1.911146
70420,-3.692957,1.652478
70421,-0.771367,0.222521
70422,-2.011910,1.320914
70423,-2.872277,1.781812
70424,0.311745,1.246980
70425,-1.703282,0.440071
70426,-3.434289,1.911146
70427,-3.650504,1.955573
70428,-1.934194,0.777479
70429,-2.899457,1.449729
70430,-1.789708,1.246980
70431,-1.978621,0.733052
70432,0.144005,-0.955573
70433,-0.983709,-1.123490
70434,-3.161387,1.365341
70435,-3.324167,1.911146
70436,-2.060606,1.030303
70437,-3.335148,1.191580
70438,-3.158125,1.579063
70439,-0.102415,-0.074730
70440,-2.837543,1.579063
70441,-2.526723,-0.425270
70442,-3.911146,1.955573
70443,-3.694931,1.911146
70444,-3.528889,1.579063
70445,-3.434289,1.911146
70446,-2.347897,0.733052
70447,-3.528889,1.579063
70448,-1.022292,-0.658322
70449,0.438101,0.730682
70450,-2.835050,1.320914
70451,-3.656250,1.579063
70452,-3.824265,1.781812
70453,-2.826042,1.911146
70454,-3.822291,1.911146
70455,-3.563623,1.781812
70456,-2.892753,0.440071
70457,-0.065885,-0.147791
70458,-0.787833,-0.623490
70459,-2.899457,1.449729
70460,-3.563623,1.781812
70461,-3.326140,1.781812
70462,-2.938128,0.142820
70463,-3.563623,1.781812
70464,-2.541119,0.733052
70465,-2.461033,1.955573
70466,-3.194833,1.652478
70467,-2.228125,1.365341
70468,-3.462508,1.191580
70469,-2.110972,-1.123490
70470,-3.462508,1.191580
70471,-3.123202,0.900969
70472,-2.553446,0.149460
70473,-2.461033,1.955573
70474,-3.397582,1.449729
70475,-3.153395,0.440071
70476,-2.184738,-0.367711
70477,-3.123202,0.900969
70478,-3.866718,2.000000
70479,-3.268248,1.579063
70480,-3.911146,1.955573
70481,-2.670453,0.603718
70482,-2.144490,0.326239
70483,-2.964384,1.191580
70484,-3.824265,1.781812
70485,-2.873202,0.400969
70486,-3.246980,1.623490
70487,-3.623490,1.246980
70488,-2.742943,1.911146
70489,-0.346845,-1.400969
70490,-2.872277,1.781812
70491,-2.711958,1.074730
70492,-2.500000,-1.000000
70493,-3.484462,1.623490
70494,-1.168783,-0.365341
70495,-0.437586,-0.445042
70496,-3.397582,1.449729
70497,-2.367905,-0.134659
70498,-2.883745,1.030303
70499,-1.928302,-1.488831
70500,-2.038874,-1.400969
70501,-1.180804,0.266948
70502,-3.088468,0.698220
70503,-3.268248,1.579063
70504,-3.246980,1.623490
70505,-1.409351,-0.147791
70506,-1.890808,-0.955573
70507,-2.388932,-0.955573
70508,-2.518736,1.074730
70509,-1.394005,0.455573
70510,-2.837543,1.579063
70511,-2.461033,1.955573
70512,-2.367905,-0.134659
70513,-3.152379,1.955573
70514,-3.095692,1.320914
70515,-3.694931,1.911146
70516,-3.658223,1.449729
70517,-3.528889,1.579063
70518,-2.859464,-0.147791
70519,-1.977662,0.988831
70520,-2.228125,1.365341
70521,-3.194833,1.652478
70522,-3.167133,0.988831
70523,-1.349189,0.603718
70524,-3.333174,1.320914
70525,-3.427775,0.988831
70526,-2.311457,-0.722521
70527,-3.462508,1.191580
70528,-3.088468,0.698220
70529,-2.526723,-0.425270
70530,-2.109756,0.123490
70531,-3.232059,0.730682
70532,-3.563623,1.781812
70533,-3.088468,0.698220
70534,-2.873202,0.400969
70535,-3.484462,1.623490
70536,-2.711958,1.074730
70537,-2.635719,0.400969
70538,-2.641828,1.320914
70539,-2.553446,0.149460
70540,-3.123202,0.900969
70541,-3.779838,1.826239
70542,-3.065499,1.781812
70543,-3.563623,1.781812
70544,-3.326140,1.781812
70545,-1.262697,0.326239
70546,-3.462508,1.191580
70547,-3.692957,1.652478
70548,-3.051264,1.365341
70549,-2.011910,1.320914
70550,-0.763270,1.246980
70551,-1.214222,1.449729
70552,-1.349189,0.603718
70553,-3.779838,1.826239
70554,-2.993868,1.030303
70555,-1.601453,0.500000
70556,-0.718169,-0.658322
70557,-0.702281,0.603718
70558,-3.484462,1.623490
70559,-3.652478,1.826239
70560,-1.727818,-1.889800
70561,-2.294861,-0.367711
70562,-2.166234,-1.400969
70563,-0.686458,-0.826239
70564,-1.022292,-0.658322
70565,-3.779838,1.826239
70566,-0.493902,-1.211352
70567,-2.343556,-0.658322
70568,-3.158125,1.579063
70569,-2.883745,1.030303
70570,-3.158125,1.579063
70571,-3.335148,1.191580
70572,-3.158125,1.579063
70573,-2.730682,1.365341
70574,-0.784266,0.900969
70575,0.256769,-0.109562
70576,0.938944,0.988831
70577,-2.311457,-0.722521
70578,-2.119812,-0.109562
70579,-2.844057,0.730682
70580,-3.246980,1.623490
70581,-3.824265,1.781812
70582,-2.163198,1.623490
70583,-2.844057,0.730682
70584,-3.652478,1.826239
70585,-2.635719,0.400969
70586,-2.261572,-0.955573
70587,-3.333174,1.320914
70588,-2.899457,1.449729
70589,-2.654083,-0.425270
70590,-2.181855,0.400969
70591,-1.933731,0.900969
70592,-1.864156,-0.367711
70593,-2.394628,0.440071
70594,-2.717704,0.698220
70595,-3.065499,1.781812
70596,-3.822291,1.911146
70597,-2.826042,1.911146
70598,-3.658223,1.449729
70599,-3.304955,1.652478
70600,-3.822291,1.911146
70601,-2.635719,0.400969
70602,-3.490208,1.246980
70603,-0.528520,0.777479
70604,-0.102430,-1.889800
70605,-3.051264,1.365341
70606,-1.551938,0.400969
70607,-2.371693,1.652478
70608,-3.563623,1.781812
70609,-3.484462,1.623490
70610,-1.044797,-0.109562
70611,-1.088404,-0.914101
70612,-2.711958,1.074730
70613,-3.194833,1.652478
70614,-1.349189,0.603718
70615,-2.964384,1.191580
70616,-1.116526,0.733052
70617,-1.534266,-1.801938
70618,-3.652478,1.826239
70619,-3.484462,1.623490
70620,-2.383160,1.191580
70621,-3.333174,1.320914
70622,-3.658223,1.449729
70623,-3.158125,1.579063
70624,-1.833963,0.093187
70625,-1.344281,-0.535628
70626,-2.343556,-0.658322
70627,-3.563623,1.781812
70628,-3.911146,1.955573
70629,-3.246980,1.623490
70630,-2.700489,1.826239
70631,-2.717704,0.698220
70632,-3.158125,1.579063
70633,-2.717704,0.698220
70634,-2.002903,1.911146
70635,-1.858780,0.142820
70636,-0.718169,-0.658322
70637,-3.824265,1.781812
70638,-3.563623,1.781812
70639,-2.826042,1.911146
70640,-3.824265,1.781812
70641,-2.060606,1.030303
70642,-2.155959,-0.425270
70643,-2.700489,1.826239
70644,-1.733246,0.500000
70645,-1.475625,-0.623490
70646,-1.914041,-0.134659
70647,-1.926590,-0.109562
70648,-0.296416,-0.074730
70649,-0.563340,0.698220
70650,-3.694931,1.911146
70651,-2.374152,1.781812
70652,-2.410859,1.246980
70653,-2.184738,-0.367711
70654,-2.394628,0.440071
70655,-0.427724,0.054604
70656,-3.623490,1.246980
70657,-3.911146,1.955573
70658,-3.528889,1.579063
70659,-3.281713,1.826239
70660,-2.837543,1.579063
70661,-1.978716,-1.000000
70662,-2.859464,-0.147791
70663,-3.074730,0.149460
70664,-3.658223,1.449729
70665,-2.572099,-0.722521
70666,-2.742943,1.911146
70667,-0.709394,0.440071
70668,-1.713557,-0.535628
70669,-1.303596,-1.488831
70670,-1.132335,-0.826239
70671,-2.730682,1.365341
70672,-1.601453,0.500000
70673,-2.334986,1.579063
70674,-2.844057,0.730682
70675,-2.383160,1.191580
70676,-2.780575,0.603718
70677,-3.484462,1.623490
70678,-3.333174,1.320914
70679,-3.065499,1.781812
70680,-3.427775,0.988831
70681,-2.885719,0.900969
70682,-2.844057,0.730682
70683,-2.493959,1.246980
70684,-2.635719,0.400969
70685,-2.873202,0.400969
70686,-1.445881,-0.074730
70687,-0.296416,-0.074730
70688,-3.824265,1.781812
70689,-3.650504,1.955573
70690,-1.574735,-0.425270
70691,-2.272552,1.320914
70692,-2.670453,0.603718
70693,-2.302521,1.030303
70694,-1.357582,-1.634021
70695,-1.878417,-1.721883
70696,-0.161161,-1.488831
70697,-3.246980,1.623490
70698,-3.824265,1.781812
70699,-3.281713,1.826239
70700,-3.088468,0.698220
70701,-2.015156,0.455573
70702,-2.576901,1.579063
70703,-3.051264,1.365341
70704,-3.694931,1.911146
70705,-2.163198,1.623490
70706,-2.553446,0.149460
70707,-0.071261,-0.658322
70708,-1.634892,-0.826239
70709,-2.964384,1.191580
70710,-1.845869,0.988831
70711,-2.964384,1.191580
70712,-3.326140,1.781812
70713,0.440306,0.222521
70714,-2.892753,0.440071
70715,-2.605388,-0.134659
70716,-1.554958,0.777479
70717,-2.383160,1.191580
70718,-2.717704,0.698220
70719,-1.760035,1.320914
70720,-0.801039,-1.488831
70721,-2.374152,1.781812
70722,-1.661706,-1.634021
70723,-2.563163,1.030303
70724,-3.095692,1.320914
70725,-3.434289,1.911146
70726,-2.964384,1.191580
70727,-2.872277,1.781812
70728,-1.643120,1.191580
70729,-3.281713,1.826239
70730,-3.563623,1.781812
70731,-2.899457,1.449729
70732,-3.095692,1.320914
70733,-1.420728,1.030303
70734,-3.623490,1.246980
70735,-1.168783,-0.365341
70736,-2.349870,0.603718
70737,-3.824265,1.781812
70738,-0.609756,1.623490
70739,-1.922262,1.652478
70740,-3.158125,1.579063
70741,-2.635719,0.400969
70742,-2.777479,-0.445042
70743,-2.110972,-1.123490
70744,-3.167133,0.988831
70745,-3.490208,1.246980
70746,-2.700489,1.826239
70747,-2.383160,1.191580
70748,-3.123202,0.900969
70749,-2.654083,-0.425270
70750,-1.760035,1.320914
70751,-3.911146,1.955573
70752,-3.161387,1.365341
70753,-2.002903,1.911146
70754,-3.658223,1.449729
70755,-2.899457,1.449729
70756,-4.000000,2.000000
70757,-3.161387,1.365341
70758,-2.883745,1.030303
70759,-2.635719,0.400969
70760,-2.316833,-1.233052
70761,-3.335148,1.191580
70762,-3.652478,1.826239
70763,-3.822291,1.911146
70764,-3.152379,1.955573
70765,-3.822291,1.911146
70766,-2.011910,1.320914
70767,-2.334986,1.579063
70768,-2.493959,1.246980
70769,-3.326140,1.781812
70770,-2.711958,1.074730
70771,-3.326140,1.781812
70772,-3.822291,1.911146
70773,-3.650504,1.955573
70774,-0.583781,0.500000
70775,-2.119812,-0.109562
70776,-1.210838,0.222521
70777,-2.259209,0.777479
70778,-2.015156,0.455573
70779,-3.268248,1.579063
70780,-2.038874,-1.400969
70781,-2.742943,1.911146
70782,-3.911146,1.955573
70783,-3.088468,0.698220
70784,-2.892753,0.440071
70785,-0.378932,-0.445042
70786,-2.883745,1.030303
70787,-2.155959,-0.425270
70788,-3.335148,1.191580
70789,-2.119812,-0.109562
70790,-3.563623,1.781812
70791,-2.941449,0.149460
70792,-3.490208,1.246980
70793,-3.656250,1.579063
70794,-0.553817,0.440071
70795,-3.326140,1.781812
70796,-1.588247,1.365341
70797,-2.334986,1.579063
70798,-3.911146,1.955573
70799,-3.656250,1.579063
70800,-3.158125,1.579063
70801,-3.658223,1.449729
70802,-3.065499,1.781812
70803,-2.899457,1.449729
70804,-3.652478,1.826239
70805,-3.478716,2.000000
70806,-2.793116,1.623490
70807,-2.163198,1.623490
70808,-2.700489,1.826239
70809,-3.911146,1.955573
70810,-2.343556,-0.658322
70811,-2.518736,1.074730
70812,-3.326140,1.781812
70813,-3.335148,1.191580
70814,-2.859464,-0.147791
70815,-3.822291,1.911146
70816,-3.656250,1.579063
70817,-1.593993,0.988831
70818,-2.793116,1.623490
70819,-3.656250,1.579063
70820,-2.654083,-0.425270
70821,-2.941449,0.149460
70822,-2.730682,1.365341
70823,-3.365341,0.730682
70824,-3.215828,0.698220
70825,-2.349870,0.603718
70826,-1.914041,-0.134659
70827,-2.700489,1.826239
70828,-3.822291,1.911146
70829,-1.977662,0.988831
70830,-3.563623,1.781812
70831,-2.874250,1.652478
70832,-2.060606,1.030303
70833,-3.095692,1.320914
70834,-2.654083,-0.425270
70835,-2.367905,-0.134659
70836,-2.256195,-0.445042
70837,-1.873490,-1.123490
70838,-0.544316,-0.722521
70839,-0.493902,-1.211352
70840,-1.200484,0.900969
70841,-0.810020,1.191580
70842,-0.156636,0.149460
70843,-1.280886,-1.400969
70844,-2.256195,-0.445042
70845,-1.524320,-0.914101
70846,-0.974766,1.579063
70847,-2.641828,1.320914
70848,-0.211190,0.142820
70849,-2.654083,-0.425270
70850,-3.215828,0.698220
70851,-2.163198,1.623490
70852,-3.333174,1.320914
70853,-3.824265,1.781812
70854,-2.941449,0.149460
70855,-3.427775,0.988831
70856,-2.872277,1.781812
70857,-3.563623,1.781812
70858,-2.730682,1.365341
70859,-3.478716,2.000000
70860,-3.335148,1.191580
70861,-2.056191,-1.233052
70862,-0.131918,-0.033258
70863,-2.780575,0.603718
70864,-3.478716,2.000000
70865,-3.563623,1.781812
70866,-3.650504,1.955573
70867,-2.541119,0.733052
70868,-1.717979,0.733052
70869,-0.700386,1.030303
70870,-2.431855,0.900969
70871,-3.911146,1.955573
70872,1.425270,0.149460
70873,-2.711958,1.074730
70874,-3.563623,1.781812
70875,-2.272552,1.320914
70876,-3.333174,1.320914
70877,-3.324167,1.911146
70878,-3.478716,2.000000
70879,-4.000000,2.000000
70880,-2.176109,0.777479
70881,-1.406715,-0.277479
70882,-3.095692,1.320914
70883,-2.598822,-0.147791
70884,-2.349870,0.603718
70885,-1.198511,1.030303
70886,-0.272729,0.988831
70887,-0.528520,0.777479
70888,-3.158125,1.579063
70889,-3.335148,1.191580
70890,-2.015156,0.455573
70891,-3.397582,1.449729
70892,-3.658223,1.449729
70893,-3.246980,1.623490
70894,-3.866718,2.000000
70895,-3.051264,1.365341
70896,-1.574735,-0.425270
70897,-3.563623,1.781812
70898,-3.268248,1.579063
70899,-3.434289,1.911146
70900,-2.892753,0.440071
70901,-3.153395,0.440071
70902,-3.462508,1.191580
70903,-2.696708,1.652478
70904,-3.065499,1.781812
70905,-2.837543,1.579063
70906,-3.563623,1.781812
70907,-3.232059,0.730682
70908,-2.993868,1.030303
70909,-2.899457,1.449729
70910,-2.136480,0.698220
70911,-3.051264,1.365341
70912,-3.528889,1.579063
70913,-3.123202,0.900969
70914,-3.955573,1.911146
70915,-1.760035,1.320914
70916,-3.088468,0.698220
70917,-0.712714,0.222521
70918,-3.563623,1.781812
70919,-3.065499,1.781812
70920,-3.779838,1.826239
70921,-2.440004,0.142820
70922,-2.343556,-0.658322
70923,-0.784266,0.900969
70924,-2.431855,0.900969
70925,-2.826042,1.911146
70926,-1.813332,-0.722521
70927,-3.824265,1.781812
70928,-2.717704,0.698220
70929,-2.349870,0.603718
70930,-3.161387,1.365341
70931,-2.654083,-0.425270
70932,-2.367905,-0.134659
70933,-3.563623,1.781812
70934,-3.826239,1.652478
70935,-2.654083,-0.425270
70936,-2.181855,0.400969
70937,-3.822291,1.911146
70938,-2.700489,1.826239
70939,-3.123202,0.900969
70940,-3.326140,1.781812
70941,-3.658223,1.449729
70942,-1.588247,1.365341
70943,-3.563623,1.781812
70944,-3.397582,1.449729
70945,-2.872277,1.781812
70946,-3.326140,1.781812
70947,-3.304955,1.652478
70948,-0.911146,0.455573
70949,-2.835050,1.320914
70950,-2.859464,-0.147791
70951,-3.333174,1.320914
70952,-2.872277,1.781812
70953,-3.911146,1.955573
70954,-2.899457,1.449729
70955,-0.305503,-0.367711
70956,0.150276,0.142820
70957,-3.152379,1.955573
70958,-3.694931,1.911146
70959,-1.051938,0.900969
70960,-2.371693,1.652478
70961,-1.574293,-1.721883
70962,-3.911146,1.955573
70963,-3.490208,1.246980
70964,-1.116526,0.733052
70965,-3.490208,1.246980
70966,-2.349870,0.603718
70967,-2.810768,0.142820
70968,-2.899457,1.449729
70969,-3.246980,1.623490
70970,-3.656250,1.579063
70971,-3.326140,1.781812
70972,-3.153395,0.440071
70973,-1.794458,-1.889800
70974,-3.779838,1.826239
70975,-3.528889,1.579063
70976,-1.960449,1.826239
70977,1.845034,-1.211352
70978,0.295582,-0.147791
70979,-2.711958,1.074730
70980,-2.870469,2.000000
70981,-3.095692,1.320914
70982,-3.281713,1.826239
70983,-3.563623,1.781812
70984,-3.484462,1.623490
70985,-1.412671,0.730682
70986,-3.152379,1.955573
70987,-2.964384,1.191580
70988,-3.102206,1.246980
70989,-2.371693,1.652478
70990,-3.434289,1.911146
70991,-3.484462,1.623490
70992,-3.194833,1.652478
70993,-2.892753,0.440071
70994,-1.303596,-1.488831
70995,0.243694,-1.466104
70996,0.638740,-0.445042
70997,-1.574293,-1.721883
70998,-2.272552,1.320914
70999,-2.374152,1.781812
71000,0.775361,1.191580
71001,-0.150597,0.400969
71002,-2.349870,0.603718
71003,-3.167133,0.988831
71004,-2.717704,0.698220
71005,-2.899457,1.449729
71006,-3.563623,1.781812
71007,-3.822291,1.911146
71008,-2.461033,1.955573
71009,-3.563623,1.781812
71010,-3.478716,2.000000
71011,-3.365341,0.730682
71012,-3.326140,1.781812
71013,-3.161387,1.365341
71014,-2.349870,0.603718
71015,-2.431855,0.900969
71016,-1.314088,-0.074730
71017,-3.397582,1.449729
71018,-2.493959,1.246980
71019,-3.152379,1.955573
71020,-3.152379,1.955573
71021,-3.333174,1.320914
71022,-3.563623,1.781812
71023,-3.335148,1.191580
71024,-3.650504,1.955573
71025,-3.158125,1.579063
71026,-2.669008,0.988831
71027,-3.822291,1.911146
71028,-3.326140,1.781812
71029,-1.833963,0.093187
71030,-2.060606,1.030303
71031,-2.717704,0.698220
71032,-3.324167,1.911146
71033,-2.899457,1.449729
71034,-3.563623,1.781812
71035,-1.396440,0.698220
71036,-2.641828,1.320914
71037,-3.158125,1.579063
71038,-1.811776,-1.721883
71039,-1.558067,-1.233052
71040,-3.065499,1.781812
71041,-3.528889,1.579063
71042,-2.835050,1.320914
71043,-2.388932,-0.955573
71044,-2.670453,0.603718
71045,-2.099031,-1.801938
71046,-1.731730,-0.277479
71047,-2.717704,0.698220
71048,-2.780575,0.603718
71049,-3.324167,1.911146
71050,-2.780575,0.603718
71051,-1.314088,-0.074730
71052,-1.558067,-1.233052
71053,-3.123202,0.900969
71054,-3.563623,1.781812
71055,-3.822291,1.911146
71056,-3.822291,1.911146
71057,-1.836861,1.579063
71058,-2.096023,2.000000
71059,-3.563623,1.781812
71060,-2.717704,0.698220
71061,-3.484462,1.623490
71062,-3.065499,1.781812
71063,0.484750,0.900969
71064,0.568195,-0.033258
71065,-2.440004,0.142820
71066,-2.742943,1.911146
71067,-3.268248,1.579063
71068,-2.106074,-0.658322
71069,-0.198062,0.099031
71070,-3.563623,1.781812
71071,-3.563623,1.781812
71072,-2.810768,0.142820
71073,-2.431855,0.900969
71074,-2.899457,1.449729
71075,-1.801938,0.900969
71076,-0.702281,0.603718
71077,-2.098256,0.455573
71078,-2.272552,1.320914
71079,-3.123202,0.900969
71080,-1.978621,0.733052
71081,-3.563623,1.781812
71082,-3.650504,1.955573
71083,-3.484462,1.623490
71084,-3.427775,0.988831
71085,-3.215828,0.698220
71086,-1.801938,0.900969
71087,-2.859464,-0.147791
71088,-0.496901,0.326239
71089,-3.335148,1.191580
71090,-1.703282,0.440071
71091,-1.284124,-0.134659
71092,-3.658223,1.449729
71093,-3.911146,1.955573
71094,-2.208111,1.449729
71095,-2.711958,1.074730
71096,-3.478716,2.000000
71097,-2.873202,0.400969
71098,-0.652478,0.326239
71099,-3.088468,0.698220
71100,-1.977662,0.988831
71101,-3.065499,1.781812
71102,-3.779838,1.826239
71103,-3.326140,1.781812
71104,-3.692957,1.652478
71105,-3.779838,1.826239
71106,-3.232059,0.730682
71107,-3.955573,1.911146
71108,-3.333174,1.320914
71109,-3.088468,0.698220
71110,-2.605388,-0.134659
71111,-3.232059,0.730682
71112,-3.194833,1.652478
71113,-2.461033,1.955573
71114,-2.885719,0.900969
71115,-2.541119,0.733052
71116,-3.779838,1.826239
71117,-2.605388,-0.134659
71118,-1.690819,-1.488831
71119,-1.592048,0.093187
71120,-0.709168,-0.914101
71121,-1.394005,0.455573
71122,-3.427775,0.988831
71123,-2.466259,1.191580
71124,-3.650504,1.955573
71125,-2.635719,0.400969
71126,-1.558725,-0.623490
71127,-3.194833,1.652478
71128,0.369625,0.093187
71129,-3.194833,1.652478
71130,-3.824265,1.781812
71131,-3.866718,2.000000
71132,-3.824265,1.781812
71133,-3.326140,1.781812
71134,-0.821489,0.440071
71135,-2.706235,1.449729
71136,-3.434289,1.911146
71137,-1.420728,1.030303
71138,-2.259209,0.777479
71139,-3.911146,1.955573
71140,-3.051264,1.365341
71141,-3.658223,1.449729
71142,-3.779838,1.826239
71143,-2.109756,0.123490
71144,-3.167133,0.988831
71145,-2.526723,-0.425270
71146,-2.168944,1.246980
71147,-3.158125,1.579063
71148,-3.563623,1.781812
71149,-0.207271,1.246980
71150,-3.822291,1.911146
71151,-3.824265,1.781812
71152,-2.883745,1.030303
71153,-1.668109,-1.400969
71154,-2.371693,1.652478
71155,-3.866718,2.000000
71156,-3.152379,1.955573
71157,-3.694931,1.911146
71158,-1.801938,0.900969
71159,-2.242359,1.781812
71160,-3.822291,1.911146
71161,-3.658223,1.449729
71162,-3.324167,1.911146
71163,-3.824265,1.781812
71164,-3.911146,1.955573
71165,-1.845869,0.988831
71166,-0.643478,-0.033258
71167,-2.181855,0.400969
71168,-2.430339,0.123490
71169,-3.333174,1.320914
71170,-1.284124,-0.134659
71171,-2.641828,1.320914
71172,-3.824265,1.781812
71173,-3.484462,1.623490
71174,-1.086885,-1.400969
71175,-1.643120,1.191580
71176,-3.779838,1.826239
71177,-3.528889,1.579063
71178,-3.065499,1.781812
71179,-3.650504,1.955573
71180,-1.845869,0.988831
71181,-2.374152,1.781812
71182,-3.911146,1.955573
71183,-3.246980,1.623490
71184,-2.598822,-0.147791
71185,-1.441541,-1.466104
71186,-2.383160,1.191580
71187,-3.152379,1.955573
71188,-1.270918,0.730682
71189,-2.706235,1.449729
71190,-3.652478,1.826239
71191,-3.304955,1.652478
71192,-3.427775,0.988831
71193,-3.158125,1.579063
71194,-2.493959,1.246980
71195,-3.335148,1.191580
71196,-3.656250,1.579063
71197,-3.427775,0.988831
71198,-2.700489,1.826239
71199,-3.158125,1.579063
71200,-2.347897,0.733052
71201,-2.810768,0.142820
71202,-2.706235,1.449729
71203,-3.652478,1.826239
71204,-3.158125,1.579063
71205,-3.824265,1.781812
71206,-2.208111,1.449729
71207,-3.304955,1.652478
71208,-2.605388,-0.134659
71209,-0.346845,-1.400969
71210,-1.170844,-1.233052
71211,-3.692957,1.652478
71212,-2.964384,1.191580
71213,-3.779838,1.826239
71214,-1.681370,1.030303
71215,1.943794,1.781812
71216,-1.636943,1.074730
71217,-3.051264,1.365341
71218,-2.706235,1.449729
71219,-2.669008,0.988831
71220,-3.563623,1.781812
71221,-2.711958,1.074730
71222,-2.964384,1.191580
71223,-3.268248,1.579063
71224,-2.837543,1.579063
71225,-2.899457,1.449729
71226,-3.824265,1.781812
71227,-1.244415,0.988831
71228,-1.170844,-1.233052
71229,-3.490208,1.246980
71230,-3.324167,1.911146
71231,-3.326140,1.781812
71232,-3.490208,1.246980
71233,0.502051,0.099031
71234,-0.186388,-1.721883
71235,-1.014727,-0.162592
71236,-3.911146,1.955573
71237,-3.246980,1.623490
71238,-3.158125,1.579063
71239,-2.873202,0.400969
71240,-2.598822,-0.147791
71241,-1.873490,-1.123490
71242,-1.120429,-1.721883
71243,-2.136480,0.698220
71244,-3.281713,1.826239
71245,-1.048700,0.730682
71246,-2.872277,1.781812
71247,-3.694931,1.911146
71248,-3.333174,1.320914
71249,-1.072099,0.777479
71250,-3.051264,1.365341
71251,-0.669220,1.781812
71252,-1.934194,0.777479
71253,-3.779838,1.826239
71254,-2.440004,0.142820
71255,-0.298846,-0.722521
71256,0.331531,0.440071
71257,-1.022292,-0.658322
71258,-1.933731,0.900969
71259,-3.158125,1.579063
71260,-3.365341,0.730682
71261,-2.844057,0.730682
71262,-3.652478,1.826239
71263,-3.123202,0.900969
71264,-3.304955,1.652478
71265,-3.478716,2.000000
71266,-2.166234,-1.400969
71267,-2.038874,-1.400969
71268,-3.826239,1.652478
71269,-0.801039,-1.488831
71270,-3.911146,1.955573
71271,-3.528889,1.579063
71272,-3.194833,1.652478
71273,-3.434289,1.911146
71274,-3.911146,1.955573
71275,-3.246980,1.623490
71276,-3.658223,1.449729
71277,-2.742943,1.911146
71278,-3.563623,1.781812
71279,-3.911146,1.955573
71280,-1.960449,1.826239
71281,-0.563340,0.698220
71282,-3.866718,2.000000
71283,-3.563623,1.781812
71284,-2.576901,1.579063
71285,-3.824265,1.781812
71286,-3.692957,1.652478
71287,-3.563623,1.781812
71288,-2.837543,1.579063
71289,-1.080402,-1.801938
71290,0.690306,-0.277479
71291,-2.316833,-1.233052
71292,-1.717542,-0.914101
71293,-2.844057,0.730682
71294,-2.374152,1.781812
71295,-3.246980,1.623490
71296,-3.911146,1.955573
71297,-2.711958,1.074730
71298,-3.158125,1.579063
71299,-2.641828,1.320914
71300,-3.123202,0.900969
71301,-3.822291,1.911146
71302,-3.563623,1.781812
71303,-2.431855,0.900969
71304,-3.158125,1.579063
71305,-2.367905,-0.134659
71306,-3.658223,1.449729
71307,-0.246980,0.123490
71308,-3.158125,1.579063
71309,-3.484462,1.623490
71310,-2.706235,1.449729
71311,-3.158125,1.579063
71312,-3.652478,1.826239
71313,-2.706235,1.449729
71314,-2.336959,1.449729
71315,-3.326140,1.781812
71316,-3.650504,1.955573
71317,-3.652478,1.826239
71318,-2.005777,-1.721883
71319,-2.696708,1.652478
71320,0.263556,-0.955573
71321,-3.167133,0.988831
71322,-0.821489,0.440071
71323,-1.011473,1.652478
71324,-3.397582,1.449729
71325,-2.641828,1.320914
71326,-2.706235,1.449729
71327,-1.719513,1.246980
71328,-3.623490,1.246980
71329,-3.051264,1.365341
71330,-2.711958,1.074730
71331,-2.302521,1.030303
71332,-2.899457,1.449729
71333,-1.170753,0.149460
71334,-3.563623,1.781812
71335,-2.885719,0.900969
71336,-0.881639,-1.977662
71337,-2.060606,1.030303
71338,-1.419626,-1.123490
71339,-3.397582,1.449729
71340,-3.153395,0.440071
71341,-3.158125,1.579063
71342,-3.652478,1.826239
71343,-2.541119,0.733052
71344,-4.000000,2.000000
71345,-4.000000,2.000000
71346,-1.922262,1.652478
71347,-1.836861,1.579063
71348,-3.656250,1.579063
71349,-2.002903,1.911146
71350,-3.824265,1.781812
71351,-3.658223,1.449729
71352,-2.872277,1.781812
71353,-2.780575,0.603718
71354,-3.397582,1.449729
71355,-3.484462,1.623490
71356,-3.427775,0.988831
71357,-1.445881,-0.074730
71358,-2.859464,-0.147791
71359,-0.688917,1.781812
71360,-3.484462,1.623490
71361,-2.208111,1.449729
71362,-3.335148,1.191580
71363,-1.977662,0.988831
71364,-3.427775,0.988831
71365,-2.347897,0.733052
71366,-2.700489,1.826239
71367,-2.098256,0.455573
71368,-2.493959,1.246980
71369,-3.484462,1.623490
71370,-2.002903,1.911146
71371,-3.822291,1.911146
71372,-1.824442,1.449729
71373,-3.652478,1.826239
71374,-1.207436,0.603718
71375,-2.873202,0.400969
71376,-3.324167,1.911146
71377,-3.656250,1.579063
71378,-2.700489,1.826239
71379,-3.650504,1.955573
71380,-2.060606,1.030303
71381,-2.700489,1.826239
71382,-3.652478,1.826239
71383,-1.275116,0.455573
71384,-2.311457,-0.722521
71385,-2.810768,0.142820
71386,-3.161387,1.365341
71387,-3.650504,1.955573
71388,-3.822291,1.911146
71389,-2.810768,0.142820
71390,-2.874250,1.652478
71391,-3.563623,1.781812
71392,-3.822291,1.911146
71393,-2.885719,0.900969
71394,-0.688917,1.781812
71395,-2.374152,1.781812
71396,-2.873202,0.400969
71397,-3.051264,1.365341
71398,-3.824265,1.781812
71399,-3.281713,1.826239
71400,-3.563623,1.781812
71401,-3.095692,1.320914
71402,-1.978621,0.733052
71403,-3.281713,1.826239
71404,-3.692957,1.652478
71405,-3.692957,1.652478
71406,-2.302521,1.030303
71407,-2.011910,1.320914
71408,-3.866718,2.000000
71409,-2.669008,0.988831
71410,-3.102206,1.246980
71411,-3.484462,1.623490
71412,-2.526723,-0.425270
71413,-2.598822,-0.147791
71414,-3.650504,1.955573
71415,-1.801938,0.900969
71416,-1.643120,1.191580
71417,-1.960449,1.826239
71418,-2.644197,-0.445042
71419,-2.440004,0.142820
71420,-3.462508,1.191580
71421,-3.779838,1.826239
71422,-2.964384,1.191580
71423,-3.658223,1.449729
71424,-2.837543,1.579063
71425,-2.993868,1.030303
71426,-2.899457,1.449729
71427,-1.977662,0.988831
71428,-2.598822,-0.147791
71429,-0.161161,-1.488831
71430,-0.272292,-0.658322
71431,-2.730682,1.365341
71432,-2.641828,1.320914
71433,-3.652478,1.826239
71434,-3.652478,1.826239
71435,-3.167133,0.988831
71436,-2.810768,0.142820
71437,-3.095692,1.320914
71438,-3.153395,0.440071
71439,-3.658223,1.449729
71440,-3.826239,1.652478
71441,-3.824265,1.781812
71442,-3.563623,1.781812
71443,-3.326140,1.781812
71444,-2.060606,1.030303
71445,-3.158125,1.579063
71446,-3.397582,1.449729
71447,-2.874250,1.652478
71448,-2.780575,0.603718
71449,-2.060606,1.030303
71450,-3.652478,1.826239
71451,-1.762008,1.191580
71452,-1.284124,-0.134659
71453,-3.304955,1.652478
71454,-2.096023,2.000000
71455,-2.892753,0.440071
71456,-2.311457,-0.722521
71457,-0.088566,-1.634021
71458,-1.811776,-1.721883
71459,-3.246980,1.623490
71460,-3.102206,1.246980
71461,-3.528889,1.579063
71462,-3.434289,1.911146
71463,-3.563623,1.781812
71464,-2.964384,1.191580
71465,-1.169803,1.911146
71466,-3.955573,1.911146
71467,-2.964384,1.191580
71468,-3.563623,1.781812
71469,-3.563623,1.781812
71470,-3.333174,1.320914
71471,-2.367905,-0.134659
71472,-0.153316,0.142820
71473,-3.650504,1.955573
71474,-3.246980,1.623490
71475,-2.635719,0.400969
71476,-3.694931,1.911146
71477,-1.601453,0.500000
71478,-2.835050,1.320914
71479,-3.692957,1.652478
71480,-3.623490,1.246980
71481,-3.563623,1.781812
71482,-2.644197,-0.445042
71483,-3.658223,1.449729
71484,-3.563623,1.781812
71485,-3.779838,1.826239
71486,-3.123202,0.900969
71487,-2.899457,1.449729
71488,-3.397582,1.449729
71489,-3.694931,1.911146
71490,-3.095692,1.320914
71491,-2.641828,1.320914
71492,-3.051264,1.365341
71493,-2.440004,0.142820
71494,-3.563623,1.781812
71495,-0.866720,-1.233052
71496,-3.194833,1.652478
71497,-3.824265,1.781812
71498,-3.434289,1.911146
71499,-2.670453,0.603718
71500,-2.119812,-0.109562
71501,-3.326140,1.781812
71502,-2.228125,1.365341
71503,-2.347897,0.733052
71504,-3.088468,0.698220
71505,-0.932879,0.054604
71506,-2.388932,-0.955573
71507,-1.933731,0.900969
71508,-3.563623,1.781812
71509,-0.544316,-0.722521
71510,-2.336959,1.449729
71511,-3.911146,1.955573
71512,-3.911146,1.955573
71513,-3.246980,1.623490
71514,-2.706235,1.449729
71515,-0.880142,0.440071
71516,-3.281713,1.826239
71517,-3.779838,1.826239
71518,-3.779838,1.826239
71519,-2.343556,-0.658322
71520,-0.983709,-1.123490
71521,-2.993868,1.030303
71522,-2.669008,0.988831
71523,-1.551938,0.400969
71524,-3.088468,0.698220
71525,-2.641828,1.320914
71526,-2.572099,-0.722521
71527,-3.397582,1.449729
71528,-3.563623,1.781812
71529,-2.461033,1.955573
71530,-3.955573,1.911146
71531,-1.233709,-0.623490
71532,-2.526723,-0.425270
71533,-2.563163,1.030303
71534,-1.462714,0.222521
71535,-1.873490,-1.123490
71536,-0.399093,-1.400969
71537,-2.141244,1.191580
71538,-3.194833,1.652478
71539,-3.152379,1.955573
71540,-3.333174,1.320914
71541,-3.955573,1.911146
71542,-3.824265,1.781812
71543,-3.911146,1.955573
71544,-3.528889,1.579063
71545,-3.246980,1.623490
71546,-2.635719,0.400969
71547,-3.246980,1.623490
71548,-2.367905,-0.134659
71549,-3.281713,1.826239
71550,-1.236955,-1.488831
71551,-1.713557,-0.535628
71552,-3.563623,1.781812
71553,-3.232059,0.730682
71554,-2.259209,0.777479
71555,-2.669008,0.988831
71556,-2.518736,1.074730
71557,-2.367905,-0.134659
71558,-1.636943,1.074730
71559,-3.563623,1.781812
71560,-1.634892,-0.826239
71561,-2.742943,1.911146
71562,-3.911146,1.955573
71563,-3.563623,1.781812
71564,-1.978716,-1.000000
71565,-3.692957,1.652478
71566,-2.706235,1.449729
71567,-3.528889,1.579063
71568,-3.397582,1.449729
71569,-1.492359,1.781812
71570,-1.703282,0.440071
71571,-2.388932,-0.955573
71572,-2.100697,-0.147791
71573,-2.334986,1.579063
71574,-3.563623,1.781812
71575,-3.304955,1.652478
71576,-3.158125,1.579063
71577,-3.563623,1.781812
71578,-3.161387,1.365341
71579,-3.822291,1.911146
71580,-1.801938,0.900969
71581,-3.326140,1.781812
71582,-3.095692,1.320914
71583,-3.427775,0.988831
71584,-3.826239,1.652478
71585,-2.899457,1.449729
71586,-2.874250,1.652478
71587,-0.669220,1.781812
71588,-2.899457,1.449729
71589,-1.773241,0.455573
71590,-2.669008,0.988831
71591,-3.427775,0.988831
71592,-3.822291,1.911146
71593,-3.484462,1.623490
71594,-3.826239,1.652478
71595,-3.822291,1.911146
71596,-3.652478,1.826239
71597,-3.563623,1.781812
71598,-2.098256,0.455573
71599,-2.874250,1.652478
71600,-3.490208,1.246980
71601,-2.859464,-0.147791
71602,-2.844057,0.730682
71603,-2.706235,1.449729
71604,-3.650504,1.955573
71605,-1.661706,-1.634021
71606,-1.813332,-0.722521
71607,-2.669008,0.988831
71608,-1.977662,0.988831
71609,-3.095692,1.320914
71610,0.295582,-0.147791
71611,-1.833963,0.093187
71612,-2.883745,1.030303
71613,-1.922262,1.652478
71614,-3.658223,1.449729
71615,-3.826239,1.652478
71616,-3.484462,1.623490
71617,-2.383160,1.191580
71618,-3.365341,0.730682
71619,-3.658223,1.449729
71620,-1.727818,-1.889800
71621,-2.256195,-0.445042
71622,-2.110972,-1.123490
71623,-2.526723,-0.425270
71624,-3.563623,1.781812
71625,-2.141244,1.191580
71626,-3.563623,1.781812
71627,-0.729953,0.093187
71628,-1.855707,-1.634021
71629,-1.123325,0.054604
71630,-0.642527,-0.914101
71631,-2.060606,1.030303
71632,-3.824265,1.781812
71633,-3.563623,1.781812
71634,-2.176109,0.777479
71635,-1.773241,0.455573
71636,-2.826042,1.911146
71637,-2.892753,0.440071
71638,-2.873202,0.400969
71639,-1.858780,0.142820
71640,-3.158125,1.579063
71641,-2.155959,-0.425270
71642,-3.822291,1.911146
71643,-2.810768,0.142820
71644,-1.833963,0.093187
71645,-3.656250,1.579063
71646,-3.652478,1.826239
71647,-1.207436,0.603718
71648,-3.484462,1.623490
71649,-2.844057,0.730682
71650,-1.734301,-1.488831
71651,-2.493959,1.246980
71652,-1.127350,1.826239
71653,-2.336959,1.449729
71654,-3.095692,1.320914
71655,-3.333174,1.320914
71656,-1.492359,1.781812
71657,-0.928928,-1.233052
71658,0.420441,-1.211352
71659,-3.692957,1.652478
71660,-2.311457,-0.722521
71661,-2.899457,1.449729
71662,-2.208111,1.449729
71663,-2.316833,-1.233052
71664,-0.298846,-0.722521
71665,1.938334,0.326239
71666,-2.670453,0.603718
71667,0.331531,0.440071
71668,0.023853,0.440071
71669,-3.911146,1.955573
71670,-3.656250,1.579063
71671,-3.826239,1.652478
71672,-3.650504,1.955573
71673,-3.650504,1.955573
71674,-3.563623,1.781812
71675,-3.326140,1.781812
71676,-3.650504,1.955573
71677,-3.335148,1.191580
71678,-1.824442,1.449729
71679,-1.637893,1.955573
71680,-3.484462,1.623490
71681,-3.656250,1.579063
71682,-3.158125,1.579063
71683,-2.367905,-0.134659
71684,-3.658223,1.449729
71685,-3.911146,1.955573
71686,-3.158125,1.579063
71687,-2.002903,1.911146
71688,-3.826239,1.652478
71689,-3.304955,1.652478
71690,-3.167133,0.988831
71691,-1.445881,-0.074730
71692,-2.883745,1.030303
71693,-3.335148,1.191580
71694,-3.158125,1.579063
71695,-3.650504,1.955573
71696,-0.700386,1.030303
71697,-3.326140,1.781812
71698,-2.383160,1.191580
71699,-2.844057,0.730682
71700,-2.711958,1.074730
71701,-3.427775,0.988831
71702,-3.490208,1.246980
71703,-2.011910,1.320914
71704,-1.229497,0.266948
71705,-2.181855,0.400969
71706,-3.911146,1.955573
71707,-2.654083,-0.425270
71708,0.020611,-0.074730
71709,-3.158125,1.579063
71710,-2.700489,1.826239
71711,-2.430339,0.123490
71712,-3.824265,1.781812
71713,-3.324167,1.911146
71714,-3.658223,1.449729
71715,-1.214222,1.449729
71716,-3.333174,1.320914
71717,-2.883745,1.030303
71718,-2.149460,1.074730
71719,-3.152379,1.955573
71720,-2.394628,0.440071
71721,-3.335148,1.191580
71722,-3.335148,1.191580
71723,-2.518736,1.074730
71724,-0.285640,0.142820
71725,-2.065597,-0.826239
71726,-3.427775,0.988831
71727,-3.268248,1.579063
71728,-3.650504,1.955573
71729,-3.623490,1.246980
71730,-3.911146,1.955573
71731,-0.275975,0.123490
71732,-2.184738,-0.367711
71733,-3.563623,1.781812
71734,-3.434289,1.911146
71735,-3.434289,1.911146
71736,-3.779838,1.826239
71737,-2.899457,1.449729
71738,-3.397582,1.449729
71739,-1.413198,1.623490
71740,-2.793116,1.623490
71741,-1.137418,-1.466104
71742,-2.119812,-0.109562
71743,-3.153395,0.440071
71744,-1.824442,1.449729
71745,-2.228125,1.365341
71746,-1.824442,1.449729
71747,-3.333174,1.320914
71748,-3.484462,1.623490
71749,-3.955573,1.911146
71750,-1.890808,-0.955573
71751,-2.576901,1.579063
71752,-1.551938,0.400969
71753,-0.197601,-0.033258
71754,-2.964384,1.191580
71755,-3.051264,1.365341
71756,-3.095692,1.320914
71757,-3.065499,1.781812
71758,-3.333174,1.320914
71759,-3.065499,1.781812
71760,-3.123202,0.900969
71761,-3.694931,1.911146
71762,-3.563623,1.781812
71763,-3.658223,1.449729
71764,-3.088468,0.698220
71765,-1.551012,1.781812
71766,-2.835050,1.320914
71767,-2.466259,1.191580
71768,-0.764573,0.326239
71769,-3.051264,1.365341
71770,-3.051264,1.365341
71771,-3.779838,1.826239
71772,-2.337712,0.326239
71773,-3.281713,1.826239
71774,-3.246980,1.623490
71775,-1.960449,1.826239
71776,-1.717542,-0.914101
71777,-1.006419,-1.211352
71778,-1.824442,1.449729
71779,-3.281713,1.826239
71780,-3.694931,1.911146
71781,-1.917063,0.093187
71782,-2.885719,0.900969
71783,-3.650504,1.955573
71784,-2.873202,0.400969
71785,-2.343556,-0.658322
71786,-1.906779,-0.535628
71787,-3.232059,0.730682
71788,-2.141244,1.191580
71789,-2.899457,1.449729
71790,-2.015156,0.455573
71791,-2.553446,0.149460
71792,-3.824265,1.781812
71793,-3.824265,1.781812
71794,-3.434289,1.911146
71795,1.301876,1.030303
71796,-1.070127,-0.826239
71797,-1.762008,1.191580
71798,-3.335148,1.191580
71799,-2.430339,0.123490
71800,-2.670453,0.603718
71801,-1.420728,1.030303
71802,-3.692957,1.652478
71803,-2.669008,0.988831
71804,-3.194833,1.652478
71805,-3.153395,0.440071
71806,-2.163198,1.623490
71807,-3.246980,1.623490
71808,-1.890808,-0.955573
71809,-1.050429,1.652478
71810,-1.244415,0.988831
71811,-3.528889,1.579063
71812,-3.123202,0.900969
71813,-2.641828,1.320914
71814,-1.845869,0.988831
71815,-2.938128,0.142820
71816,-3.563623,1.781812
71817,-3.955573,1.911146
71818,-3.232059,0.730682
71819,-3.563623,1.781812
71820,-3.095692,1.320914
71821,-2.110972,-1.123490
71822,-2.837543,1.579063
71823,-2.461033,1.955573
71824,-1.423694,-1.889800
71825,-0.686458,-0.826239
71826,-1.648630,-0.277479
71827,-2.410859,1.246980
71828,-0.604474,-1.123490
71829,-1.690819,-1.488831
71830,-3.161387,1.365341
71831,-2.119812,-0.109562
71832,0.838212,-1.233052
71833,-2.144490,0.326239
71834,-3.161387,1.365341
71835,-3.484462,1.623490
71836,-1.731730,-0.277479
71837,-1.314088,-0.074730
71838,-0.044541,-0.074730
71839,-1.006419,-1.211352
71840,-2.166234,-1.400969
71841,-1.225625,-1.123490
71842,-2.060606,1.030303
71843,-1.906779,-0.535628
71844,-2.941449,0.149460
71845,-1.568917,-1.211352
71846,-3.656250,1.579063
71847,-3.656250,1.579063
71848,-1.731730,-0.277479
71849,-3.095692,1.320914
71850,-3.658223,1.449729
71851,-3.652478,1.826239
71852,-1.593993,0.988831
71853,-1.914041,-0.134659
71854,-3.652478,1.826239
71855,-3.158125,1.579063
71856,-3.304955,1.652478
71857,-2.168944,1.246980
71858,-2.777479,-0.445042
71859,-3.650504,1.955573
71860,-3.824265,1.781812
71861,-3.167133,0.988831
71862,-3.158125,1.579063
71863,-1.864156,-0.367711
71864,-1.717542,-0.914101
71865,-1.668109,-1.400969
71866,-2.116349,-1.634021
71867,-0.881639,-1.977662
71868,-3.866718,2.000000
71869,-3.095692,1.320914
71870,-2.518736,1.074730
71871,-2.208111,1.449729
71872,-3.281713,1.826239
71873,-3.333174,1.320914
71874,-3.051264,1.365341
71875,-3.824265,1.781812
71876,-3.152379,1.955573
71877,-2.742943,1.911146
71878,-2.964384,1.191580
71879,-1.361599,-0.367711
71880,-2.670453,0.603718
71881,-3.866718,2.000000
71882,-2.835050,1.320914
71883,-3.484462,1.623490
71884,1.084249,0.698220
71885,-1.236955,-1.488831
71886,-2.366718,-1.000000
71887,-1.300576,-0.365341
71888,-3.911146,1.955573
71889,-3.656250,1.579063
71890,-2.383160,1.191580
71891,-3.652478,1.826239
71892,-3.123202,0.900969
71893,-3.158125,1.579063
71894,-3.246980,1.623490
71895,-2.493959,1.246980
71896,-2.149460,1.074730
71897,-3.563623,1.781812
71898,-2.168944,1.246980
71899,-2.717704,0.698220
71900,-0.022338,0.011169
71901,-1.624178,-1.488831
71902,-2.336959,1.449729
71903,-3.779838,1.826239
71904,-3.051264,1.365341
71905,-3.692957,1.652478
71906,-3.658223,1.449729
71907,-1.855707,-1.634021
71908,-0.873667,-0.955573
71909,-0.476251,-0.367711
71910,-0.983246,-1.000000
71911,-3.152379,1.955573
71912,0.035309,-0.367711
71913,-0.801938,0.400969
71914,-3.563623,1.781812
71915,-3.065499,1.781812
71916,-3.088468,0.698220
71917,-2.136480,0.698220
71918,-1.551584,-1.634021
71919,-0.867905,1.365341
71920,-2.873202,0.400969
71921,-1.771749,-1.801938
71922,-2.717704,0.698220
71923,-3.652478,1.826239
71924,-2.700489,1.826239
71925,-3.824265,1.781812
71926,-2.060606,1.030303
71927,-2.430339,0.123490
71928,-3.826239,1.652478
71929,-3.095692,1.320914
71930,-0.861260,0.222521
71931,-3.158125,1.579063
71932,-2.826042,1.911146
71933,-3.484462,1.623490
71934,-3.563623,1.781812
71935,-1.207436,0.603718
71936,-0.109208,0.054604
71937,-1.801938,0.900969
71938,-2.141244,1.191580
71939,-2.540461,0.123490
71940,-3.153395,0.440071
71941,-2.938128,0.142820
71942,-2.598822,-0.147791
71943,-3.528889,1.579063
71944,-3.484462,1.623490
71945,-1.762918,-1.211352
71946,-2.605388,-0.134659
71947,-2.149460,1.074730
71948,-3.528889,1.579063
71949,-2.899457,1.449729
71950,-2.141244,1.191580
71951,-1.445881,-0.074730
71952,-1.280886,-1.400969
71953,-3.304955,1.652478
71954,-2.394628,0.440071
71955,-3.652478,1.826239
71956,-1.836861,1.579063
71957,-3.397582,1.449729
71958,-2.605388,-0.134659
71959,-0.718169,-0.658322
71960,-2.347897,0.733052
71961,-2.641828,1.320914
71962,-3.484462,1.623490
71963,-3.268248,1.579063
71964,-3.824265,1.781812
71965,-2.641828,1.320914
71966,-3.866718,2.000000
71967,-3.102206,1.246980
71968,-3.658223,1.449729
71969,-3.650504,1.955573
71970,-3.123202,0.900969
71971,-2.461033,1.955573
71972,-3.268248,1.579063
71973,-2.526723,-0.425270
71974,-1.873490,-1.123490
71975,-3.652478,1.826239
71976,-2.810768,0.142820
71977,0.288795,0.698220
71978,-3.427775,0.988831
71979,-2.899457,1.449729
71980,-1.801938,0.900969
71981,-3.826239,1.652478
71982,-3.822291,1.911146
71983,-2.872277,1.781812
71984,-0.712635,-0.074730
71985,-0.709622,0.099031
71986,-2.100697,-0.147791
71987,-3.563623,1.781812
71988,-2.374152,1.781812
71989,-3.427775,0.988831
71990,-3.824265,1.781812
71991,-2.780575,0.603718
71992,-3.161387,1.365341
71993,-2.374152,1.781812
71994,-1.014727,-0.162592
71995,-3.304955,1.652478
71996,-3.490208,1.246980
71997,-2.176109,0.777479
71998,-4.000000,2.000000
71999,-3.304955,1.652478
72000,-0.911146,0.455573
72001,-1.873040,-1.211352
72002,-3.911146,1.955573
72003,-3.335148,1.191580
72004,-3.824265,1.781812
72005,-3.826239,1.652478
72006,-3.324167,1.911146
72007,-2.899457,1.449729
72008,-0.338389,0.900969
72009,-2.883745,1.030303
72010,-2.208111,1.449729
72011,-3.065499,1.781812
72012,-3.652478,1.826239
72013,-3.152379,1.955573
72014,-2.598822,-0.147791
72015,-3.824265,1.781812
72016,-3.652478,1.826239
72017,-3.563623,1.781812
72018,-3.652478,1.826239
72019,-3.397582,1.449729
72020,-3.911146,1.955573
72021,-3.484462,1.623490
72022,-3.161387,1.365341
72023,-3.335148,1.191580
72024,-3.824265,1.781812
72025,-1.127350,1.826239
72026,-2.181855,0.400969
72027,-3.167133,0.988831
72028,-2.336959,1.449729
72029,-2.874250,1.652478
72030,-3.658223,1.449729
72031,-3.652478,1.826239
72032,-2.835050,1.320914
72033,-3.326140,1.781812
72034,-3.215828,0.698220
72035,-2.885719,0.900969
72036,-3.563623,1.781812
72037,-3.911146,1.955573
72038,-3.335148,1.191580
72039,-1.849772,0.733052
72040,-2.874250,1.652478
72041,-2.899457,1.449729
72042,-2.700489,1.826239
72043,-3.826239,1.652478
72044,-3.656250,1.579063
72045,-3.824265,1.781812
72046,-3.826239,1.652478
72047,-3.095692,1.320914
72048,-3.397582,1.449729
72049,-3.397582,1.449729
72050,-3.158125,1.579063
72051,-2.810768,0.142820
72052,-2.892753,0.440071
72053,-1.836861,1.579063
72054,-1.601453,0.500000
72055,-1.244415,0.988831
72056,-1.607199,0.123490
72057,-1.690819,-1.488831
72058,-0.642527,-0.914101
72059,0.622142,0.730682
72060,-2.670453,0.603718
72061,-2.793116,1.623490
72062,-2.837543,1.579063
72063,-2.870469,2.000000
72064,-1.349189,0.603718
72065,-1.960449,1.826239
72066,-2.302521,1.030303
72067,-3.281713,1.826239
72068,-3.397582,1.449729
72069,-1.214222,1.449729
72070,-3.051264,1.365341
72071,-2.598822,-0.147791
72072,-2.228125,1.365341
72073,-3.102206,1.246980
72074,-2.641828,1.320914
72075,-1.558067,-1.233052
72076,-2.964384,1.191580
72077,-2.311457,-0.722521
72078,-3.088468,0.698220
72079,-2.706235,1.449729
72080,-2.873202,0.400969
72081,-1.845869,0.988831
72082,-1.027479,-0.277479
72083,0.144005,-0.955573
72084,-2.598822,-0.147791
72085,-2.777479,-0.445042
72086,-3.397582,1.449729
72087,-3.490208,1.246980
72088,-1.977662,0.988831
72089,-2.641828,1.320914
72090,-3.246980,1.623490
72091,-3.123202,0.900969
72092,-2.874250,1.652478
72093,-3.158125,1.579063
72094,-2.430339,0.123490
72095,-3.095692,1.320914
72096,-3.397582,1.449729
72097,-2.700489,1.826239
72098,-3.563623,1.781812
72099,-2.518736,1.074730
72100,-1.637893,1.955573
72101,-2.598822,-0.147791
72102,-2.700489,1.826239
72103,-3.658223,1.449729
72104,-2.844057,0.730682
72105,-2.394628,0.440071
72106,-3.563623,1.781812
72107,-3.095692,1.320914
72108,-1.801938,0.900969
72109,-2.367905,-0.134659
72110,-3.484462,1.623490
72111,-3.095692,1.320914
72112,-1.836861,1.579063
72113,-1.945199,0.149460
72114,-3.563623,1.781812
72115,-0.700386,1.030303
72116,0.140244,0.123490
72117,-2.466259,1.191580
72118,-2.598822,-0.147791
72119,-2.343556,-0.658322
72120,-1.441541,-1.466104
72121,-0.078499,0.123490
72122,-3.462508,1.191580
72123,-3.088468,0.698220
72124,-2.056191,-1.233052
72125,-1.419626,-1.123490
72126,-0.913353,-0.365341
72127,-3.692957,1.652478
72128,-3.397582,1.449729
72129,-2.993868,1.030303
72130,-2.119812,-0.109562
72131,-2.235810,0.730682
72132,-3.955573,1.911146
72133,-3.268248,1.579063
72134,-1.086885,-1.400969
72135,-3.281713,1.826239
72136,-3.563623,1.781812
72137,-3.434289,1.911146
72138,-2.835050,1.320914
72139,-0.237965,1.579063
72140,-2.065597,-0.826239
72141,-2.116349,-1.634021
72142,-3.692957,1.652478
72143,-3.650504,1.955573
72144,-2.163198,1.623490
72145,-1.713557,-0.535628
72146,-2.500000,-1.000000
72147,-2.576901,1.579063
72148,-3.692957,1.652478
72149,0.382628,-0.277479
72150,-0.130454,-0.109562
72151,-2.385621,1.030303
72152,-3.563623,1.781812
72153,-3.652478,1.826239
72154,-3.324167,1.911146
72155,-3.158125,1.579063
72156,-3.656250,1.579063
72157,-3.911146,1.955573
72158,-3.397582,1.449729
72159,-2.272552,1.320914
72160,-2.883745,1.030303
72161,-3.153395,0.440071
72162,-1.275116,0.455573
72163,-1.928302,-1.488831
72164,-2.541119,0.733052
72165,-2.793116,1.623490
72166,-3.123202,0.900969
72167,-3.333174,1.320914
72168,-3.911146,1.955573
72169,-0.709622,0.099031
72170,-2.700489,1.826239
72171,-3.158125,1.579063
72172,-3.911146,1.955573
72173,-3.158125,1.579063
72174,-0.643478,-0.033258
72175,-1.070127,-0.826239
72176,-1.121986,-0.722521
72177,-2.110972,-1.123490
72178,-1.944528,-1.977662
72179,-1.921819,-1.889800
72180,-3.074730,0.149460
72181,-2.235810,0.730682
72182,-1.734301,-1.488831
72183,-2.964384,1.191580
72184,-1.224190,2.000000
72185,-0.569543,-0.955573
72186,-2.837543,1.579063
72187,-3.102206,1.246980
72188,-3.955573,1.911146
72189,0.073974,-0.445042
72190,-2.060606,1.030303
72191,-2.899457,1.449729
72192,-2.711958,1.074730
72193,-3.427775,0.988831
72194,-3.911146,1.955573
72195,-2.899457,1.449729
72196,-3.490208,1.246980
72197,-1.524320,-0.914101
72198,-2.883745,1.030303
72199,-2.835050,1.320914
72200,-1.771749,-1.801938
72201,-0.534124,-0.134659
72202,-3.095692,1.320914
72203,-3.822291,1.911146
72204,-3.824265,1.781812
72205,-3.484462,1.623490
72206,-2.060606,1.030303
72207,-3.065499,1.781812
72208,-3.911146,1.955573
72209,-3.824265,1.781812
72210,-1.116526,0.733052
72211,-3.158125,1.579063
72212,-0.823226,0.326239
72213,0.215734,0.400969
72214,-1.960449,1.826239
72215,-3.955573,1.911146
72216,-3.911146,1.955573
72217,-3.779838,1.826239
72218,-2.859464,-0.147791
72219,-1.762918,-1.211352
72220,-3.694931,1.911146
72221,-3.065499,1.781812
72222,-3.528889,1.579063
72223,-3.326140,1.781812
72224,-3.484462,1.623490
72225,-2.837543,1.579063
72226,-3.824265,1.781812
72227,-2.837543,1.579063
72228,-3.153395,0.440071
72229,-2.374152,1.781812
72230,-3.095692,1.320914
72231,-2.670453,0.603718
72232,-3.563623,1.781812
72233,-2.572099,-0.722521
72234,-3.528889,1.579063
72235,-2.742943,1.911146
72236,-3.153395,0.440071
72237,-3.281713,1.826239
72238,-3.484462,1.623490
72239,-1.000000,0.500000
72240,-0.117905,-0.134659
72241,0.166219,-1.000000
72242,-3.304955,1.652478
72243,-0.801938,0.400969
72244,-1.231001,-1.634021
72245,0.420441,-1.211352
72246,-0.408062,-0.162592
72247,-2.700489,1.826239
72248,-2.430339,0.123490
72249,-3.563623,1.781812
72250,-2.859464,-0.147791
72251,-3.822291,1.911146
72252,-3.324167,1.911146
72253,-2.669008,0.988831
72254,-2.166234,-1.400969
72255,-1.801938,0.900969
72256,-1.554958,0.777479
72257,-3.563623,1.781812
72258,-2.899457,1.449729
72259,-2.176109,0.777479
72260,-3.658223,1.449729
72261,-2.859464,-0.147791
72262,-1.811776,-1.721883
72263,-3.153395,0.440071
72264,-1.072099,0.777479
72265,-3.326140,1.781812
72266,-2.793116,1.623490
72267,-3.650504,1.955573
72268,-3.824265,1.781812
72269,-3.658223,1.449729
72270,-3.563623,1.781812
72271,-3.281713,1.826239
72272,-3.911146,1.955573
72273,-3.563623,1.781812
72274,-2.337712,0.326239
72275,-1.474108,-1.400969
72276,-2.563163,1.030303
72277,-2.641828,1.320914
72278,-3.484462,1.623490
72279,-3.866718,2.000000
72280,-2.605388,-0.134659
72281,-1.978621,0.733052
72282,-1.171501,-0.623490
72283,-2.056191,-1.233052
72284,-3.215828,0.698220
72285,-2.106074,-0.658322
72286,-2.777479,-0.445042
72287,-3.652478,1.826239
72288,-2.717704,0.698220
72289,-3.065499,1.781812
72290,-3.652478,1.826239
72291,-3.427775,0.988831
72292,-2.242359,1.781812
72293,-2.208111,1.449729
72294,-0.285935,0.123490
72295,-4.000000,2.000000
72296,-3.826239,1.652478
72297,-3.324167,1.911146
72298,-3.822291,1.911146
72299,-2.892753,0.440071
72300,-3.158125,1.579063
72301,-2.873202,0.400969
72302,-2.793116,1.623490
72303,-2.493959,1.246980
72304,-1.760035,1.320914
72305,-3.335148,1.191580
72306,-2.635719,0.400969
72307,-1.445881,-0.074730
72308,-2.060606,1.030303
72309,-1.406715,-0.277479
72310,-1.303596,-1.488831
72311,-3.051264,1.365341
72312,-3.153395,0.440071
72313,-3.088468,0.698220
72314,-3.650504,1.955573
72315,-3.528889,1.579063
72316,-1.558067,-1.233052
72317,-3.484462,1.623490
72318,-3.528889,1.579063
72319,-2.837543,1.579063
72320,-2.742943,1.911146
72321,-3.167133,0.988831
72322,-3.167133,0.988831
72323,-2.938128,0.142820
72324,-2.410859,1.246980
72325,-3.051264,1.365341
72326,-2.541119,0.733052
72327,-1.180804,0.266948
72328,0.744943,0.988831
72329,-0.866720,-1.233052
72330,-2.430339,0.123490
72331,-3.326140,1.781812
72332,-2.294861,-0.367711
72333,-3.324167,1.911146
72334,-1.284124,-0.134659
72335,-1.713557,-0.535628
72336,-3.484462,1.623490
72337,-2.810768,0.142820
72338,-2.874250,1.652478
72339,-2.385621,1.030303
72340,-3.658223,1.449729
72341,-1.026723,1.074730
72342,-3.658223,1.449729
72343,-3.427775,0.988831
72344,-2.541119,0.733052
72345,-1.873040,-1.211352
72346,-2.208111,1.449729
72347,-3.324167,1.911146
72348,-3.427775,0.988831
72349,-3.335148,1.191580
72350,-2.700489,1.826239
72351,-1.132335,-0.826239
72352,-3.427775,0.988831
72353,-1.858780,0.142820
72354,-3.652478,1.826239
72355,-3.065499,1.781812
72356,-1.262697,0.326239
72357,-3.563623,1.781812
72358,-2.518736,1.074730
72359,-2.826042,1.911146
72360,-2.518736,1.074730
72361,-2.810768,0.142820
72362,-3.822291,1.911146
72363,-1.462714,0.222521
72364,-1.233709,-0.623490
72365,-1.890808,-0.955573
72366,0.298012,0.500000
72367,-2.706235,1.449729
72368,-2.100697,-0.147791
72369,-3.333174,1.320914
72370,-3.281713,1.826239
72371,-3.694931,1.911146
72372,-3.824265,1.781812
72373,-3.167133,0.988831
72374,-1.412671,0.730682
72375,-1.568917,-1.211352
72376,-2.526723,-0.425270
72377,-3.051264,1.365341
72378,-2.899457,1.449729
72379,-2.431855,0.900969
72380,-3.333174,1.320914
72381,-1.695108,1.579063
72382,-3.427775,0.988831
72383,-3.281713,1.826239
72384,-1.801938,0.900969
72385,-3.268248,1.579063
72386,0.038027,-0.109562
72387,0.042115,1.191580
72388,-3.232059,0.730682
72389,-2.837543,1.579063
72390,-2.793116,1.623490
72391,-3.484462,1.623490
72392,-2.136480,0.698220
72393,-2.576901,1.579063
72394,-1.039051,0.266948
72395,-2.635719,0.400969
72396,-1.801938,0.900969
72397,-2.641828,1.320914
72398,-3.563623,1.781812
72399,-1.461364,0.730682
72400,-3.158125,1.579063
72401,-2.810768,0.142820
72402,-2.730682,1.365341
72403,-1.731730,-0.277479
72404,-3.304955,1.652478
72405,-4.000000,2.000000
72406,-3.650504,1.955573
72407,-2.899457,1.449729
72408,-2.780575,0.603718
72409,-0.226309,-0.914101
72410,-1.155045,-0.914101
72411,-2.941449,0.149460
72412,-3.304955,1.652478
72413,-2.641828,1.320914
72414,-2.883745,1.030303
72415,-3.158125,1.579063
72416,-2.777479,-0.445042
72417,-2.155959,-0.425270
72418,-0.195042,-0.277479
72419,-2.015156,0.455573
72420,-3.153395,0.440071
72421,-3.692957,1.652478
72422,-2.711958,1.074730
72423,-3.694931,1.911146
72424,-3.102206,1.246980
72425,-2.885719,0.900969
72426,-0.338389,0.900969
72427,-3.528889,1.579063
72428,-2.964384,1.191580
72429,-3.065499,1.781812
72430,-3.658223,1.449729
72431,-3.152379,1.955573
72432,-2.885719,0.900969
72433,-1.955475,-0.826239
72434,-0.938334,-0.826239
72435,-1.550062,0.900969
72436,-1.214222,1.449729
72437,-1.849772,0.733052
72438,-2.711958,1.074730
72439,-2.228125,1.365341
72440,-3.650504,1.955573
72441,-2.993868,1.030303
72442,-3.911146,1.955573
72443,-3.088468,0.698220
72444,-3.246980,1.623490
72445,1.266452,-0.365341
72446,-1.873490,-1.123490
72447,-3.822291,1.911146
72448,-3.652478,1.826239
72449,-3.246980,1.623490
72450,-3.658223,1.449729
72451,-3.246980,1.623490
72452,-3.658223,1.449729
72453,-3.658223,1.449729
72454,-2.669008,0.988831
72455,-2.168944,1.246980
72456,-2.892753,0.440071
72457,-2.730682,1.365341
72458,-3.123202,0.900969
72459,-3.095692,1.320914
72460,-3.095692,1.320914
72461,-3.333174,1.320914
72462,-3.335148,1.191580
72463,-2.311457,-0.722521
72464,-3.397582,1.449729
72465,-1.773241,0.455573
72466,-0.709394,0.440071
72467,-3.650504,1.955573
72468,0.632862,-0.162592
72469,-3.822291,1.911146
72470,-2.176109,0.777479
72471,-1.551012,1.781812
72472,-3.490208,1.246980
72473,-3.822291,1.911146
72474,-1.074632,0.054604
72475,-2.155959,-0.425270
72476,-0.169409,-0.109562
72477,-3.652478,1.826239
72478,-2.461033,1.955573
72479,-1.978621,0.733052
72480,-3.478716,2.000000
72481,-2.885719,0.900969
72482,-3.656250,1.579063
72483,-1.155045,-0.914101
72484,-3.158125,1.579063
72485,-1.811776,-1.721883
72486,-3.365341,0.730682
72487,-3.563623,1.781812
72488,-3.158125,1.579063
72489,-3.563623,1.781812
72490,-3.822291,1.911146
72491,-3.563623,1.781812
72492,-1.906779,-0.535628
72493,-2.605388,-0.134659
72494,-1.731730,-0.277479
72495,-0.735570,1.191580
72496,-2.598822,-0.147791
72497,-3.095692,1.320914
72498,-2.780575,0.603718
72499,-3.335148,1.191580
72500,-2.873202,0.400969
72501,-2.899457,1.449729
72502,-3.281713,1.826239
72503,-2.576901,1.579063
72504,-3.694931,1.911146
72505,-3.563623,1.781812
72506,-3.281713,1.826239
72507,-1.420728,1.030303
72508,-3.462508,1.191580
72509,-2.184738,-0.367711
72510,-1.890808,-0.955573
72511,-3.335148,1.191580
72512,-2.461033,1.955573
72513,-3.161387,1.365341
72514,-3.824265,1.781812
72515,-0.911146,0.455573
72516,-1.801938,0.900969
72517,-2.892753,0.440071
72518,-1.762008,1.191580
72519,-3.652478,1.826239
72520,-3.304955,1.652478
72521,-3.652478,1.826239
72522,-3.158125,1.579063
72523,-3.822291,1.911146
72524,-2.598822,-0.147791
72525,-2.605388,-0.134659
72526,-2.826042,1.911146
72527,-3.563623,1.781812
72528,-1.607199,0.123490
72529,-1.116526,0.733052
72530,-2.163198,1.623490
72531,-3.095692,1.320914
72532,-3.650504,1.955573
72533,-1.858780,0.142820
72534,-0.702281,0.603718
72535,-2.518736,1.074730
72536,-3.822291,1.911146
72537,-3.246980,1.623490
72538,-3.478716,2.000000
72539,-2.383160,1.191580
72540,-3.563623,1.781812
72541,-1.977662,0.988831
72542,-3.326140,1.781812
72543,-3.478716,2.000000
72544,-2.669008,0.988831
72545,-3.911146,1.955573
72546,-3.123202,0.900969
72547,-2.730682,1.365341
72548,-2.337712,0.326239
72549,-3.335148,1.191580
72550,-3.397582,1.449729
72551,-3.650504,1.955573
72552,-2.096023,2.000000
72553,-3.911146,1.955573
72554,-1.149815,1.320914
72555,0.132628,0.222521
72556,-3.779838,1.826239
72557,-3.123202,0.900969
72558,-1.492359,1.781812
72559,-1.005460,-0.955573
72560,-2.349870,0.603718
72561,-3.822291,1.911146
72562,-2.641828,1.320914
72563,-3.397582,1.449729
72564,-2.383160,1.191580
72565,-3.563623,1.781812
72566,-3.911146,1.955573
72567,-3.158125,1.579063
72568,-3.427775,0.988831
72569,-3.158125,1.579063
72570,-2.717704,0.698220
72571,-3.484462,1.623490
72572,-3.326140,1.781812
72573,-3.656250,1.579063
72574,-2.706235,1.449729
72575,-3.652478,1.826239
72576,-2.938128,0.142820
72577,-1.254687,0.698220
72578,-3.484462,1.623490
72579,-2.859464,-0.147791
72580,-2.518736,1.074730
72581,-2.116349,-1.634021
72582,-3.215828,0.698220
72583,-2.155959,-0.425270
72584,-2.635719,0.400969
72585,-2.541119,0.733052
72586,-3.158125,1.579063
72587,-3.824265,1.781812
72588,-2.941449,0.149460
72589,-1.039708,-0.623490
72590,-3.158125,1.579063
72591,-3.397582,1.449729
72592,-2.826042,1.911146
72593,-2.347897,0.733052
72594,-3.652478,1.826239
72595,-3.335148,1.191580
72596,-2.780575,0.603718
72597,-0.349031,0.400969
72598,-3.478716,2.000000
72599,-3.563623,1.781812
72600,-1.212812,0.093187
72601,-1.462714,0.222521
72602,-3.158125,1.579063
72603,-2.711958,1.074730
72604,-3.911146,1.955573
72605,-2.872277,1.781812
72606,-2.899457,1.449729
72607,-3.326140,1.781812
72608,-3.065499,1.781812
72609,-3.824265,1.781812
72610,-3.365341,0.730682
72611,-3.490208,1.246980
72612,-4.000000,2.000000
72613,-3.152379,1.955573
72614,-2.336959,1.449729
72615,-3.158125,1.579063
72616,-3.658223,1.449729
72617,-2.669008,0.988831
72618,-1.534266,-1.801938
72619,-2.526723,-0.425270
72620,-3.563623,1.781812
72621,-1.419626,-1.123490
72622,-3.335148,1.191580
72623,-3.656250,1.579063
72624,-1.594507,0.222521
72625,-2.793116,1.623490
72626,-3.650504,1.955573
72627,-2.883745,1.030303
72628,-3.304955,1.652478
72629,-2.605388,-0.134659
72630,-0.718169,-0.658322
72631,-0.709394,0.440071
72632,-3.652478,1.826239
72633,-1.462714,0.222521
72634,-3.246980,1.623490
72635,-2.892753,0.440071
72636,-2.892753,0.440071
72637,-0.881639,-1.977662
72638,-2.810768,0.142820
72639,-2.367905,-0.134659
72640,-3.658223,1.449729
72641,-2.641828,1.320914
72642,-1.492359,1.781812
72643,-2.730682,1.365341
72644,-2.810768,0.142820
72645,-3.123202,0.900969
72646,-2.873202,0.400969
72647,-3.822291,1.911146
72648,-3.911146,1.955573
72649,-3.333174,1.320914
72650,-2.892753,0.440071
72651,-3.333174,1.320914
72652,-3.652478,1.826239
72653,-2.883745,1.030303
72654,-3.167133,0.988831
72655,-2.336959,1.449729
72656,-2.294861,-0.367711
72657,-3.658223,1.449729
72658,-2.899457,1.449729
72659,-2.892753,0.440071
72660,-3.652478,1.826239
72661,-3.427775,0.988831
72662,-2.168944,1.246980
72663,-2.885719,0.900969
72664,-3.304955,1.652478
72665,-2.844057,0.730682
72666,-2.294861,-0.367711
72667,-3.652478,1.826239
72668,-2.493959,1.246980
72669,-2.056191,-1.233052
72670,-1.878417,-1.721883
72671,-3.333174,1.320914
72672,-2.116349,-1.634021
72673,-1.357582,-1.634021
72674,-0.932879,0.054604
72675,-0.983709,-1.123490
72676,-3.434289,1.911146
72677,-2.109756,0.123490
72678,-3.563623,1.781812
72679,-2.272552,1.320914
72680,-3.281713,1.826239
72681,-3.102206,1.246980
72682,-2.873202,0.400969
72683,-3.281713,1.826239
72684,-3.333174,1.320914
72685,-3.692957,1.652478
72686,-2.635719,0.400969
72687,-3.692957,1.652478
72688,-2.518736,1.074730
72689,-3.088468,0.698220
72690,-2.576901,1.579063
72691,-0.966034,-0.162592
72692,-1.811776,-1.721883
72693,-2.056191,-1.233052
72694,-2.892753,0.440071
72695,-2.184738,-0.367711
72696,-3.563623,1.781812
72697,-3.824265,1.781812
72698,-3.281713,1.826239
72699,-3.333174,1.320914
72700,-2.873202,0.400969
72701,-2.892753,0.440071
72702,-3.824265,1.781812
72703,-2.440004,0.142820
72704,-3.232059,0.730682
72705,-3.650504,1.955573
72706,-2.141244,1.191580
72707,-3.281713,1.826239
72708,-3.152379,1.955573
72709,-3.051264,1.365341
72710,-2.563163,1.030303
72711,-1.303596,-1.488831
72712,-3.152379,1.955573
72713,-2.336959,1.449729
72714,-2.461033,1.955573
72715,-3.335148,1.191580
72716,-3.427775,0.988831
72717,-2.899457,1.449729
72718,-2.256195,-0.445042
72719,-2.873202,0.400969
72720,-2.717704,0.698220
72721,-2.349870,0.603718
72722,-3.490208,1.246980
72723,-2.859464,-0.147791
72724,-2.899457,1.449729
72725,-3.161387,1.365341
72726,-1.270918,0.730682
72727,-2.654083,-0.425270
72728,-1.914041,-0.134659
72729,-2.383160,1.191580
72730,-0.309692,0.455573
72731,-3.167133,0.988831
72732,-3.335148,1.191580
72733,-2.730682,1.365341
72734,-1.149815,1.320914
72735,-3.824265,1.781812
72736,-2.793116,1.623490
72737,-3.152379,1.955573
72738,-3.656250,1.579063
72739,-2.176109,0.777479
72740,-3.652478,1.826239
72741,-1.262697,0.326239
72742,-2.430339,0.123490
72743,-1.717979,0.733052
72744,-1.607199,0.123490
72745,0.815825,-0.535628
72746,-2.311457,-0.722521
72747,-3.152379,1.955573
72748,-3.563623,1.781812
72749,-3.158125,1.579063
72750,-3.478716,2.000000
72751,-2.654083,-0.425270
72752,0.249707,0.603718
72753,-3.427775,0.988831
72754,-1.554958,0.777479
72755,-2.349870,0.603718
72756,-3.911146,1.955573
72757,-3.822291,1.911146
72758,-2.149460,1.074730
72759,-3.826239,1.652478
72760,-0.735570,1.191580
72761,-2.730682,1.365341
72762,-3.304955,1.652478
72763,-1.044797,-0.109562
72764,-3.824265,1.781812
72765,-3.158125,1.579063
72766,-3.324167,1.911146
72767,-3.427775,0.988831
72768,-3.161387,1.365341
72769,-1.524320,-0.914101
72770,-3.434289,1.911146
72771,-3.232059,0.730682
72772,-0.214510,0.149460
72773,-0.628209,0.455573
72774,-3.152379,1.955573
72775,-2.181855,0.400969
72776,-2.572099,-0.722521
72777,-3.065499,1.781812
72778,-3.779838,1.826239
72779,-3.563623,1.781812
72780,-3.484462,1.623490
72781,-3.397582,1.449729
72782,-2.311457,-0.722521
72783,-3.232059,0.730682
72784,-3.065499,1.781812
72785,-3.824265,1.781812
72786,-3.051264,1.365341
72787,-3.824265,1.781812
72788,0.175738,1.623490
72789,-2.410859,1.246980
72790,-0.916907,-0.365341
72791,-1.789708,1.246980
72792,-3.484462,1.623490
72793,-2.938128,0.142820
72794,-2.526723,-0.425270
72795,-1.933731,0.900969
72796,-3.123202,0.900969
72797,-3.397582,1.449729
72798,-3.563623,1.781812
72799,-3.434289,1.911146
72800,-3.427775,0.988831
72801,-2.563163,1.030303
72802,1.084249,0.698220
72803,-3.824265,1.781812
72804,-3.462508,1.191580
72805,-2.367905,-0.134659
72806,-2.706235,1.449729
72807,-3.194833,1.652478
72808,-3.563623,1.781812
72809,-2.208111,1.449729
72810,-2.440004,0.142820
72811,-2.641828,1.320914
72812,-3.528889,1.579063
72813,-2.793116,1.623490
72814,-1.890808,-0.955573
72815,-2.336959,1.449729
72816,-1.811776,-1.721883
72817,-1.890808,-0.955573
72818,-2.563163,1.030303
72819,-3.268248,1.579063
72820,-2.885719,0.900969
72821,-2.670453,0.603718
72822,-2.051596,1.911146
72823,-3.397582,1.449729
72824,-1.719513,1.246980
72825,-0.275975,0.123490
72826,-2.374152,1.781812
72827,-3.427775,0.988831
72828,-3.824265,1.781812
72829,-3.088468,0.698220
72830,-1.801938,0.900969
72831,-3.065499,1.781812
72832,-3.528889,1.579063
72833,-2.837543,1.579063
72834,-3.397582,1.449729
72835,-3.326140,1.781812
72836,-1.592048,0.093187
72837,0.231673,-0.134659
72838,-2.349870,0.603718
72839,-2.874250,1.652478
72840,-3.822291,1.911146
72841,-1.978621,0.733052
72842,-1.731730,-0.277479
72843,-0.621791,-0.955573
72844,-1.303596,-1.488831
72845,-2.793116,1.623490
72846,-3.658223,1.449729
72847,-3.528889,1.579063
72848,-3.095692,1.320914
72849,-3.462508,1.191580
72850,-3.123202,0.900969
72851,-3.484462,1.623490
72852,-3.824265,1.781812
72853,-3.528889,1.579063
72854,-3.123202,0.900969
72855,-3.694931,1.911146
72856,-2.837543,1.579063
72857,-1.445881,-0.074730
72858,-3.051264,1.365341
72859,-1.524320,-0.914101
72860,-0.190819,0.011169
72861,-3.563623,1.781812
72862,-2.038874,-1.400969
72863,-3.911146,1.955573
72864,-1.978716,-1.000000
72865,-2.641828,1.320914
72866,-3.528889,1.579063
72867,-3.824265,1.781812
72868,-2.873202,0.400969
72869,-1.717979,0.733052
72870,-3.167133,0.988831
72871,-2.208111,1.449729
72872,-3.095692,1.320914
72873,-2.873202,0.400969
72874,0.358917,1.449729
72875,-3.911146,1.955573
72876,-3.478716,2.000000
72877,-2.700489,1.826239
72878,-2.872277,1.781812
72879,-3.246980,1.623490
72880,-0.583781,0.500000
72881,-0.609756,1.623490
72882,-2.938128,0.142820
72883,-2.885719,0.900969
72884,-3.123202,0.900969
72885,-3.955573,1.911146
72886,-2.669008,0.988831
72887,-3.911146,1.955573
72888,-3.484462,1.623490
72889,-3.779838,1.826239
72890,-3.065499,1.781812
72891,-2.235810,0.730682
72892,-2.431855,0.900969
72893,-0.860591,0.400969
72894,-3.232059,0.730682
72895,-3.692957,1.652478
72896,-3.650504,1.955573
72897,-3.563623,1.781812
72898,-3.484462,1.623490
72899,-3.326140,1.781812
72900,-2.711958,1.074730
72901,-3.434289,1.911146
72902,-0.197601,-0.033258
72903,-1.849772,0.733052
72904,-3.826239,1.652478
72905,-1.813332,-0.722521
72906,-3.652478,1.826239
72907,-3.427775,0.988831
72908,-3.652478,1.826239
72909,-2.872277,1.781812
72910,-2.336959,1.449729
72911,-3.158125,1.579063
72912,-2.777479,-0.445042
72913,-1.922262,1.652478
72914,-3.826239,1.652478
72915,-3.652478,1.826239
72916,-3.478716,2.000000
72917,-3.333174,1.320914
72918,-3.911146,1.955573
72919,-2.844057,0.730682
72920,-3.822291,1.911146
72921,-3.335148,1.191580
72922,-3.658223,1.449729
72923,-1.745664,-1.466104
72924,-3.824265,1.781812
72925,-2.367905,-0.134659
72926,-3.694931,1.911146
72927,-2.272552,1.320914
72928,-2.870469,2.000000
72929,-2.311457,-0.722521
72930,0.044302,0.011169
72931,-2.109756,0.123490
72932,-3.563623,1.781812
72933,-3.281713,1.826239
72934,-1.375695,-1.211352
72935,-1.412671,0.730682
72936,-3.528889,1.579063
72937,-3.824265,1.781812
72938,-3.397582,1.449729
72939,-1.349189,0.603718
72940,-3.333174,1.320914
72941,-3.065499,1.781812
72942,-2.065597,-0.826239
72943,-0.563340,0.698220
72944,-3.194833,1.652478
72945,-3.484462,1.623490
72946,-3.955573,1.911146
72947,-3.650504,1.955573
72948,-2.885719,0.900969
72949,-3.434289,1.911146
72950,-3.268248,1.579063
72951,-3.152379,1.955573
72952,-3.088468,0.698220
72953,-2.993868,1.030303
72954,-3.779838,1.826239
72955,-3.779838,1.826239
72956,-3.167133,0.988831
72957,-3.281713,1.826239
72958,-3.194833,1.652478
72959,-3.866718,2.000000
72960,-3.528889,1.579063
72961,-2.109756,0.123490
72962,-2.136480,0.698220
72963,-1.713557,-0.535628
72964,-1.507653,-1.721883
72965,-2.302521,1.030303
72966,-2.670453,0.603718
72967,-2.641828,1.320914
72968,-3.779838,1.826239
72969,-3.326140,1.781812
72970,-3.088468,0.698220
72971,-1.466104,0.733052
72972,-3.528889,1.579063
72973,-1.413198,1.623490
72974,-2.872277,1.781812
72975,-2.964384,1.191580
72976,-3.650504,1.955573
72977,-2.993868,1.030303
72978,-3.326140,1.781812
72979,-3.866718,2.000000
72980,-3.779838,1.826239
72981,-3.779838,1.826239
72982,-2.011910,1.320914
72983,-1.648630,-0.277479
72984,0.140244,0.123490
72985,-0.810020,1.191580
72986,-3.826239,1.652478
72987,-3.652478,1.826239
72988,-3.911146,1.955573
72989,-3.826239,1.652478
72990,-3.304955,1.652478
72991,-2.669008,0.988831
72992,-2.383160,1.191580
72993,-3.484462,1.623490
72994,-3.822291,1.911146
72995,-3.478716,2.000000
72996,-2.883745,1.030303
72997,-3.095692,1.320914
72998,-2.859464,-0.147791
72999,-2.641828,1.320914
73000,-2.106074,-0.658322
73001,-1.873490,-1.123490
73002,-2.316833,-1.233052
73003,-3.650504,1.955573
73004,-3.246980,1.623490
73005,-3.650504,1.955573
73006,-3.955573,1.911146
73007,-2.526723,-0.425270
73008,-3.779838,1.826239
73009,-3.397582,1.449729
73010,-3.095692,1.320914
73011,-3.088468,0.698220
73012,-2.641828,1.320914
73013,-3.333174,1.320914
73014,-3.528889,1.579063
73015,-1.789708,1.246980
73016,-2.572099,-0.722521
73017,-2.641828,1.320914
73018,-2.563163,1.030303
73019,-3.650504,1.955573
73020,-1.978621,0.733052
73021,-3.694931,1.911146
73022,-2.873202,0.400969
73023,-2.259209,0.777479
73024,-2.706235,1.449729
73025,-3.650504,1.955573
73026,-3.911146,1.955573
73027,-2.835050,1.320914
73028,-1.873490,-1.123490
73029,-1.713557,-0.535628
73030,-3.065499,1.781812
73031,-3.528889,1.579063
73032,-2.136480,0.698220
73033,-0.043581,-1.233052
73034,-3.563623,1.781812
73035,-2.837543,1.579063
73036,-1.934194,0.777479
73037,-2.641828,1.320914
73038,-3.528889,1.579063
73039,-3.563623,1.781812
73040,-3.779838,1.826239
73041,-2.100697,-0.147791
73042,-1.594507,0.222521
73043,-2.742943,1.911146
73044,-0.866720,-1.233052
73045,-2.892753,0.440071
73046,-3.281713,1.826239
73047,-2.228125,1.365341
73048,-3.281713,1.826239
73049,-2.576901,1.579063
73050,-1.978716,-1.000000
73051,-3.528889,1.579063
73052,-3.484462,1.623490
73053,-3.692957,1.652478
73054,-3.528889,1.579063
73055,-2.635719,0.400969
73056,-3.484462,1.623490
73057,-3.397582,1.449729
73058,-2.696708,1.652478
73059,-2.394628,0.440071
73060,-2.706235,1.449729
73061,-1.577747,-1.801938
73062,-1.361599,-0.367711
73063,-3.462508,1.191580
73064,-2.641828,1.320914
73065,-1.636943,1.074730
73066,-3.152379,1.955573
73067,-3.088468,0.698220
73068,-2.899457,1.449729
73069,-2.311457,-0.722521
73070,-2.302521,1.030303
73071,-3.281713,1.826239
73072,-2.837543,1.579063
73073,-3.911146,1.955573
73074,-2.964384,1.191580
73075,-3.658223,1.449729
73076,-2.302521,1.030303
73077,-1.914041,-0.134659
73078,-3.694931,1.911146
73079,-2.302521,1.030303
73080,-2.563163,1.030303
73081,-3.333174,1.320914
73082,-2.526723,-0.425270
73083,-3.427775,0.988831
73084,-3.484462,1.623490
73085,-3.650504,1.955573
73086,-2.576901,1.579063
73087,-3.658223,1.449729
73088,-3.528889,1.579063
73089,-3.563623,1.781812
73090,-2.669008,0.988831
73091,-3.779838,1.826239
73092,-3.153395,0.440071
73093,-3.462508,1.191580
73094,-2.242359,1.781812
73095,-3.563623,1.781812
73096,-3.824265,1.781812
73097,-3.692957,1.652478
73098,-3.102206,1.246980
73099,-1.330319,-0.914101
73100,-2.873202,0.400969
73101,-2.466259,1.191580
73102,-2.466259,1.191580
73103,-2.993868,1.030303
73104,-3.911146,1.955573
73105,-2.563163,1.030303
73106,-2.394628,0.440071
73107,-3.692957,1.652478
73108,-3.281713,1.826239
73109,-2.371693,1.652478
73110,-3.268248,1.579063
73111,-3.427775,0.988831
73112,-1.577747,-1.801938
73113,-3.563623,1.781812
73114,-3.333174,1.320914
73115,-3.153395,0.440071
73116,-0.749532,0.698220
73117,-3.153395,0.440071
73118,-3.167133,0.988831
73119,-3.232059,0.730682
73120,-3.194833,1.652478
73121,-2.793116,1.623490
73122,-2.835050,1.320914
73123,-3.434289,1.911146
73124,-0.939778,-1.211352
73125,-3.102206,1.246980
73126,-1.492359,1.781812
73127,-3.694931,1.911146
73128,-3.462508,1.191580
73129,-0.985218,0.603718
73130,-2.635719,0.400969
73131,-2.742943,1.911146
73132,-3.088468,0.698220
73133,-3.152379,1.955573
73134,-3.051264,1.365341
73135,-3.779838,1.826239
73136,-3.694931,1.911146
73137,-3.326140,1.781812
73138,-3.194833,1.652478
73139,-3.911146,1.955573
73140,-2.885719,0.900969
73141,-2.872277,1.781812
73142,-3.462508,1.191580
73143,-3.326140,1.781812
73144,-3.658223,1.449729
73145,-2.742943,1.911146
73146,-3.866718,2.000000
73147,-2.885719,0.900969
73148,-0.596023,-1.000000
73149,-1.370469,-1.000000
73150,-1.375695,-1.211352
73151,-2.572099,-0.722521
73152,-2.385621,1.030303
73153,-3.652478,1.826239
73154,-1.978621,0.733052
73155,-3.563623,1.781812
73156,-1.926590,-0.109562
73157,-2.100697,-0.147791
73158,-3.911146,1.955573
73159,-2.793116,1.623490
73160,-2.410859,1.246980
73161,-0.121614,-1.123490
73162,-2.163198,1.623490
73163,-0.458468,1.320914
73164,-1.593993,0.988831
73165,-1.349578,0.500000
73166,-0.823226,0.326239
73167,-2.859464,-0.147791
73168,-3.779838,1.826239
73169,-3.650504,1.955573
73170,-3.528889,1.579063
73171,-3.427775,0.988831
73172,-3.694931,1.911146
73173,-2.873202,0.400969
73174,-3.065499,1.781812
73175,-0.569543,-0.955573
73176,-2.526723,-0.425270
73177,-1.813332,-0.722521
73178,-2.366718,-1.000000
73179,-1.026723,1.074730
73180,-1.086885,-1.400969
73181,-3.088468,0.698220
73182,-2.208111,1.449729
73183,-1.847313,0.603718
73184,-2.670453,0.603718
73185,-2.136480,0.698220
73186,-2.461033,1.955573
73187,-2.964384,1.191580
73188,-1.824442,1.449729
73189,-2.635719,0.400969
73190,-3.333174,1.320914
73191,-3.650504,1.955573
73192,-2.553446,0.149460
73193,-0.938334,-0.826239
73194,-2.430339,0.123490
73195,-2.793116,1.623490
73196,-3.822291,1.911146
73197,-2.334986,1.579063
73198,-3.167133,0.988831
73199,-4.000000,2.000000
73200,-3.335148,1.191580
73201,-3.824265,1.781812
73202,-3.650504,1.955573
73203,-3.563623,1.781812
73204,-1.945199,0.149460
73205,-3.095692,1.320914
73206,-2.700489,1.826239
73207,-1.275116,0.455573
73208,-3.158125,1.579063
73209,-3.652478,1.826239
73210,-3.822291,1.911146
73211,-2.654083,-0.425270
73212,-2.383160,1.191580
73213,-2.883745,1.030303
73214,-0.207271,1.246980
73215,-1.462714,0.222521
73216,-3.333174,1.320914
73217,-2.883745,1.030303
73218,-3.656250,1.579063
73219,-0.926428,-1.721883
73220,-0.938334,-0.826239
73221,-2.110972,-1.123490
73222,-0.538874,0.099031
73223,-1.719513,1.246980
73224,-2.696708,1.652478
73225,-2.374152,1.781812
73226,-2.696708,1.652478
73227,-2.837543,1.579063
73228,-3.088468,0.698220
73229,-2.563163,1.030303
73230,-1.890808,-0.955573
73231,-3.153395,0.440071
73232,-3.232059,0.730682
73233,-2.163198,1.623490
73234,-3.779838,1.826239
73235,-1.409351,-0.147791
73236,-0.500689,-0.365341
73237,-2.493959,1.246980
73238,-3.652478,1.826239
73239,-3.335148,1.191580
73240,-2.883745,1.030303
73241,-2.431855,0.900969
73242,-1.280886,-1.400969
73243,-3.563623,1.781812
73244,-3.232059,0.730682
73245,-2.670453,0.603718
73246,-2.056191,-1.233052
73247,-1.236955,-1.488831
73248,-2.440004,0.142820
73249,-1.775215,0.326239
73250,-3.694931,1.911146
73251,-3.333174,1.320914
73252,-3.153395,0.440071
73253,-2.835050,1.320914
73254,-2.885719,0.900969
73255,-3.153395,0.440071
73256,-1.727818,-1.889800
73257,-1.836861,1.579063
73258,-3.656250,1.579063
73259,-3.158125,1.579063
73260,-0.787833,-0.623490
73261,-3.484462,1.623490
73262,-2.461033,1.955573
73263,-2.826042,1.911146
73264,-2.336959,1.449729
73265,-3.427775,0.988831
73266,-2.098256,0.455573
73267,-2.168944,1.246980
73268,-1.300576,-0.365341
73269,-1.005460,-0.955573
73270,-2.941449,0.149460
73271,-3.822291,1.911146
73272,-3.826239,1.652478
73273,-2.669008,0.988831
73274,-2.941449,0.149460
73275,-2.635719,0.400969
73276,-2.810768,0.142820
73277,-1.717542,-0.914101
73278,-2.343556,-0.658322
73279,-2.141244,1.191580
73280,-3.194833,1.652478
73281,-3.268248,1.579063
73282,-3.658223,1.449729
73283,-2.859464,-0.147791
73284,-1.466104,0.733052
73285,-3.779838,1.826239
73286,-3.281713,1.826239
73287,-3.095692,1.320914
73288,-3.911146,1.955573
73289,-2.394628,0.440071
73290,-1.524320,-0.914101
73291,-2.302521,1.030303
73292,-3.955573,1.911146
73293,-3.281713,1.826239
73294,1.134659,0.730682
73295,-3.088468,0.698220
73296,-3.911146,1.955573
73297,-3.074730,0.149460
73298,-3.866718,2.000000
73299,-3.658223,1.449729
73300,-3.563623,1.781812
73301,-1.978716,-1.000000
73302,-3.650504,1.955573
73303,-3.623490,1.246980
73304,-3.397582,1.449729
73305,-3.065499,1.781812
73306,-3.658223,1.449729
73307,-3.281713,1.826239
73308,-3.911146,1.955573
73309,0.001504,0.400969
73310,-1.180804,0.266948
73311,-3.911146,1.955573
73312,-3.866718,2.000000
73313,-1.681370,1.030303
73314,-2.116349,-1.634021
73315,-1.978621,0.733052
73316,-2.872277,1.781812
73317,-3.824265,1.781812
73318,-3.955573,1.911146
73319,-2.184738,-0.367711
73320,-2.938128,0.142820
73321,-3.824265,1.781812
73322,-3.650504,1.955573
73323,-1.824442,1.449729
73324,-2.056191,-1.233052
73325,-3.268248,1.579063
73326,-2.835050,1.320914
73327,-1.123325,0.054604
73328,0.838212,-1.233052
73329,-2.892753,0.440071
73330,-3.692957,1.652478
73331,-3.167133,0.988831
73332,-3.623490,1.246980
73333,-3.268248,1.579063
73334,-2.149460,1.074730
73335,-2.302521,1.030303
73336,-0.275975,0.123490
73337,-2.635719,0.400969
73338,-3.232059,0.730682
73339,-3.051264,1.365341
73340,-2.742943,1.911146
73341,-3.051264,1.365341
73342,-2.742943,1.911146
73343,-1.647948,-0.445042
73344,-2.598822,-0.147791
73345,-2.635719,0.400969
73346,-2.885719,0.900969
73347,-1.934194,0.777479
73348,-2.410859,1.246980
73349,-2.563163,1.030303
73350,-2.964384,1.191580
73351,-2.605388,-0.134659
73352,-3.911146,1.955573
73353,-3.333174,1.320914
73354,-3.281713,1.826239
73355,-3.779838,1.826239
73356,-0.966034,-0.162592
73357,-3.397582,1.449729
73358,-3.484462,1.623490
73359,-3.232059,0.730682
73360,-2.106074,-0.658322
73361,-2.526723,-0.425270
73362,-1.574293,-1.721883
73363,-2.106074,-0.658322
73364,-2.060606,1.030303
73365,-3.484462,1.623490
73366,-3.335148,1.191580
73367,-2.700489,1.826239
73368,-3.326140,1.781812
73369,-1.811776,-1.721883
73370,-2.717704,0.698220
73371,-3.478716,2.000000
73372,-3.652478,1.826239
73373,-3.824265,1.781812
73374,-2.941449,0.149460
73375,-3.658223,1.449729
73376,-3.824265,1.781812
73377,-2.826042,1.911146
73378,-1.275116,0.455573
73379,-3.563623,1.781812
73380,-3.563623,1.781812
73381,-2.431855,0.900969
73382,-1.168783,-0.365341
73383,-3.563623,1.781812
73384,-3.822291,1.911146
73385,-2.810768,0.142820
73386,-3.335148,1.191580
73387,-2.431855,0.900969
73388,-1.594507,0.222521
73389,-3.246980,1.623490
73390,-3.152379,1.955573
73391,-3.826239,1.652478
73392,-2.899457,1.449729
73393,-2.730682,1.365341
73394,-2.110972,-1.123490
73395,-2.144490,0.326239
73396,-3.152379,1.955573
73397,-1.933731,0.900969
73398,-3.911146,1.955573
73399,-3.824265,1.781812
73400,-3.324167,1.911146
73401,-2.810768,0.142820
73402,-3.563623,1.781812
73403,-1.833963,0.093187
73404,-1.683887,-1.977662
73405,-2.294861,-0.367711
73406,-1.873490,-1.123490
73407,-1.775215,0.326239
73408,-1.275116,0.455573
73409,-1.643120,1.191580
73410,0.042115,1.191580
73411,-1.695108,1.579063
73412,-3.692957,1.652478
73413,-2.706235,1.449729
73414,-2.015156,0.455573
73415,-3.434289,1.911146
73416,-1.330319,-0.914101
73417,-1.858780,0.142820
73418,-1.855707,-1.634021
73419,-1.855707,-1.634021
73420,-3.102206,1.246980
73421,-3.153395,0.440071
73422,-0.121614,-1.123490
73423,-1.554958,0.777479
73424,-3.652478,1.826239
73425,0.815825,-0.535628
73426,-3.158125,1.579063
73427,-2.176109,0.777479
73428,-1.762008,1.191580
73429,-2.605388,-0.134659
73430,-3.304955,1.652478
73431,-2.899457,1.449729
73432,-3.427775,0.988831
73433,-2.635719,0.400969
73434,-2.208111,1.449729
73435,-2.899457,1.449729
73436,-1.637893,1.955573
73437,-2.336959,1.449729
73438,-1.475625,-0.623490
73439,-1.039708,-0.623490
73440,-3.911146,1.955573
73441,-3.281713,1.826239
73442,-1.906779,-0.535628
73443,-1.988459,-1.889800
73444,-3.824265,1.781812
73445,-3.152379,1.955573
73446,-2.835050,1.320914
73447,-3.652478,1.826239
73448,-1.280886,-1.400969
73449,-1.397882,0.603718
73450,-3.158125,1.579063
73451,-3.656250,1.579063
73452,-3.158125,1.579063
73453,-3.824265,1.781812
73454,-2.874250,1.652478
73455,-3.335148,1.191580
73456,-3.478716,2.000000
73457,-1.858780,0.142820
73458,-2.892753,0.440071
73459,-3.658223,1.449729
73460,-1.945199,0.149460
73461,-2.892753,0.440071
73462,-3.304955,1.652478
73463,-1.588247,1.365341
73464,-3.335148,1.191580
73465,-2.002903,1.911146
73466,-1.397882,0.603718
73467,-2.711958,1.074730
73468,-2.431855,0.900969
73469,-3.656250,1.579063
73470,-3.911146,1.955573
73471,-2.730682,1.365341
73472,-3.123202,0.900969
73473,-3.333174,1.320914
73474,-2.598822,-0.147791
73475,-3.365341,0.730682
73476,-2.885719,0.900969
73477,-2.334986,1.579063
73478,-1.551012,1.781812
73479,-3.563623,1.781812
73480,-2.711958,1.074730
73481,-3.822291,1.911146
73482,-3.563623,1.781812
73483,-2.706235,1.449729
73484,1.361949,0.142820
73485,-3.822291,1.911146
73486,-2.336959,1.449729
73487,-3.324167,1.911146
73488,-2.149460,1.074730
73489,-3.365341,0.730682
73490,-2.334986,1.579063
73491,-2.349870,0.603718
73492,-1.836861,1.579063
73493,-1.824442,1.449729
73494,-2.383160,1.191580
73495,-3.158125,1.579063
73496,-2.493959,1.246980
73497,-1.775215,0.326239
73498,-2.572099,-0.722521
73499,-3.658223,1.449729
73500,-2.859464,-0.147791
73501,-0.462714,-0.277479
73502,-2.844057,0.730682
73503,-3.911146,1.955573
73504,-3.153395,0.440071
73505,-2.349870,0.603718
73506,-1.601453,0.500000
73507,-3.658223,1.449729
73508,-3.650504,1.955573
73509,-3.650504,1.955573
73510,-3.650504,1.955573
73511,-2.644197,-0.445042
73512,-1.051938,0.900969
73513,-2.835050,1.320914
73514,-2.835050,1.320914
73515,-1.643120,1.191580
73516,-2.885719,0.900969
73517,-2.993868,1.030303
73518,-1.123325,0.054604
73519,-3.866718,2.000000
73520,-2.641828,1.320914
73521,-3.692957,1.652478
73522,-2.518736,1.074730
73523,-1.801938,0.900969
73524,-0.427724,0.054604
73525,-2.367905,-0.134659
73526,-2.109756,0.123490
73527,-3.462508,1.191580
73528,-3.911146,1.955573
73529,-3.563623,1.781812
73530,-1.116526,0.733052
73531,0.149460,-0.074730
73532,-2.334986,1.579063
73533,-3.427775,0.988831
73534,-3.478716,2.000000
73535,-3.658223,1.449729
73536,-2.810768,0.142820
73537,-3.822291,1.911146
73538,-3.658223,1.449729
73539,-2.899457,1.449729
73540,-3.326140,1.781812
73541,-3.824265,1.781812
73542,-1.773241,0.455573
73543,-3.065499,1.781812
73544,-2.941449,0.149460
73545,-0.855884,0.733052
73546,-2.826042,1.911146
73547,-3.158125,1.579063
73548,-3.822291,1.911146
73549,-3.246980,1.623490
73550,-3.158125,1.579063
73551,-3.490208,1.246980
73552,-2.706235,1.449729
73553,-3.824265,1.781812
73554,-1.801938,0.900969
73555,-3.822291,1.911146
73556,-3.652478,1.826239
73557,-3.911146,1.955573
73558,-3.484462,1.623490
73559,-0.712635,-0.074730
73560,-0.873502,-0.445042
73561,-2.038874,-1.400969
73562,-1.960449,1.826239
73563,-2.964384,1.191580
73564,-1.466104,0.733052
73565,-3.268248,1.579063
73566,-2.964384,1.191580
73567,-3.955573,1.911146
73568,-2.367905,-0.134659
73569,-1.006419,-1.211352
73570,-1.154522,0.988831
73571,-1.731816,1.652478
73572,-1.550062,0.900969
73573,-3.824265,1.781812
73574,-1.014727,-0.162592
73575,-1.080402,-1.801938
73576,-1.914041,-0.134659
73577,-3.652478,1.826239
73578,-3.167133,0.988831
73579,-2.810768,0.142820
73580,-2.261572,-0.955573
73581,-3.652478,1.826239
73582,-3.650504,1.955573
73583,-3.656250,1.579063
73584,-1.690819,-1.488831
73585,-2.430339,0.123490
73586,-3.652478,1.826239
73587,-3.656250,1.579063
73588,-1.198511,1.030303
73589,-1.607199,0.123490
73590,-0.939778,-1.211352
73591,-2.810768,0.142820
73592,-3.652478,1.826239
73593,-3.161387,1.365341
73594,-2.826042,1.911146
73595,-3.656250,1.579063
73596,-2.181855,0.400969
73597,-2.366718,-1.000000
73598,-0.195042,-0.277479
73599,-3.911146,1.955573
73600,-0.607038,-1.488831
73601,-1.594507,0.222521
73602,-1.554958,0.777479
73603,-3.333174,1.320914
73604,-2.826042,1.911146
73605,-3.326140,1.781812
73606,-2.349870,0.603718
73607,-1.717979,0.733052
73608,-3.333174,1.320914
73609,-2.883745,1.030303
73610,-2.777479,-0.445042
73611,-1.554958,0.777479
73612,1.234750,0.900969
73613,-0.966034,-0.162592
73614,-2.302521,1.030303
73615,-1.847313,0.603718
73616,-3.397582,1.449729
73617,-2.466259,1.191580
73618,-1.977662,0.988831
73619,0.600074,-0.367711
73620,0.040685,0.142820
73621,-1.965750,-1.801938
73622,-1.026723,1.074730
73623,-3.158125,1.579063
73624,-0.810020,1.191580
73625,-2.730682,1.365341
73626,-1.864156,-0.367711
73627,-3.826239,1.652478
73628,-3.656250,1.579063
73629,-3.161387,1.365341
73630,-3.335148,1.191580
73631,-2.883745,1.030303
73632,-3.158125,1.579063
73633,-3.563623,1.781812
73634,-3.158125,1.579063
73635,-2.383160,1.191580
73636,-1.524320,-0.914101
73637,-2.777479,-0.445042
73638,-3.333174,1.320914
73639,-3.333174,1.320914
73640,-3.490208,1.246980
73641,-2.874250,1.652478
73642,-0.712635,-0.074730
73643,-1.074632,0.054604
73644,-2.641828,1.320914
73645,-1.574293,-1.721883
73646,-0.712714,0.222521
73647,-2.793116,1.623490
73648,-2.635719,0.400969
73649,-1.811776,-1.721883
73650,-2.541119,0.733052
73651,-2.885719,0.900969
73652,-2.669008,0.988831
73653,-1.717979,0.733052
73654,-1.005460,-0.955573
73655,-2.526723,-0.425270
73656,-2.598822,-0.147791
73657,-3.335148,1.191580
73658,-2.635719,0.400969
73659,-3.326140,1.781812
73660,-2.518736,1.074730
73661,-3.563623,1.781812
73662,-3.215828,0.698220
73663,-0.823226,0.326239
73664,-3.158125,1.579063
73665,-1.149815,1.320914
73666,-3.152379,1.955573
73667,-3.656250,1.579063
73668,-0.408062,-0.162592
73669,1.700307,-1.233052
73670,-0.027125,-0.109562
73671,-2.163198,1.623490
73672,-3.652478,1.826239
73673,-1.955475,-0.826239
73674,-1.849772,0.733052
73675,-2.872277,1.781812
73676,-3.065499,1.781812
73677,-2.228125,1.365341
73678,-3.397582,1.449729
73679,-3.102206,1.246980
73680,-1.890808,-0.955573
73681,-3.167133,0.988831
73682,-2.109756,0.123490
73683,0.211126,-1.400969
73684,-2.311457,-0.722521
73685,-2.717704,0.698220
73686,-3.484462,1.623490
73687,-3.246980,1.623490
73688,-0.538874,0.099031
73689,-1.179763,1.911146
73690,-3.167133,0.988831
73691,-3.158125,1.579063
73692,0.747661,1.246980
73693,-1.801938,0.900969
73694,-2.793116,1.623490
73695,-3.427775,0.988831
73696,-3.102206,1.246980
73697,-3.779838,1.826239
73698,-2.870469,2.000000
73699,-3.824265,1.781812
73700,-1.168783,-0.365341
73701,-3.955573,1.911146
73702,-3.955573,1.911146
73703,-3.427775,0.988831
73704,-1.180804,0.266948
73705,-1.225625,-1.123490
73706,-3.656250,1.579063
73707,-3.826239,1.652478
73708,-3.324167,1.911146
73709,-3.158125,1.579063
73710,-3.911146,1.955573
73711,-3.123202,0.900969
73712,-3.826239,1.652478
73713,-3.652478,1.826239
73714,-2.261572,-0.955573
73715,-2.334986,1.579063
73716,-2.892753,0.440071
73717,-2.334986,1.579063
73718,-2.541119,0.733052
73719,-3.652478,1.826239
73720,-3.824265,1.781812
73721,-3.324167,1.911146
73722,-3.304955,1.652478
73723,-3.065499,1.781812
73724,-1.836861,1.579063
73725,-2.641828,1.320914
73726,-3.335148,1.191580
73727,-2.541119,0.733052
73728,-2.669008,0.988831
73729,-3.335148,1.191580
73730,-3.324167,1.911146
73731,-3.650504,1.955573
73732,-2.859464,-0.147791
73733,-1.703282,0.440071
73734,-3.824265,1.781812
73735,-3.824265,1.781812
73736,-3.478716,2.000000
73737,-3.158125,1.579063
73738,-2.176109,0.777479
73739,-3.563623,1.781812
73740,-3.658223,1.449729
73741,-2.780575,0.603718
73742,0.325184,-0.162592
73743,-0.113232,0.326239
73744,-3.563623,1.781812
73745,-3.333174,1.320914
73746,-3.397582,1.449729
73747,-2.576901,1.579063
73748,0.556688,1.365341
73749,-2.938128,0.142820
73750,-3.563623,1.781812
73751,-2.526723,-0.425270
73752,-3.650504,1.955573
73753,-3.563623,1.781812
73754,-3.866718,2.000000
73755,-1.695108,1.579063
73756,-3.528889,1.579063
73757,-2.394628,0.440071
73758,-0.528520,0.777479
73759,-2.343556,-0.658322
73760,-1.878417,-1.721883
73761,-0.022037,-0.623490
73762,0.249707,0.603718
73763,-3.158125,1.579063
73764,-3.824265,1.781812
73765,-3.650504,1.955573
73766,-2.844057,0.730682
73767,-3.065499,1.781812
73768,-1.127350,1.826239
73769,-1.933731,0.900969
73770,-2.810768,0.142820
73771,-1.652210,-0.658322
73772,-3.490208,1.246980
73773,-2.835050,1.320914
73774,-1.044797,-0.109562
73775,-0.336881,-0.826239
73776,-2.938128,0.142820
73777,-3.246980,1.623490
73778,-3.152379,1.955573
73779,-3.484462,1.623490
73780,-2.859464,-0.147791
73781,-3.152379,1.955573
73782,-3.658223,1.449729
73783,-3.268248,1.579063
73784,-0.214510,0.149460
73785,-3.484462,1.623490
73786,-2.563163,1.030303
73787,-1.643120,1.191580
73788,-3.167133,0.988831
73789,-2.837543,1.579063
73790,-3.065499,1.781812
73791,-1.695108,1.579063
73792,-2.835050,1.320914
73793,-2.706235,1.449729
73794,-3.268248,1.579063
73795,-2.228125,1.365341
73796,-2.302521,1.030303
73797,-2.136480,0.698220
73798,-3.692957,1.652478
73799,-2.388932,-0.955573
73800,-2.374152,1.781812
73801,-2.572099,-0.722521
73802,-1.928302,-1.488831
73803,-3.427775,0.988831
73804,-1.314088,-0.074730
73805,-3.365341,0.730682
73806,-3.658223,1.449729
73807,-3.650504,1.955573
73808,-3.824265,1.781812
73809,-2.367905,-0.134659
73810,-3.822291,1.911146
73811,-3.490208,1.246980
73812,-2.119812,-0.109562
73813,-2.696708,1.652478
73814,-3.153395,0.440071
73815,-3.167133,0.988831
73816,-2.635719,0.400969
73817,-1.601453,0.500000
73818,-1.960449,1.826239
73819,-3.281713,1.826239
73820,-2.119812,-0.109562
73821,-2.371693,1.652478
73822,-3.246980,1.623490
73823,-1.072099,0.777479
73824,0.196404,0.011169
73825,-2.374152,1.781812
73826,-2.810768,0.142820
73827,-2.883745,1.030303
73828,-3.335148,1.191580
73829,-3.563623,1.781812
73830,-3.822291,1.911146
73831,-3.563623,1.781812
73832,-3.478716,2.000000
73833,-2.810768,0.142820
73834,-2.885719,0.900969
73835,-2.873202,0.400969
73836,-3.158125,1.579063
73837,-3.652478,1.826239
73838,-3.158125,1.579063
73839,-2.518736,1.074730
73840,-1.801938,0.900969
73841,-2.885719,0.900969
73842,-2.184738,-0.367711
73843,-3.326140,1.781812
73844,-2.899457,1.449729
73845,-3.333174,1.320914
73846,-2.670453,0.603718
73847,-3.779838,1.826239
73848,-3.484462,1.623490
73849,-3.102206,1.246980
73850,-3.088468,0.698220
73851,-3.281713,1.826239
73852,-3.427775,0.988831
73853,-3.779838,1.826239
73854,-3.563623,1.781812
73855,-1.636943,1.074730
73856,-2.235810,0.730682
73857,-3.824265,1.781812
73858,-1.977662,0.988831
73859,-3.427775,0.988831
73860,-2.294861,-0.367711
73861,-2.430339,0.123490
73862,-3.490208,1.246980
73863,-0.132608,-0.535628
73864,-0.350619,-0.277479
73865,-3.563623,1.781812
73866,-1.813332,-0.722521
73867,-2.540461,0.123490
73868,-1.801938,0.900969
73869,-2.163198,1.623490
73870,-1.914041,-0.134659
73871,-1.233709,-0.623490
73872,-0.140335,-0.147791
73873,-0.576416,-0.658322
73874,-1.833963,0.093187
73875,-3.152379,1.955573
73876,-3.652478,1.826239
73877,-3.824265,1.781812
73878,-3.246980,1.623490
73879,-2.883745,1.030303
73880,-2.717704,0.698220
73881,-3.822291,1.911146
73882,-2.060606,1.030303
73883,-2.810768,0.142820
73884,-2.541119,0.733052
73885,-3.822291,1.911146
73886,-3.158125,1.579063
73887,-1.413419,-0.914101
73888,-1.419626,-1.123490
73889,-0.450484,-1.801938
73890,-1.577747,-1.801938
73891,-2.155959,-0.425270
73892,-2.385621,1.030303
73893,-3.652478,1.826239
73894,-3.650504,1.955573
73895,-2.383160,1.191580
73896,-1.922262,1.652478
73897,-2.835050,1.320914
73898,-2.635719,0.400969
73899,-3.652478,1.826239
73900,-2.899457,1.449729
73901,-2.060606,1.030303
73902,-2.461033,1.955573
73903,-3.822291,1.911146
73904,-1.955475,-0.826239
73905,-2.038874,-1.400969
73906,-3.824265,1.781812
73907,-3.563623,1.781812
73908,-2.347897,0.733052
73909,-1.960449,1.826239
73910,-2.149460,1.074730
73911,-3.427775,0.988831
73912,-3.051264,1.365341
73913,-3.484462,1.623490
73914,-3.528889,1.579063
73915,-3.563623,1.781812
73916,-3.955573,1.911146
73917,-1.926590,-0.109562
73918,-1.118740,0.142820
73919,-0.350619,-0.277479
73920,-0.266837,-0.445042
73921,-1.847313,0.603718
73922,-3.563623,1.781812
73923,-3.427775,0.988831
73924,-3.528889,1.579063
73925,-3.051264,1.365341
73926,-3.528889,1.579063
73927,-3.123202,0.900969
73928,-2.576901,1.579063
73929,-0.983709,-1.123490
73930,-1.926590,-0.109562
73931,-2.383160,1.191580
73932,-3.152379,1.955573
73933,-3.822291,1.911146
73934,-3.324167,1.911146
73935,-3.397582,1.449729
73936,-3.650504,1.955573
73937,-3.822291,1.911146
73938,-3.911146,1.955573
73939,-3.478716,2.000000
73940,-2.493959,1.246980
73941,-2.793116,1.623490
73942,-2.873202,0.400969
73943,-3.656250,1.579063
73944,-3.335148,1.191580
73945,-3.824265,1.781812
73946,-3.123202,0.900969
73947,-3.822291,1.911146
73948,-0.823226,0.326239
73949,-3.652478,1.826239
73950,-3.427775,0.988831
73951,-2.098256,0.455573
73952,-3.152379,1.955573
73953,-3.246980,1.623490
73954,-3.694931,1.911146
73955,-2.563163,1.030303
73956,-3.528889,1.579063
73957,-3.911146,1.955573
73958,-3.563623,1.781812
73959,-1.789708,1.246980
73960,-1.824442,1.449729
73961,-3.434289,1.911146
73962,-2.336959,1.449729
73963,-1.413198,1.623490
73964,-3.152379,1.955573
73965,0.806302,-0.277479
73966,-2.374152,1.781812
73967,-2.964384,1.191580
73968,-3.268248,1.579063
73969,-3.088468,0.698220
73970,-3.051264,1.365341
73971,-1.855707,-1.634021
73972,-1.727818,-1.889800
73973,-0.911146,0.455573
73974,-3.478716,2.000000
73975,-2.343556,-0.658322
73976,-3.397582,1.449729
73977,-2.873202,0.400969
73978,-3.652478,1.826239
73979,-3.650504,1.955573
73980,-3.158125,1.579063
73981,-1.577747,-1.801938
73982,-1.592048,0.093187
73983,-2.892753,0.440071
73984,-3.281713,1.826239
73985,-1.775215,0.326239
73986,-1.558725,-0.623490
73987,-3.528889,1.579063
73988,-3.911146,1.955573
73989,-3.484462,1.623490
73990,-3.194833,1.652478
73991,-3.397582,1.449729
73992,-1.849772,0.733052
73993,-2.873202,0.400969
73994,-0.569543,-0.955573
73995,-1.977662,0.988831
73996,-3.694931,1.911146
73997,-2.899457,1.449729
73998,-3.051264,1.365341
73999,-3.397582,1.449729
74000,-3.123202,0.900969
74001,-3.246980,1.623490
74002,-2.835050,1.320914
74003,-3.088468,0.698220
74004,-2.388932,-0.955573
74005,-0.490512,-1.721883
74006,-1.551938,0.400969
74007,-1.594507,0.222521
74008,-2.572099,-0.722521
74009,-3.161387,1.365341
74010,-1.762008,1.191580
74011,-3.650504,1.955573
74012,-3.650504,1.955573
74013,-2.096023,2.000000
74014,-0.686069,-0.722521
74015,-2.261572,-0.955573
74016,-2.883745,1.030303
74017,-3.658223,1.449729
74018,-2.056191,-1.233052
74019,-2.780575,0.603718
74020,-3.563623,1.781812
74021,-2.717704,0.698220
74022,-2.873202,0.400969
74023,-3.822291,1.911146
74024,-3.484462,1.623490
74025,-2.899457,1.449729
74026,-1.558067,-1.233052
74027,-2.166234,-1.400969
74028,-1.652210,-0.658322
74029,-1.558067,-1.233052
74030,0.239354,-0.074730
74031,-1.207436,0.603718
74032,-2.941449,0.149460
74033,-3.335148,1.191580
74034,-1.836861,1.579063
74035,-2.541119,0.733052
74036,-3.427775,0.988831
74037,-1.524320,-0.914101
74038,-3.158125,1.579063
74039,-1.977662,0.988831
74040,-2.541119,0.733052
74041,-2.883745,1.030303
74042,-3.215828,0.698220
74043,-3.490208,1.246980
74044,-3.822291,1.911146
74045,-3.911146,1.955573
74046,-3.911146,1.955573
74047,-3.822291,1.911146
74048,-2.430339,0.123490
74049,-1.607199,0.123490
74050,-2.700489,1.826239
74051,-3.397582,1.449729
74052,-3.427775,0.988831
74053,-3.427775,0.988831
74054,-3.397582,1.449729
74055,-2.334986,1.579063
74056,-3.246980,1.623490
74057,-3.911146,1.955573
74058,-3.095692,1.320914
74059,-2.349870,0.603718
74060,-2.941449,0.149460
74061,-2.810768,0.142820
74062,-3.152379,1.955573
74063,-2.644197,-0.445042
74064,-3.074730,0.149460
74065,-3.955573,1.911146
74066,-2.964384,1.191580
74067,-3.434289,1.911146
74068,-0.712714,0.222521
74069,-3.911146,1.955573
74070,-3.694931,1.911146
74071,-2.892753,0.440071
74072,-3.484462,1.623490
74073,-2.669008,0.988831
74074,-3.326140,1.781812
74075,-2.696708,1.652478
74076,-3.955573,1.911146
74077,-2.461033,1.955573
74078,-2.576901,1.579063
74079,-2.410859,1.246980
74080,-3.563623,1.781812
74081,-1.466104,0.733052
74082,-2.859464,-0.147791
74083,-2.056191,-1.233052
74084,-3.563623,1.781812
74085,-2.964384,1.191580
74086,-1.652210,-0.658322
74087,-3.658223,1.449729
74088,0.000835,0.222521
74089,-2.993868,1.030303
74090,-3.051264,1.365341
74091,-0.801039,-1.488831
74092,-1.690819,-1.488831
74093,-2.605388,-0.134659
74094,-3.484462,1.623490
74095,-3.650504,1.955573
74096,-2.383160,1.191580
74097,-3.427775,0.988831
74098,-3.397582,1.449729
74099,-2.347897,0.733052
74100,-3.335148,1.191580
74101,-3.822291,1.911146
74102,-3.326140,1.781812
74103,-2.873202,0.400969
74104,-3.333174,1.320914
74105,-3.563623,1.781812
74106,-3.326140,1.781812
74107,-0.219815,0.011169
74108,-1.558067,-1.233052
74109,-2.844057,0.730682
74110,-2.334986,1.579063
74111,-3.246980,1.623490
74112,-3.652478,1.826239
74113,-3.158125,1.579063
74114,-3.333174,1.320914
74115,-4.000000,2.000000
74116,-3.427775,0.988831
74117,-3.397582,1.449729
74118,-3.652478,1.826239
74119,-3.153395,0.440071
74120,-3.152379,1.955573
74121,-3.652478,1.826239
74122,-3.658223,1.449729
74123,-3.304955,1.652478
74124,-1.928302,-1.488831
74125,0.937499,0.603718
74126,-2.993868,1.030303
74127,-3.434289,1.911146
74128,-3.824265,1.781812
74129,-3.281713,1.826239
74130,-3.955573,1.911146
74131,-2.235810,0.730682
74132,-2.440004,0.142820
74133,-1.420728,1.030303
74134,-3.528889,1.579063
74135,-3.694931,1.911146
74136,-2.410859,1.246980
74137,-3.281713,1.826239
74138,-3.911146,1.955573
74139,-1.824442,1.449729
74140,-2.598822,-0.147791
74141,-3.824265,1.781812
74142,-3.694931,1.911146
74143,-3.824265,1.781812
74144,-2.706235,1.449729
74145,0.219124,-0.109562
74146,-2.266948,-1.466104
74147,-2.717704,0.698220
74148,-2.706235,1.449729
74149,-1.551938,0.400969
74150,-2.176109,0.777479
74151,-3.824265,1.781812
74152,-1.922262,1.652478
74153,-3.652478,1.826239
74154,-3.152379,1.955573
74155,-2.605388,-0.134659
74156,0.536998,0.900969
74157,0.263556,-0.955573
74158,-1.554958,0.777479
74159,-0.445042,0.222521
74160,-3.123202,0.900969
74161,-1.794458,-1.889800
74162,-2.635719,0.400969
74163,-2.885719,0.900969
74164,-3.462508,1.191580
74165,-1.977662,0.988831
74166,-3.152379,1.955573
74167,-2.136480,0.698220
74168,-3.333174,1.320914
74169,-3.123202,0.900969
74170,-1.643120,1.191580
74171,-2.208111,1.449729
74172,-0.368582,0.440071
74173,-2.872277,1.781812
74174,-1.960449,1.826239
74175,-3.563623,1.781812
74176,-3.462508,1.191580
74177,-0.567329,-0.365341
74178,-2.311457,-0.722521
74179,-2.110972,-1.123490
74180,-2.644197,-0.445042
74181,-1.551012,1.781812
74182,-3.779838,1.826239
74183,-3.650504,1.955573
74184,-3.694931,1.911146
74185,-2.302521,1.030303
74186,-1.262697,0.326239
74187,-1.801938,0.900969
74188,-0.763270,1.246980
74189,-0.487094,0.603718
74190,-1.330319,-0.914101
74191,-3.065499,1.781812
74192,-2.964384,1.191580
74193,-3.563623,1.781812
74194,-2.993868,1.030303
74195,-1.890808,-0.955573
74196,-3.333174,1.320914
74197,-3.866718,2.000000
74198,-2.184738,-0.367711
74199,-2.711958,1.074730
74200,-2.873202,0.400969
74201,-3.692957,1.652478
74202,-3.333174,1.320914
74203,-3.650504,1.955573
74204,-3.326140,1.781812
74205,-3.650504,1.955573
74206,-3.462508,1.191580
74207,0.432157,-0.535628
74208,-1.960449,1.826239
74209,-2.553446,0.149460
74210,-3.427775,0.988831
74211,-1.118740,0.142820
74212,-3.779838,1.826239
74213,-3.152379,1.955573
74214,-1.873490,-1.123490
74215,-1.051938,0.900969
74216,-3.650504,1.955573
74217,-2.810768,0.142820
74218,-2.316833,-1.233052
74219,-3.167133,0.988831
74220,-2.899457,1.449729
74221,-3.335148,1.191580
74222,-1.466104,0.733052
74223,-3.656250,1.579063
74224,-3.158125,1.579063
74225,-3.427775,0.988831
74226,-1.906779,-0.535628
74227,-1.244415,0.988831
74228,-2.883745,1.030303
74229,-2.181855,0.400969
74230,-2.334986,1.579063
74231,-3.650504,1.955573
74232,-3.161387,1.365341
74233,-1.717542,-0.914101
74234,-1.977662,0.988831
74235,-1.168783,-0.365341
74236,-2.430339,0.123490
74237,-3.652478,1.826239
74238,-2.383160,1.191580
74239,-3.427775,0.988831
74240,-3.490208,1.246980
74241,-2.334986,1.579063
74242,-3.824265,1.781812
74243,-3.167133,0.988831
74244,-1.303596,-1.488831
74245,-2.938128,0.142820
74246,-3.650504,1.955573
74247,-3.281713,1.826239
74248,-3.658223,1.449729
74249,-3.088468,0.698220
74250,-3.153395,0.440071
74251,-3.153395,0.440071
74252,-1.170753,0.149460
74253,-1.695108,1.579063
74254,-3.326140,1.781812
74255,-3.650504,1.955573
74256,-3.434289,1.911146
74257,-2.302521,1.030303
74258,-3.911146,1.955573
74259,-3.051264,1.365341
74260,-3.434289,1.911146
74261,-1.847313,0.603718
74262,-3.779838,1.826239
74263,-2.149460,1.074730
74264,-3.088468,0.698220
74265,-0.700307,0.733052
74266,-2.742943,1.911146
74267,-2.706235,1.449729
74268,-3.824265,1.781812
74269,-1.279149,1.191580
74270,-3.692957,1.652478
74271,-3.779838,1.826239
74272,-1.801938,0.900969
74273,-1.933731,0.900969
74274,-3.326140,1.781812
74275,-3.911146,1.955573
74276,-3.268248,1.579063
74277,-2.336959,1.449729
74278,-1.934194,0.777479
74279,-3.281713,1.826239
74280,-2.870469,2.000000
74281,-2.964384,1.191580
74282,-2.184738,-0.367711
74283,-3.167133,0.988831
74284,-2.892753,0.440071
74285,-0.801938,0.400969
74286,-3.123202,0.900969
74287,-3.281713,1.826239
74288,-3.955573,1.911146
74289,-3.623490,1.246980
74290,-3.650504,1.955573
74291,-2.859464,-0.147791
74292,-3.692957,1.652478
74293,-3.462508,1.191580
74294,-3.824265,1.781812
74295,-3.866718,2.000000
74296,-3.911146,1.955573
74297,-3.824265,1.781812
74298,-2.228125,1.365341
74299,-2.100697,-0.147791
74300,-2.242359,1.781812
74301,-1.926590,-0.109562
74302,-1.960449,1.826239
74303,-3.153395,0.440071
74304,-2.872277,1.781812
74305,-3.065499,1.781812
74306,-2.461033,1.955573
74307,-2.899457,1.449729
74308,-2.837543,1.579063
74309,-1.121986,-0.722521
74310,-2.136480,0.698220
74311,-3.779838,1.826239
74312,-3.484462,1.623490
74313,-0.855884,0.733052
74314,-1.210838,0.222521
74315,-2.899457,1.449729
74316,-3.658223,1.449729
74317,-3.650504,1.955573
74318,-3.326140,1.781812
74319,-3.824265,1.781812
74320,-2.873202,0.400969
74321,-0.621791,-0.955573
74322,-2.964384,1.191580
74323,-3.911146,1.955573
74324,-2.641828,1.320914
74325,-3.528889,1.579063
74326,-2.563163,1.030303
74327,-3.281713,1.826239
74328,0.295582,-0.147791
74329,-2.038874,-1.400969
74330,-3.065499,1.781812
74331,-2.885719,0.900969
74332,-3.694931,1.911146
74333,-3.658223,1.449729
74334,-3.167133,0.988831
74335,-3.824265,1.781812
74336,-2.576901,1.579063
74337,-3.232059,0.730682
74338,-2.835050,1.320914
74339,-3.623490,1.246980
74340,-3.088468,0.698220
74341,-3.623490,1.246980
74342,-3.427775,0.988831
74343,-3.911146,1.955573
74344,-3.563623,1.781812
74345,-2.410859,1.246980
74346,-1.412671,0.730682
74347,-2.885719,0.900969
74348,-1.849772,0.733052
74349,-1.634892,-0.826239
74350,-3.167133,0.988831
74351,-2.060606,1.030303
74352,-2.826042,1.911146
74353,-1.864156,-0.367711
74354,-1.397882,0.603718
74355,-2.700489,1.826239
74356,-3.123202,0.900969
74357,-1.773241,0.455573
74358,-0.974766,1.579063
74359,-2.872277,1.781812
74360,-3.335148,1.191580
74361,-3.824265,1.781812
74362,-3.563623,1.781812
74363,-3.161387,1.365341
74364,-2.777479,-0.445042
74365,-2.899457,1.449729
74366,-3.335148,1.191580
74367,-3.652478,1.826239
74368,-2.336959,1.449729
74369,-2.810768,0.142820
74370,-2.060606,1.030303
74371,-0.544620,-0.277479
74372,-2.793116,1.623490
74373,-2.098256,0.455573
74374,-3.911146,1.955573
74375,-3.335148,1.191580
74376,-1.811776,-1.721883
74377,-3.095692,1.320914
74378,-1.683887,-1.977662
74379,-1.811776,-1.721883
74380,-2.466259,1.191580
74381,-2.993868,1.030303
74382,-0.712714,0.222521
74383,-3.779838,1.826239
74384,-3.333174,1.320914
74385,-1.636943,1.074730
74386,-3.656250,1.579063
74387,-2.711958,1.074730
74388,-2.730682,1.365341
74389,-3.065499,1.781812
74390,-1.836861,1.579063
74391,-3.650504,1.955573
74392,-2.899457,1.449729
74393,-3.650504,1.955573
74394,-2.706235,1.449729
74395,-3.246980,1.623490
74396,-2.899457,1.449729
74397,-3.822291,1.911146
74398,-3.563623,1.781812
74399,-2.493959,1.246980
74400,-1.833963,0.093187
74401,-2.431855,0.900969
74402,-2.518736,1.074730
74403,-3.652478,1.826239
74404,-3.065499,1.781812
74405,-2.654083,-0.425270
74406,-2.493959,1.246980
74407,-2.383160,1.191580
74408,-3.478716,2.000000
74409,-2.835050,1.320914
74410,-3.656250,1.579063
74411,-3.478716,2.000000
74412,-1.683887,-1.977662
74413,-2.294861,-0.367711
74414,-2.883745,1.030303
74415,-2.780575,0.603718
74416,-3.397582,1.449729
74417,-3.158125,1.579063
74418,-3.215828,0.698220
74419,-2.383160,1.191580
74420,-3.650504,1.955573
74421,-3.911146,1.955573
74422,-2.717704,0.698220
74423,-1.760035,1.320914
74424,-2.859464,-0.147791
74425,-2.311457,-0.722521
74426,0.640322,0.326239
74427,-1.558067,-1.233052
74428,-1.474108,-1.400969
74429,-3.051264,1.365341
74430,-2.410859,1.246980
74431,-3.824265,1.781812
74432,-3.563623,1.781812
74433,-1.011473,1.652478
74434,-3.563623,1.781812
74435,-1.977662,0.988831
74436,-3.528889,1.579063
74437,-3.462508,1.191580
74438,-3.051264,1.365341
74439,-2.993868,1.030303
74440,-2.431855,0.900969
74441,-1.849772,0.733052
74442,-3.194833,1.652478
74443,-3.484462,1.623490
74444,-3.484462,1.623490
74445,-1.719513,1.246980
74446,-3.694931,1.911146
74447,-3.268248,1.579063
74448,-3.123202,0.900969
74449,-3.102206,1.246980
74450,-0.241532,0.054604
74451,-0.066833,-1.233052
74452,-2.096023,2.000000
74453,-0.317668,1.911146
74454,-2.717704,0.698220
74455,-3.324167,1.911146
74456,-3.326140,1.781812
74457,-2.730682,1.365341
74458,-1.813332,-0.722521
74459,-1.229693,-1.889800
74460,-2.336959,1.449729
74461,-3.911146,1.955573
74462,-3.652478,1.826239
74463,-1.361599,-0.367711
74464,-2.873202,0.400969
74465,-2.899457,1.449729
74466,-1.914041,-0.134659
74467,-3.194833,1.652478
74468,-2.706235,1.449729
74469,-3.246980,1.623490
74470,-3.462508,1.191580
74471,-2.374152,1.781812
74472,-0.966034,-0.162592
74473,-2.311457,-0.722521
74474,-3.462508,1.191580
74475,-1.462714,0.222521
74476,-3.427775,0.988831
74477,-3.194833,1.652478
74478,-3.694931,1.911146
74479,-3.065499,1.781812
74480,-2.899457,1.449729
74481,-1.713557,-0.535628
74482,-0.022338,0.011169
74483,-3.246980,1.623490
74484,-3.427775,0.988831
74485,-3.246980,1.623490
74486,-3.158125,1.579063
74487,-2.163198,1.623490
74488,-2.711958,1.074730
74489,-2.060606,1.030303
74490,-3.650504,1.955573
74491,-2.835050,1.320914
74492,-2.700489,1.826239
74493,-3.123202,0.900969
74494,-3.397582,1.449729
74495,-3.826239,1.652478
74496,-3.563623,1.781812
74497,-2.899457,1.449729
74498,-2.374152,1.781812
74499,-2.337712,0.326239
74500,-3.563623,1.781812
74501,-3.304955,1.652478
74502,-3.563623,1.781812
74503,0.544427,1.911146
74504,-3.324167,1.911146
74505,-1.212812,0.093187
74506,-1.849772,0.733052
74507,-3.427775,0.988831
74508,0.179425,-0.134659
74509,-0.350619,-0.277479
74510,-1.466104,0.733052
74511,-1.877888,-1.977662
74512,-2.572099,-0.722521
74513,-3.232059,0.730682
74514,-3.824265,1.781812
74515,-2.837543,1.579063
74516,-2.964384,1.191580
74517,-3.911146,1.955573
74518,-2.440004,0.142820
74519,-3.246980,1.623490
74520,-2.696708,1.652478
74521,-3.065499,1.781812
74522,-2.696708,1.652478
74523,-3.779838,1.826239
74524,-3.528889,1.579063
74525,-2.641828,1.320914
74526,-2.149460,1.074730
74527,-3.824265,1.781812
74528,-3.955573,1.911146
74529,-3.333174,1.320914
74530,-2.706235,1.449729
74531,-3.051264,1.365341
74532,-2.706235,1.449729
74533,-3.779838,1.826239
74534,-2.892753,0.440071
74535,-3.215828,0.698220
74536,-2.311457,-0.722521
74537,-3.824265,1.781812
74538,-3.167133,0.988831
74539,-1.960449,1.826239
74540,-3.065499,1.781812
74541,-2.872277,1.781812
74542,-2.644197,-0.445042
74543,-3.528889,1.579063
74544,-2.466259,1.191580
74545,-1.200484,0.900969
74546,-2.141244,1.191580
74547,0.001651,0.440071
74548,-3.694931,1.911146
74549,-3.779838,1.826239
74550,-1.634892,-0.826239
74551,-1.878417,-1.721883
74552,-2.431855,0.900969
74553,-1.357582,-1.634021
74554,-1.170844,-1.233052
74555,1.170153,-0.365341
74556,-0.712714,0.222521
74557,-1.558067,-1.233052
74558,-2.133667,-1.466104
74559,-2.837543,1.579063
74560,-3.326140,1.781812
74561,-3.427775,0.988831
74562,-3.694931,1.911146
74563,-2.242359,1.781812
74564,-3.528889,1.579063
74565,-3.051264,1.365341
74566,-0.476251,-0.367711
74567,-0.462714,-0.277479
74568,-2.941449,0.149460
74569,-2.598822,-0.147791
74570,-2.810768,0.142820
74571,-2.383160,1.191580
74572,-2.349870,0.603718
74573,-2.098256,0.455573
74574,-3.822291,1.911146
74575,-3.335148,1.191580
74576,-3.652478,1.826239
74577,-2.060606,1.030303
74578,-3.563623,1.781812
74579,-3.656250,1.579063
74580,-2.793116,1.623490
74581,-3.824265,1.781812
74582,-2.844057,0.730682
74583,-1.890808,-0.955573
74584,-1.977662,0.988831
74585,-2.383160,1.191580
74586,-1.833963,0.093187
74587,-2.883745,1.030303
74588,-3.911146,1.955573
74589,-3.065499,1.781812
74590,-2.899457,1.449729
74591,-2.654083,-0.425270
74592,-1.524320,-0.914101
74593,-3.478716,2.000000
74594,-3.215828,0.698220
74595,-3.652478,1.826239
74596,-3.658223,1.449729
74597,-3.563623,1.781812
74598,-2.518736,1.074730
74599,-3.656250,1.579063
74600,-1.977662,0.988831
74601,-2.349870,0.603718
74602,-0.388818,-0.425270
74603,-1.551938,0.400969
74604,-3.152379,1.955573
74605,-0.544620,-0.277479
74606,-2.261572,-0.955573
74607,-2.430339,0.123490
74608,-1.858780,0.142820
74609,-3.824265,1.781812
74610,-3.563623,1.781812
74611,-1.284124,-0.134659
74612,-3.656250,1.579063
74613,-3.478716,2.000000
74614,-3.824265,1.781812
74615,-3.427775,0.988831
74616,-2.810768,0.142820
74617,-3.215828,0.698220
74618,-1.926590,-0.109562
74619,-3.246980,1.623490
74620,-2.654083,-0.425270
74621,-1.116526,0.733052
74622,-2.060606,1.030303
74623,-3.326140,1.781812
74624,-2.367905,-0.134659
74625,-3.563623,1.781812
74626,-3.652478,1.826239
74627,-3.427775,0.988831
74628,-3.158125,1.579063
74629,-3.153395,0.440071
74630,-3.335148,1.191580
74631,-2.874250,1.652478
74632,-1.717979,0.733052
74633,-2.572099,-0.722521
74634,-3.427775,0.988831
74635,-2.106074,-0.658322
74636,-0.669220,1.781812
74637,-3.563623,1.781812
74638,-2.730682,1.365341
74639,-3.324167,1.911146
74640,-0.824281,-0.162592
74641,-1.794458,-1.889800
74642,-1.690819,-1.488831
74643,-0.001595,-0.425270
74644,0.000835,0.222521
74645,-3.281713,1.826239
74646,-1.933731,0.900969
74647,-3.333174,1.320914
74648,-3.955573,1.911146
74649,-3.658223,1.449729
74650,0.426559,-0.365341
74651,0.020611,-0.074730
74652,-2.883745,1.030303
74653,-3.656250,1.579063
74654,-1.492359,1.781812
74655,-3.652478,1.826239
74656,-2.700489,1.826239
74657,-3.563623,1.781812
74658,-0.789708,-1.123490
74659,-3.563623,1.781812
74660,-3.065499,1.781812
74661,-1.775215,0.326239
74662,-3.304955,1.652478
74663,-2.810768,0.142820
74664,-3.158125,1.579063
74665,-2.899457,1.449729
74666,-3.427775,0.988831
74667,-2.700489,1.826239
74668,-3.153395,0.440071
74669,-3.123202,0.900969
74670,-1.179763,1.911146
74671,-3.658223,1.449729
74672,-3.563623,1.781812
74673,-3.397582,1.449729
74674,-1.588247,1.365341
74675,-2.641828,1.320914
74676,-2.892753,0.440071
74677,-3.152379,1.955573
74678,-2.706235,1.449729
74679,-3.484462,1.623490
74680,-3.658223,1.449729
74681,-3.246980,1.623490
74682,-2.383160,1.191580
74683,-3.650504,1.955573
74684,-1.864156,-0.367711
74685,-2.316833,-1.233052
74686,-1.955475,-0.826239
74687,-3.484462,1.623490
74688,-2.176109,0.777479
74689,-2.793116,1.623490
74690,-3.397582,1.449729
74691,-1.551012,1.781812
74692,-3.153395,0.440071
74693,-2.144490,0.326239
74694,-3.123202,0.900969
74695,-3.167133,0.988831
74696,-3.397582,1.449729
74697,-3.158125,1.579063
74698,1.921580,1.826239
74699,-1.170844,-1.233052
74700,-1.275116,0.455573
74701,-2.730682,1.365341
74702,-2.835050,1.320914
74703,-3.158125,1.579063
74704,-1.396440,0.698220
74705,-3.911146,1.955573
74706,-3.158125,1.579063
74707,-3.490208,1.246980
74708,-3.167133,0.988831
74709,-2.056191,-1.233052
74710,-1.978621,0.733052
74711,-1.349578,0.500000
74712,-1.044797,-0.109562
74713,-0.816833,0.266948
74714,-2.711958,1.074730
74715,-2.106074,-0.658322
74716,-2.367905,-0.134659
74717,-2.870469,2.000000
74718,-3.484462,1.623490
74719,-0.186374,0.093187
74720,-1.647948,-0.445042
74721,-1.717542,-0.914101
74722,-3.694931,1.911146
74723,-3.102206,1.246980
74724,-3.123202,0.900969
74725,-1.978621,0.733052
74726,-3.281713,1.826239
74727,-3.779838,1.826239
74728,-2.541119,0.733052
74729,-3.051264,1.365341
74730,-3.824265,1.781812
74731,-2.149460,1.074730
74732,-3.095692,1.320914
74733,-2.311457,-0.722521
74734,-2.572099,-0.722521
74735,-2.837543,1.579063
74736,-3.462508,1.191580
74737,-1.593993,0.988831
74738,-3.088468,0.698220
74739,-0.553817,0.440071
74740,-3.779838,1.826239
74741,-2.641828,1.320914
74742,-1.601453,0.500000
74743,-2.100697,-0.147791
74744,-3.281713,1.826239
74745,-1.466104,0.733052
74746,-0.721721,-0.367711
74747,-2.572099,-0.722521
74748,-2.334986,1.579063
74749,-3.365341,0.730682
74750,-3.152379,1.955573
74751,-2.810768,0.142820
74752,-2.385621,1.030303
74753,-3.563623,1.781812
74754,-2.242359,1.781812
74755,-2.654083,-0.425270
74756,-3.911146,1.955573
74757,-2.430339,0.123490
74758,-1.441541,-1.466104
74759,-0.150597,0.400969
74760,-1.703282,0.440071
74761,-3.658223,1.449729
74762,-3.623490,1.246980
74763,-3.866718,2.000000
74764,-3.051264,1.365341
74765,-2.993868,1.030303
74766,-1.574293,-1.721883
74767,-1.988459,-1.889800
74768,-2.337712,0.326239
74769,-2.835050,1.320914
74770,-0.880142,0.440071
74771,-3.911146,1.955573
74772,-2.302521,1.030303
74773,-3.866718,2.000000
74774,-3.434289,1.911146
74775,-3.694931,1.911146
74776,-3.462508,1.191580
74777,-2.964384,1.191580
74778,-2.431855,0.900969
74779,-1.072099,0.777479
74780,-2.899457,1.449729
74781,-3.955573,1.911146
74782,-3.088468,0.698220
74783,-2.870469,2.000000
74784,-2.837543,1.579063
74785,-2.892753,0.440071
74786,-3.692957,1.652478
74787,-3.658223,1.449729
74788,-3.528889,1.579063
74789,-3.397582,1.449729
74790,-3.692957,1.652478
74791,-2.793116,1.623490
74792,-3.246980,1.623490
74793,-2.837543,1.579063
74794,-2.635719,0.400969
74795,-2.136480,0.698220
74796,-3.427775,0.988831
74797,-3.528889,1.579063
74798,-1.558725,-0.623490
74799,-2.885719,0.900969
74800,-1.760035,1.320914
74801,-2.635719,0.400969
74802,-3.051264,1.365341
74803,-3.434289,1.911146
74804,-1.154522,0.988831
74805,-1.648630,-0.277479
74806,-2.168944,1.246980
74807,-1.489885,-1.977662
74808,-3.528889,1.579063
74809,-2.696708,1.652478
74810,-2.440004,0.142820
74811,-1.624178,-1.488831
74812,-1.607199,0.123490
74813,-3.822291,1.911146
74814,-3.215828,0.698220
74815,-3.658223,1.449729
74816,-3.158125,1.579063
74817,-1.574293,-1.721883
74818,-2.706235,1.449729
74819,-1.760035,1.320914
74820,-0.259807,0.222521
74821,-2.110972,-1.123490
74822,-3.268248,1.579063
74823,-3.051264,1.365341
74824,-3.153395,0.440071
74825,-3.779838,1.826239
74826,-3.153395,0.440071
74827,-3.397582,1.449729
74828,-2.576901,1.579063
74829,-3.246980,1.623490
74830,-2.302521,1.030303
74831,-1.643120,1.191580
74832,-3.051264,1.365341
74833,-2.793116,1.623490
74834,-2.109756,0.123490
74835,-3.824265,1.781812
74836,-3.095692,1.320914
74837,-3.167133,0.988831
74838,-2.670453,0.603718
74839,-3.563623,1.781812
74840,-3.194833,1.652478
74841,-3.246980,1.623490
74842,-3.153395,0.440071
74843,-2.500000,-1.000000
74844,-2.964384,1.191580
74845,-3.102206,1.246980
74846,-1.734301,-1.488831
74847,-3.246980,1.623490
74848,-3.268248,1.579063
74849,-2.116349,-1.634021
74850,-3.304955,1.652478
74851,-1.836861,1.579063
74852,-3.427775,0.988831
74853,-3.167133,0.988831
74854,-2.711958,1.074730
74855,-3.822291,1.911146
74856,-2.261572,-0.955573
74857,-2.038874,-1.400969
74858,-2.316833,-1.233052
74859,-3.326140,1.781812
74860,-3.694931,1.911146
74861,-2.136480,0.698220
74862,-0.860591,0.400969
74863,-0.195042,-0.277479
74864,0.476746,-1.233052
74865,-2.810768,0.142820
74866,-3.158125,1.579063
74867,-3.123202,0.900969
74868,-3.563623,1.781812
74869,-3.158125,1.579063
74870,-2.605388,-0.134659
74871,-3.123202,0.900969
74872,-3.427775,0.988831
74873,-3.158125,1.579063
74874,-3.167133,0.988831
74875,-2.793116,1.623490
74876,-2.176109,0.777479
74877,-1.588247,1.365341
74878,-2.780575,0.603718
74879,-3.563623,1.781812
74880,-2.777479,-0.445042
74881,-3.563623,1.781812
74882,-1.922262,1.652478
74883,-3.563623,1.781812
74884,-2.155959,-0.425270
74885,-2.493959,1.246980
74886,-3.911146,1.955573
74887,-3.326140,1.781812
74888,-1.524320,-0.914101
74889,-3.158125,1.579063
74890,-1.212812,0.093187
74891,-3.824265,1.781812
74892,-2.810768,0.142820
74893,-2.899457,1.449729
74894,-3.822291,1.911146
74895,-3.158125,1.579063
74896,-1.551938,0.400969
74897,-3.158125,1.579063
74898,-2.892753,0.440071
74899,-3.652478,1.826239
74900,-3.652478,1.826239
74901,-3.911146,1.955573
74902,-2.347897,0.733052
74903,-2.717704,0.698220
74904,-3.652478,1.826239
74905,-2.899457,1.449729
74906,-1.833963,0.093187
74907,-3.822291,1.911146
74908,-3.335148,1.191580
74909,-2.874250,1.652478
74910,-1.280886,-1.400969
74911,-2.430339,0.123490
74912,-3.490208,1.246980
74913,-3.563623,1.781812
74914,-2.730682,1.365341
74915,-2.060606,1.030303
74916,-3.335148,1.191580
74917,-3.652478,1.826239
74918,-2.717704,0.698220
74919,-1.794458,-1.889800
74920,-0.197601,-0.033258
74921,-3.427775,0.988831
74922,-2.259209,0.777479
74923,-2.316833,-1.233052
74924,-3.246980,1.623490
74925,-3.824265,1.781812
74926,-3.397582,1.449729
74927,-3.692957,1.652478
74928,-2.711958,1.074730
74929,-3.694931,1.911146
74930,-3.397582,1.449729
74931,-2.696708,1.652478
74932,-3.167133,0.988831
74933,-2.099031,-1.801938
74934,-2.892753,0.440071
74935,-2.349870,0.603718
74936,-3.095692,1.320914
74937,-3.335148,1.191580
74938,-3.656250,1.579063
74939,-3.652478,1.826239
74940,-3.215828,0.698220
74941,-3.161387,1.365341
74942,-1.179763,1.911146
74943,-2.826042,1.911146
74944,-0.382320,0.988831
74945,-1.314088,-0.074730
74946,-1.864156,-0.367711
74947,-3.650504,1.955573
74948,-1.461364,0.730682
74949,-3.658223,1.449729
74950,-2.334986,1.579063
74951,-2.166234,-1.400969
74952,-2.116349,-1.634021
74953,-2.572099,-0.722521
74954,-2.598822,-0.147791
74955,-2.261572,-0.955573
74956,0.909272,-0.722521
74957,-1.811776,-1.721883
74958,-3.623490,1.246980
74959,-2.793116,1.623490
74960,-0.867905,1.365341
74961,-1.934194,0.777479
74962,-2.440004,0.142820
74963,-3.397582,1.449729
74964,-2.163198,1.623490
74965,-2.136480,0.698220
74966,-3.824265,1.781812
74967,-0.602063,-0.162592
74968,-1.978621,0.733052
74969,-2.431855,0.900969
74970,-3.528889,1.579063
74971,0.269318,-0.134659
74972,-0.966034,-0.162592
74973,-0.490512,-1.721883
74974,-2.155959,-0.425270
74975,-1.244415,0.988831
74976,-2.294861,-0.367711
74977,-3.824265,1.781812
74978,-3.158125,1.579063
74979,-3.650504,1.955573
74980,-3.478716,2.000000
74981,-3.652478,1.826239
74982,-3.335148,1.191580
74983,-2.837543,1.579063
74984,-3.088468,0.698220
74985,-1.349578,0.500000
74986,-1.652210,-0.658322
74987,-2.100697,-0.147791
74988,-3.462508,1.191580
74989,-2.367905,-0.134659
74990,-3.650504,1.955573
74991,-2.899457,1.449729
74992,-2.038874,-1.400969
74993,-2.065597,-0.826239
74994,-2.899457,1.449729
74995,-3.694931,1.911146
74996,-1.420728,1.030303
74997,-3.333174,1.320914
74998,-3.824265,1.781812
74999,-1.713557,-0.535628
75000,-0.219815,0.011169
75001,-3.335148,1.191580
75002,-2.598822,-0.147791
75003,-3.484462,1.623490
75004,-3.161387,1.365341
75005,-3.167133,0.988831
75006,-3.326140,1.781812
75007,-2.056191,-1.233052
75008,-2.347897,0.733052
75009,-2.892753,0.440071
75010,-2.872277,1.781812
75011,-3.563623,1.781812
75012,-2.168944,1.246980
75013,-3.652478,1.826239
75014,-2.872277,1.781812
75015,-3.123202,0.900969
75016,-2.540461,0.123490
75017,-3.051264,1.365341
75018,-2.038874,-1.400969
75019,-2.440004,0.142820
75020,-3.152379,1.955573
75021,-1.551012,1.781812
75022,-3.866718,2.000000
75023,-3.484462,1.623490
75024,-3.824265,1.781812
75025,-3.824265,1.781812
75026,-3.051264,1.365341
75027,-2.526723,-0.425270
75028,-2.696708,1.652478
75029,-2.184738,-0.367711
75030,-3.281713,1.826239
75031,0.092933,0.142820
75032,-2.654083,-0.425270
75033,-1.652210,-0.658322
75034,-2.730682,1.365341
75035,-2.261572,-0.955573
75036,-2.261572,-0.955573
75037,-2.883745,1.030303
75038,-3.215828,0.698220
75039,-3.304955,1.652478
75040,-3.365341,0.730682
75041,-3.563623,1.781812
75042,-2.883745,1.030303
75043,-3.822291,1.911146
75044,-3.333174,1.320914
75045,-2.431855,0.900969
75046,-3.658223,1.449729
75047,-2.349870,0.603718
75048,-2.176109,0.777479
75049,-2.885719,0.900969
75050,-3.911146,1.955573
75051,-1.873040,-1.211352
75052,-2.518736,1.074730
75053,-1.225625,-1.123490
75054,-2.302521,1.030303
75055,-3.051264,1.365341
75056,-3.866718,2.000000
75057,-3.397582,1.449729
75058,-1.072099,0.777479
75059,1.645994,-0.425270
75060,-1.027479,-0.277479
75061,-1.934194,0.777479
75062,-3.051264,1.365341
75063,-2.553446,0.149460
75064,-2.347897,0.733052
75065,-2.938128,0.142820
75066,-0.602063,-0.162592
75067,-2.065597,-0.826239
75068,-1.551584,-1.634021
75069,-2.837543,1.579063
75070,-3.333174,1.320914
75071,-2.106074,-0.658322
75072,-2.343556,-0.658322
75073,1.115691,-0.955573
75074,0.669968,0.266948
75075,-1.977662,0.988831
75076,-3.427775,0.988831
75077,-3.333174,1.320914
75078,-3.822291,1.911146
75079,-3.333174,1.320914
75080,-3.333174,1.320914
75081,-0.186374,0.093187
75082,-1.154522,0.988831
75083,-3.563623,1.781812
75084,-3.095692,1.320914
75085,-4.000000,2.000000
75086,-3.335148,1.191580
75087,-3.065499,1.781812
75088,-3.158125,1.579063
75089,-2.294861,-0.367711
75090,-0.880142,0.440071
75091,-2.711958,1.074730
75092,-3.822291,1.911146
75093,-3.427775,0.988831
75094,-3.563623,1.781812
75095,-3.563623,1.781812
75096,-3.822291,1.911146
75097,-2.706235,1.449729
75098,-1.955475,-0.826239
75099,-2.038874,-1.400969
75100,-1.171501,-0.623490
75101,-0.584824,-0.033258
75102,-3.478716,2.000000
75103,-3.304955,1.652478
75104,-1.384971,1.449729
75105,-2.383160,1.191580
75106,-3.822291,1.911146
75107,-2.874250,1.652478
75108,-3.304955,1.652478
75109,-3.161387,1.365341
75110,-2.605388,-0.134659
75111,-2.826042,1.911146
75112,-3.065499,1.781812
75113,-3.335148,1.191580
75114,-2.110972,-1.123490
75115,-0.186374,0.093187
75116,-3.065499,1.781812
75117,-2.885719,0.900969
75118,-3.065499,1.781812
75119,-2.343556,-0.658322
75120,-3.326140,1.781812
75121,-3.911146,1.955573
75122,-3.779838,1.826239
75123,-3.563623,1.781812
75124,-2.371693,1.652478
75125,-3.650504,1.955573
75126,-3.563623,1.781812
75127,-3.658223,1.449729
75128,-3.650504,1.955573
75129,-3.528889,1.579063
75130,-1.637893,1.955573
75131,-3.152379,1.955573
75132,-1.849772,0.733052
75133,-2.109756,0.123490
75134,-0.821489,0.440071
75135,-2.388932,-0.955573
75136,-3.462508,1.191580
75137,-2.641828,1.320914
75138,-2.576901,1.579063
75139,-1.413419,-0.914101
75140,-0.067251,-0.162592
75141,-2.711958,1.074730
75142,-2.835050,1.320914
75143,-2.717704,0.698220
75144,-2.810768,0.142820
75145,-2.826042,1.911146
75146,-2.941449,0.149460
75147,-2.242359,1.781812
75148,-2.334986,1.579063
75149,-3.397582,1.449729
75150,-3.324167,1.911146
75151,-3.652478,1.826239
75152,-3.652478,1.826239
75153,-3.484462,1.623490
75154,-3.652478,1.826239
75155,-3.333174,1.320914
75156,-2.336959,1.449729
75157,-3.822291,1.911146
75158,-3.650504,1.955573
75159,-3.304955,1.652478
75160,-3.822291,1.911146
75161,-2.780575,0.603718
75162,-3.326140,1.781812
75163,-3.158125,1.579063
75164,-3.324167,1.911146
75165,-2.883745,1.030303
75166,-1.928302,-1.488831
75167,-2.060606,1.030303
75168,-3.397582,1.449729
75169,-2.711958,1.074730
75170,-3.911146,1.955573
75171,-3.158125,1.579063
75172,-3.563623,1.781812
75173,-3.563623,1.781812
75174,-3.652478,1.826239
75175,-3.911146,1.955573
75176,-2.700489,1.826239
75177,-2.780575,0.603718
75178,-3.652478,1.826239
75179,-2.859464,-0.147791
75180,-2.144490,0.326239
75181,-2.793116,1.623490
75182,-2.349870,0.603718
75183,-3.478716,2.000000
75184,-2.598822,-0.147791
75185,-3.652478,1.826239
75186,-3.158125,1.579063
75187,-1.349578,0.500000
75188,-2.208111,1.449729
75189,-1.955475,-0.826239
75190,-2.056191,-1.233052
75191,-2.166234,-1.400969
75192,-1.396440,0.698220
75193,-1.873490,-1.123490
75194,-2.106074,-0.658322
75195,-3.095692,1.320914
75196,-3.694931,1.911146
75197,-1.137418,-1.466104
75198,-1.169803,1.911146
75199,-3.152379,1.955573
75200,-0.861260,0.222521
75201,0.605149,-0.722521
75202,-2.641828,1.320914
75203,-2.431855,0.900969
75204,-3.158125,1.579063
75205,-3.826239,1.652478
75206,-2.311457,-0.722521
75207,-0.621791,-0.955573
75208,-3.658223,1.449729
75209,-3.911146,1.955573
75210,-3.911146,1.955573
75211,-1.420728,1.030303
75212,-2.605388,-0.134659
75213,-1.977662,0.988831
75214,-2.873202,0.400969
75215,-1.928302,-1.488831
75216,-0.437586,-0.445042
75217,-2.410859,1.246980
75218,-3.281713,1.826239
75219,-0.022037,-0.623490
75220,-1.878417,-1.721883
75221,-3.822291,1.911146
75222,-2.669008,0.988831
75223,-2.060606,1.030303
75224,-2.065597,-0.826239
75225,-3.694931,1.911146
75226,-3.065499,1.781812
75227,-3.824265,1.781812
75228,-3.088468,0.698220
75229,-2.964384,1.191580
75230,1.421501,1.623490
75231,-3.528889,1.579063
75232,-3.911146,1.955573
75233,-3.326140,1.781812
75234,-2.343556,-0.658322
75235,-3.955573,1.911146
75236,-3.462508,1.191580
75237,-2.873202,0.400969
75238,-1.027479,-0.277479
75239,-1.200484,0.900969
75240,-1.396440,0.698220
75241,-1.836861,1.579063
75242,-3.246980,1.623490
75243,-2.349870,0.603718
75244,-3.335148,1.191580
75245,-3.563623,1.781812
75246,-3.478716,2.000000
75247,-2.835050,1.320914
75248,-1.773241,0.455573
75249,-3.215828,0.698220
75250,-2.261572,-0.955573
75251,-2.168944,1.246980
75252,-3.824265,1.781812
75253,-3.152379,1.955573
75254,-3.484462,1.623490
75255,-3.158125,1.579063
75256,-3.822291,1.911146
75257,-3.095692,1.320914
75258,-2.272552,1.320914
75259,-2.605388,-0.134659
75260,-3.652478,1.826239
75261,-3.123202,0.900969
75262,-3.652478,1.826239
75263,-2.872277,1.781812
75264,-3.478716,2.000000
75265,-3.911146,1.955573
75266,-2.334986,1.579063
75267,-2.163198,1.623490
75268,-0.828197,0.988831
75269,-3.333174,1.320914
75270,-1.475625,-0.623490
75271,-0.637763,-0.535628
75272,-0.251492,0.054604
75273,-3.656250,1.579063
75274,-3.652478,1.826239
75275,-2.641828,1.320914
75276,-1.773241,0.455573
75277,-3.484462,1.623490
75278,-3.824265,1.781812
75279,-2.872277,1.781812
75280,-2.176109,0.777479
75281,-0.476251,-0.367711
75282,-3.088468,0.698220
75283,-3.694931,1.911146
75284,-1.960449,1.826239
75285,-3.824265,1.781812
75286,-2.641828,1.320914
75287,-2.859464,-0.147791
75288,-2.964384,1.191580
75289,-2.302521,1.030303
75290,-3.153395,0.440071
75291,-3.281713,1.826239
75292,-3.102206,1.246980
75293,-2.228125,1.365341
75294,-3.051264,1.365341
75295,-3.911146,1.955573
75296,-2.885719,0.900969
75297,-3.658223,1.449729
75298,-3.397582,1.449729
75299,-2.635719,0.400969
75300,-2.964384,1.191580
75301,-2.670453,0.603718
75302,-1.593993,0.988831
75303,-2.669008,0.988831
75304,-2.964384,1.191580
75305,-2.563163,1.030303
75306,-3.434289,1.911146
75307,-3.167133,0.988831
75308,-3.692957,1.652478
75309,-2.859464,-0.147791
75310,-2.181855,0.400969
75311,-3.051264,1.365341
75312,-3.434289,1.911146
75313,-2.272552,1.320914
75314,-1.977662,0.988831
75315,-2.641828,1.320914
75316,-0.932879,0.054604
75317,-2.336959,1.449729
75318,-1.789708,1.246980
75319,-3.866718,2.000000
75320,-3.650504,1.955573
75321,-3.434289,1.911146
75322,-2.641828,1.320914
75323,-3.692957,1.652478
75324,-2.038874,-1.400969
75325,0.123782,-0.147791
75326,-0.563340,0.698220
75327,-3.246980,1.623490
75328,-3.658223,1.449729
75329,-3.650504,1.955573
75330,-3.563623,1.781812
75331,-3.268248,1.579063
75332,-2.572099,-0.722521
75333,-2.343556,-0.658322
75334,-3.158125,1.579063
75335,-2.394628,0.440071
75336,-2.256195,-0.445042
75337,0.466409,-0.445042
75338,-1.890808,-0.955573
75339,-2.410859,1.246980
75340,-2.899457,1.449729
75341,-3.268248,1.579063
75342,-3.563623,1.781812
75343,-3.167133,0.988831
75344,-3.088468,0.698220
75345,-3.484462,1.623490
75346,-2.938128,0.142820
75347,-3.824265,1.781812
75348,-0.596023,-1.000000
75349,-0.721721,-0.367711
75350,-2.336959,1.449729
75351,-3.563623,1.781812
75352,-2.706235,1.449729
75353,-3.326140,1.781812
75354,-2.096023,2.000000
75355,-2.885719,0.900969
75356,-3.215828,0.698220
75357,-3.158125,1.579063
75358,-3.652478,1.826239
75359,-3.824265,1.781812
75360,-3.123202,0.900969
75361,-3.563623,1.781812
75362,-2.431855,0.900969
75363,-2.700489,1.826239
75364,-2.844057,0.730682
75365,-1.262697,0.326239
75366,-2.711958,1.074730
75367,-3.490208,1.246980
75368,-3.911146,1.955573
75369,-3.658223,1.449729
75370,-3.658223,1.449729
75371,-2.011910,1.320914
75372,-2.343556,-0.658322
75373,-2.461033,1.955573
75374,-2.155959,-0.425270
75375,-2.873202,0.400969
75376,-1.475625,-0.623490
75377,-3.563623,1.781812
75378,-3.335148,1.191580
75379,-2.385621,1.030303
75380,-2.100697,-0.147791
75381,-3.563623,1.781812
75382,-1.236955,-1.488831
75383,0.130578,0.142820
75384,-1.577747,-1.801938
75385,-3.153395,0.440071
75386,-3.866718,2.000000
75387,-3.650504,1.955573
75388,-3.824265,1.781812
75389,1.165077,-0.162592
75390,-0.349031,0.400969
75391,-1.955475,-0.826239
75392,-0.276723,-0.425270
75393,-3.462508,1.191580
75394,-2.993868,1.030303
75395,-0.779516,-0.535628
75396,-1.466104,0.733052
75397,-1.965750,-1.801938
75398,-2.343556,-0.658322
75399,-3.065499,1.781812
75400,-3.911146,1.955573
75401,-3.822291,1.911146
75402,-3.822291,1.911146
75403,-2.461033,1.955573
75404,-2.810768,0.142820
75405,-3.652478,1.826239
75406,-3.490208,1.246980
75407,-3.158125,1.579063
75408,-3.335148,1.191580
75409,-3.652478,1.826239
75410,-1.922262,1.652478
75411,-2.717704,0.698220
75412,-0.533896,0.266948
75413,-3.822291,1.911146
75414,-3.656250,1.579063
75415,-3.563623,1.781812
75416,-3.335148,1.191580
75417,-2.383160,1.191580
75418,-2.835050,1.320914
75419,-3.333174,1.320914
75420,-2.641828,1.320914
75421,-3.335148,1.191580
75422,-2.347897,0.733052
75423,-0.211190,0.142820
75424,-1.461364,0.730682
75425,-1.554958,0.777479
75426,-1.864156,-0.367711
75427,-2.060606,1.030303
75428,-3.158125,1.579063
75429,-1.727818,-1.889800
75430,-1.474108,-1.400969
75431,-2.184738,-0.367711
75432,-1.703282,0.440071
75433,-2.371693,1.652478
75434,-3.167133,0.988831
75435,-3.246980,1.623490
75436,-2.793116,1.623490
75437,-3.694931,1.911146
75438,-2.440004,0.142820
75439,-3.694931,1.911146
75440,-3.152379,1.955573
75441,-0.712635,-0.074730
75442,-1.733246,0.500000
75443,-2.141244,1.191580
75444,-2.109756,0.123490
75445,-3.563623,1.781812
75446,-3.650504,1.955573
75447,-2.540461,0.123490
75448,-1.811776,-1.721883
75449,-2.098256,0.455573
75450,-1.375695,-1.211352
75451,-2.641828,1.320914
75452,-3.051264,1.365341
75453,-2.553446,0.149460
75454,-2.466259,1.191580
75455,-2.431855,0.900969
75456,-2.228125,1.365341
75457,-2.181855,0.400969
75458,-2.065597,-0.826239
75459,-1.873040,-1.211352
75460,-3.215828,0.698220
75461,-1.524320,-0.914101
75462,0.631776,-1.634021
75463,-2.598822,-0.147791
75464,-3.694931,1.911146
75465,-3.281713,1.826239
75466,-3.232059,0.730682
75467,-2.431855,0.900969
75468,-3.563623,1.781812
75469,-2.259209,0.777479
75470,-3.153395,0.440071
75471,-2.641828,1.320914
75472,-3.123202,0.900969
75473,-2.837543,1.579063
75474,-3.824265,1.781812
75475,-3.088468,0.698220
75476,-1.466104,0.733052
75477,-2.644197,-0.445042
75478,-3.650504,1.955573
75479,-3.650504,1.955573
75480,-3.088468,0.698220
75481,-2.109756,0.123490
75482,-1.601453,0.500000
75483,-2.259209,0.777479
75484,-2.440004,0.142820
75485,0.298012,0.500000
75486,-2.144490,0.326239
75487,-2.883745,1.030303
75488,-1.945199,0.149460
75489,0.432848,-0.033258
75490,-3.911146,1.955573
75491,-3.484462,1.623490
75492,-3.152379,1.955573
75493,-2.641828,1.320914
75494,-3.397582,1.449729
75495,-3.326140,1.781812
75496,-3.822291,1.911146
75497,-2.730682,1.365341
75498,-3.658223,1.449729
75499,-2.780575,0.603718
75500,-2.777479,-0.445042
75501,-1.978621,0.733052
75502,-2.461033,1.955573
75503,-2.717704,0.698220
75504,-3.658223,1.449729
75505,-3.158125,1.579063
75506,-1.845869,0.988831
75507,-3.333174,1.320914
75508,-3.822291,1.911146
75509,-3.656250,1.579063
75510,-1.945199,0.149460
75511,-3.333174,1.320914
75512,-3.158125,1.579063
75513,-2.641828,1.320914
75514,-3.335148,1.191580
75515,-3.911146,1.955573
75516,-3.326140,1.781812
75517,-1.978621,0.733052
75518,-1.588247,1.365341
75519,-3.563623,1.781812
75520,-1.492359,1.781812
75521,-2.394628,0.440071
75522,-2.430339,0.123490
75523,-1.703282,0.440071
75524,-3.563623,1.781812
75525,-3.304955,1.652478
75526,-2.208111,1.449729
75527,-3.304955,1.652478
75528,-3.911146,1.955573
75529,-3.911146,1.955573
75530,-2.700489,1.826239
75531,-1.637893,1.955573
75532,-3.658223,1.449729
75533,-2.717704,0.698220
75534,-2.810768,0.142820
75535,-1.890808,-0.955573
75536,-3.167133,0.988831
75537,0.042115,1.191580
75538,-1.652210,-0.658322
75539,-3.866718,2.000000
75540,-2.872277,1.781812
75541,-2.873202,0.400969
75542,-3.692957,1.652478
75543,-3.434289,1.911146
75544,-3.563623,1.781812
75545,-2.526723,-0.425270
75546,-1.978621,0.733052
75547,-3.563623,1.781812
75548,-3.268248,1.579063
75549,-3.528889,1.579063
75550,-3.268248,1.579063
75551,-3.563623,1.781812
75552,-2.228125,1.365341
75553,-2.461033,1.955573
75554,-1.845869,0.988831
75555,-2.641828,1.320914
75556,-2.793116,1.623490
75557,-1.475625,-0.623490
75558,-1.413198,1.623490
75559,-3.065499,1.781812
75560,-3.478716,2.000000
75561,-3.365341,0.730682
75562,-2.106074,-0.658322
75563,-2.261572,-0.955573
75564,-3.215828,0.698220
75565,-2.261572,-0.955573
75566,-2.810768,0.142820
75567,-2.777479,-0.445042
75568,-0.916907,-0.365341
75569,-2.302521,1.030303
75570,-3.088468,0.698220
75571,-3.281713,1.826239
75572,-2.374152,1.781812
75573,-3.692957,1.652478
75574,-3.563623,1.781812
75575,-3.427775,0.988831
75576,-3.051264,1.365341
75577,-1.557314,-0.109562
75578,-0.967322,0.123490
75579,-2.572099,-0.722521
75580,-2.563163,1.030303
75581,-2.431855,0.900969
75582,-3.824265,1.781812
75583,-3.281713,1.826239
75584,-3.623490,1.246980
75585,-1.637893,1.955573
75586,-1.551012,1.781812
75587,-3.911146,1.955573
75588,-1.801938,0.900969
75589,-1.384971,1.449729
75590,-2.576901,1.579063
75591,-2.302521,1.030303
75592,-3.088468,0.698220
75593,-2.892753,0.440071
75594,-2.837543,1.579063
75595,-3.692957,1.652478
75596,-3.232059,0.730682
75597,-1.072099,0.777479
75598,-2.964384,1.191580
75599,-3.484462,1.623490
75600,-0.966034,-0.162592
75601,-2.572099,-0.722521
75602,-2.706235,1.449729
75603,-3.153395,0.440071
75604,-3.246980,1.623490
75605,-3.911146,1.955573
75606,-3.194833,1.652478
75607,-3.246980,1.623490
75608,-2.184738,-0.367711
75609,-1.233709,-0.623490
75610,-3.528889,1.579063
75611,-2.461033,1.955573
75612,-2.553446,0.149460
75613,-3.779838,1.826239
75614,-1.801938,0.900969
75615,-3.692957,1.652478
75616,-3.658223,1.449729
75617,-3.955573,1.911146
75618,-3.268248,1.579063
75619,-2.696708,1.652478
75620,-3.167133,0.988831
75621,-2.793116,1.623490
75622,-3.692957,1.652478
75623,-3.484462,1.623490
75624,-2.870469,2.000000
75625,-3.650504,1.955573
75626,-2.899457,1.449729
75627,-3.563623,1.781812
75628,-3.955573,1.911146
75629,-3.326140,1.781812
75630,1.025798,-0.955573
75631,0.116318,-1.211352
75632,-2.311457,-0.722521
75633,-2.430339,0.123490
75634,-3.822291,1.911146
75635,-3.153395,0.440071
75636,-0.939778,-1.211352
75637,-2.343556,-0.658322
75638,-1.592048,0.093187
75639,-1.873490,-1.123490
75640,-1.661706,-1.634021
75641,-2.367905,-0.134659
75642,-3.911146,1.955573
75643,-3.955573,1.911146
75644,-3.051264,1.365341
75645,-0.146901,-0.134659
75646,-3.167133,0.988831
75647,-1.225625,-1.123490
75648,-1.039708,-0.623490
75649,-3.123202,0.900969
75650,-3.123202,0.900969
75651,-3.692957,1.652478
75652,-2.208111,1.449729
75653,-3.528889,1.579063
75654,-1.279149,1.191580
75655,-3.528889,1.579063
75656,-3.051264,1.365341
75657,-1.462714,0.222521
75658,-3.911146,1.955573
75659,-2.563163,1.030303
75660,-3.051264,1.365341
75661,-2.885719,0.900969
75662,-1.978621,0.733052
75663,-3.824265,1.781812
75664,-3.911146,1.955573
75665,-3.650504,1.955573
75666,-3.232059,0.730682
75667,-1.847313,0.603718
75668,-3.955573,1.911146
75669,-2.964384,1.191580
75670,-3.397582,1.449729
75671,-2.899457,1.449729
75672,-2.742943,1.911146
75673,-1.169803,1.911146
75674,-1.762918,-1.211352
75675,-3.528889,1.579063
75676,-3.623490,1.246980
75677,-1.180804,0.266948
75678,-2.272552,1.320914
75679,-1.027479,-0.277479
75680,-0.438255,-0.623490
75681,-3.365341,0.730682
75682,-2.780575,0.603718
75683,-1.773241,0.455573
75684,-2.717704,0.698220
75685,-3.304955,1.652478
75686,-3.822291,1.911146
75687,-3.652478,1.826239
75688,-1.062213,-0.074730
75689,-2.730682,1.365341
75690,-3.911146,1.955573
75691,-2.383160,1.191580
75692,-3.911146,1.955573
75693,-3.246980,1.623490
75694,-1.773241,0.455573
75695,-2.060606,1.030303
75696,-2.002903,1.911146
75697,-3.324167,1.911146
75698,-2.872277,1.781812
75699,-1.396440,0.698220
75700,-3.215828,0.698220
75701,-3.335148,1.191580
75702,-3.158125,1.579063
75703,-3.824265,1.781812
75704,-3.335148,1.191580
75705,-3.563623,1.781812
75706,-1.423694,-1.889800
75707,-1.717542,-0.914101
75708,-0.272214,-0.955573
75709,-1.323809,0.455573
75710,-2.540461,0.123490
75711,-3.955573,1.911146
75712,-2.336959,1.449729
75713,-2.872277,1.781812
75714,-2.347897,0.733052
75715,-2.641828,1.320914
75716,-2.964384,1.191580
75717,-3.824265,1.781812
75718,-1.794458,-1.889800
75719,-2.892753,0.440071
75720,-2.844057,0.730682
75721,-2.383160,1.191580
75722,-0.190819,0.011169
75723,-2.837543,1.579063
75724,-3.824265,1.781812
75725,-2.742943,1.911146
75726,-1.169803,1.911146
75727,-3.911146,1.955573
75728,-3.779838,1.826239
75729,-2.964384,1.191580
75730,-0.487094,0.603718
75731,-3.694931,1.911146
75732,-2.635719,0.400969
75733,-3.232059,0.730682
75734,-3.528889,1.579063
75735,-3.194833,1.652478
75736,-2.837543,1.579063
75737,-3.779838,1.826239
75738,-2.670453,0.603718
75739,-3.462508,1.191580
75740,-3.658223,1.449729
75741,-3.462508,1.191580
75742,-2.859464,-0.147791
75743,-1.648630,-0.277479
75744,-3.281713,1.826239
75745,-3.167133,0.988831
75746,-3.123202,0.900969
75747,-3.692957,1.652478
75748,-3.528889,1.579063
75749,-3.281713,1.826239
75750,-3.650504,1.955573
75751,-1.233709,-0.623490
75752,0.331531,0.440071
75753,-3.911146,1.955573
75754,-3.335148,1.191580
75755,-2.337712,0.326239
75756,-0.911146,0.455573
75757,-3.652478,1.826239
75758,-3.152379,1.955573
75759,-2.605388,-0.134659
75760,-3.326140,1.781812
75761,-2.060606,1.030303
75762,-2.461033,1.955573
75763,-3.324167,1.911146
75764,-3.650504,1.955573
75765,-3.427775,0.988831
75766,-2.874250,1.652478
75767,-3.333174,1.320914
75768,-1.466104,0.733052
75769,-2.644197,-0.445042
75770,-3.563623,1.781812
75771,-2.742943,1.911146
75772,-3.866718,2.000000
75773,-3.528889,1.579063
75774,-2.371693,1.652478
75775,-3.326140,1.781812
75776,-3.528889,1.579063
75777,-1.727818,-1.889800
75778,-3.232059,0.730682
75779,-2.431855,0.900969
75780,-2.576901,1.579063
75781,-2.011910,1.320914
75782,-3.268248,1.579063
75783,-3.528889,1.579063
75784,-1.462714,0.222521
75785,-0.272214,-0.955573
75786,-0.873502,-0.445042
75787,-2.430339,0.123490
75788,-0.156636,0.149460
75789,0.016102,0.455573
75790,-3.194833,1.652478
75791,-1.551938,0.400969
75792,-1.775215,0.326239
75793,-3.779838,1.826239
75794,-2.235810,0.730682
75795,-0.578811,-0.162592
75796,-0.666236,-1.634021
75797,-2.038874,-1.400969
75798,-3.824265,1.781812
75799,-2.641828,1.320914
75800,-2.518736,1.074730
75801,-2.388932,-0.955573
75802,-2.993868,1.030303
75803,-0.383765,0.603718
75804,-0.161161,-1.488831
75805,-1.253943,-1.233052
75806,-0.709622,0.099031
75807,-2.859464,-0.147791
75808,-3.826239,1.652478
75809,-3.158125,1.579063
75810,-3.656250,1.579063
75811,-2.826042,1.911146
75812,-2.826042,1.911146
75813,-3.158125,1.579063
75814,-3.167133,0.988831
75815,-3.563623,1.781812
75816,-2.367905,-0.134659
75817,-2.242359,1.781812
75818,-3.158125,1.579063
75819,-3.333174,1.320914
75820,-3.911146,1.955573
75821,-2.826042,1.911146
75822,-3.822291,1.911146
75823,-0.417598,-0.367711
75824,-1.695108,1.579063
75825,-3.694931,1.911146
75826,-3.333174,1.320914
75827,-3.694931,1.911146
75828,-3.623490,1.246980
75829,-3.650504,1.955573
75830,-2.563163,1.030303
75831,-1.873490,-1.123490
75832,-1.270918,0.730682
75833,-1.833963,0.093187
75834,-3.822291,1.911146
75835,-3.167133,0.988831
75836,-2.717704,0.698220
75837,-2.635719,0.400969
75838,-3.911146,1.955573
75839,-2.334986,1.579063
75840,-2.266948,-1.466104
75841,-1.960449,1.826239
75842,1.124714,1.449729
75843,-2.576901,1.579063
75844,-3.779838,1.826239
75845,-3.051264,1.365341
75846,-0.586211,-0.147791
75847,-3.779838,1.826239
75848,-2.563163,1.030303
75849,-3.427775,0.988831
75850,-2.670453,0.603718
75851,-2.711958,1.074730
75852,-2.136480,0.698220
75853,-2.696708,1.652478
75854,-3.563623,1.781812
75855,-2.541119,0.733052
75856,-1.762918,-1.211352
75857,-2.056191,-1.233052
75858,-1.683887,-1.977662
75859,-2.993868,1.030303
75860,-1.914041,-0.134659
75861,-3.866718,2.000000
75862,-3.779838,1.826239
75863,-3.484462,1.623490
75864,-3.051264,1.365341
75865,-2.440004,0.142820
75866,-1.180804,0.266948
75867,-3.658223,1.449729
75868,-3.462508,1.191580
75869,-3.194833,1.652478
75870,-2.859464,-0.147791
75871,-2.793116,1.623490
75872,-3.065499,1.781812
75873,-2.051596,1.911146
75874,-1.695108,1.579063
75875,-2.184738,-0.367711
75876,-1.965750,-1.801938
75877,-2.826042,1.911146
75878,-2.334986,1.579063
75879,-3.650504,1.955573
75880,-3.335148,1.191580
75881,-1.396440,0.698220
75882,-3.563623,1.781812
75883,-2.717704,0.698220
75884,-3.563623,1.781812
75885,-2.493959,1.246980
75886,-2.899457,1.449729
75887,-2.106074,-0.658322
75888,0.079338,-0.826239
75889,-2.941449,0.149460
75890,-3.563623,1.781812
75891,-1.551584,-1.634021
75892,-3.822291,1.911146
75893,-3.563623,1.781812
75894,-2.873202,0.400969
75895,-2.005777,-1.721883
75896,-3.281713,1.826239
75897,-2.605388,-0.134659
75898,-3.911146,1.955573
75899,-3.427775,0.988831
75900,-2.371693,1.652478
75901,-3.694931,1.911146
75902,-3.623490,1.246980
75903,-3.065499,1.781812
75904,-2.872277,1.781812
75905,-3.065499,1.781812
75906,-1.171501,-0.623490
75907,-3.397582,1.449729
75908,-2.228125,1.365341
75909,-1.934194,0.777479
75910,-2.576901,1.579063
75911,-2.374152,1.781812
75912,-2.899457,1.449729
75913,-2.669008,0.988831
75914,-2.964384,1.191580
75915,-3.824265,1.781812
75916,-3.779838,1.826239
75917,-1.713557,-0.535628
75918,-1.634892,-0.826239
75919,-2.116349,-1.634021
75920,-2.572099,-0.722521
75921,-2.500000,-1.000000
75922,-1.224190,2.000000
75923,-3.246980,1.623490
75924,-2.100697,-0.147791
75925,-1.466104,0.733052
75926,-3.095692,1.320914
75927,-2.431855,0.900969
75928,-2.885719,0.900969
75929,-3.866718,2.000000
75930,-3.246980,1.623490
75931,-3.694931,1.911146
75932,-1.051938,0.900969
75933,-2.641828,1.320914
75934,-3.692957,1.652478
75935,-3.065499,1.781812
75936,-2.576901,1.579063
75937,-3.281713,1.826239
75938,-3.281713,1.826239
75939,-3.623490,1.246980
75940,-2.742943,1.911146
75941,-2.598822,-0.147791
75942,-2.742943,1.911146
75943,-3.866718,2.000000
75944,-3.623490,1.246980
75945,-3.528889,1.579063
75946,-3.397582,1.449729
75947,-3.650504,1.955573
75948,-3.051264,1.365341
75949,-3.866718,2.000000
75950,-3.563623,1.781812
75951,-1.643120,1.191580
75952,-2.235810,0.730682
75953,-1.361599,-0.367711
75954,-3.563623,1.781812
75955,-3.326140,1.781812
75956,-2.641828,1.320914
75957,-3.152379,1.955573
75958,-2.892753,0.440071
75959,-3.692957,1.652478
75960,-2.892753,0.440071
75961,-2.964384,1.191580
75962,-2.371693,1.652478
75963,-1.171501,-0.623490
75964,-3.088468,0.698220
75965,-3.065499,1.781812
75966,-3.462508,1.191580
75967,-3.484462,1.623490
75968,-3.281713,1.826239
75969,-3.824265,1.781812
75970,-3.088468,0.698220
75971,-3.333174,1.320914
75972,-3.563623,1.781812
75973,-1.214222,1.449729
75974,-2.228125,1.365341
75975,-2.885719,0.900969
75976,-2.011910,1.320914
75977,-3.779838,1.826239
75978,-2.163198,1.623490
75979,-3.434289,1.911146
75980,-3.281713,1.826239
75981,-3.563623,1.781812
75982,-3.650504,1.955573
75983,-3.123202,0.900969
75984,-1.695108,1.579063
75985,-2.576901,1.579063
75986,-2.993868,1.030303
75987,-2.837543,1.579063
75988,-2.711958,1.074730
75989,-3.955573,1.911146
75990,-2.899457,1.449729
75991,-1.244415,0.988831
75992,-1.171501,-0.623490
75993,-3.326140,1.781812
75994,-3.335148,1.191580
75995,-3.824265,1.781812
75996,-3.065499,1.781812
75997,-3.826239,1.652478
75998,-2.700489,1.826239
75999,-3.065499,1.781812
76000,-3.123202,0.900969
76001,-3.397582,1.449729
76002,-2.872277,1.781812
76003,-3.304955,1.652478
76004,-3.911146,1.955573
76005,-2.383160,1.191580
76006,-3.658223,1.449729
76007,-1.413198,1.623490
76008,-1.396440,0.698220
76009,-3.167133,0.988831
76010,-1.236955,-1.488831
76011,-1.914041,-0.134659
76012,-1.801938,0.900969
76013,-3.326140,1.781812
76014,-2.367905,-0.134659
76015,-1.762008,1.191580
76016,-2.343556,-0.658322
76017,-2.541119,0.733052
76018,-2.347897,0.733052
76019,-3.658223,1.449729
76020,-3.822291,1.911146
76021,-1.574293,-1.721883
76022,-3.215828,0.698220
76023,-2.810768,0.142820
76024,-1.928302,-1.488831
76025,-0.217752,-0.365341
76026,-0.113232,0.326239
76027,-2.563163,1.030303
76028,-1.928302,-1.488831
76029,-3.051264,1.365341
76030,-3.694931,1.911146
76031,-1.695108,1.579063
76032,-2.388932,-0.955573
76033,-1.349578,0.500000
76034,-1.168783,-0.365341
76035,-3.490208,1.246980
76036,-2.100697,-0.147791
76037,-1.813332,-0.722521
76038,-3.911146,1.955573
76039,-3.397582,1.449729
76040,-2.385621,1.030303
76041,-2.793116,1.623490
76042,-3.304955,1.652478
76043,-1.833963,0.093187
76044,-3.826239,1.652478
76045,-2.730682,1.365341
76046,-2.163198,1.623490
76047,-3.153395,0.440071
76048,-1.681370,1.030303
76049,-2.302521,1.030303
76050,-2.899457,1.449729
76051,-2.563163,1.030303
76052,-3.152379,1.955573
76053,-3.232059,0.730682
76054,-3.462508,1.191580
76055,-2.466259,1.191580
76056,-2.272552,1.320914
76057,-2.208111,1.449729
76058,-3.397582,1.449729
76059,-3.563623,1.781812
76060,-2.885719,0.900969
76061,-2.563163,1.030303
76062,-1.594507,0.222521
76063,-0.237965,1.579063
76064,-0.729953,0.093187
76065,-2.371693,1.652478
76066,-3.434289,1.911146
76067,-3.779838,1.826239
76068,-2.964384,1.191580
76069,-2.964384,1.191580
76070,-3.427775,0.988831
76071,-2.440004,0.142820
76072,-3.074730,0.149460
76073,-3.694931,1.911146
76074,-2.670453,0.603718
76075,-3.427775,0.988831
76076,-3.281713,1.826239
76077,-3.528889,1.579063
76078,-3.427775,0.988831
76079,-3.911146,1.955573
76080,-3.650504,1.955573
76081,-1.214222,1.449729
76082,-3.563623,1.781812
76083,-1.229693,-1.889800
76084,-1.733246,0.500000
76085,-3.652478,1.826239
76086,-3.065499,1.781812
76087,-4.000000,2.000000
76088,-3.427775,0.988831
76089,-2.349870,0.603718
76090,-3.822291,1.911146
76091,-3.397582,1.449729
76092,-3.304955,1.652478
76093,-2.810768,0.142820
76094,-1.762008,1.191580
76095,-3.658223,1.449729
76096,-3.563623,1.781812
76097,-3.911146,1.955573
76098,-3.123202,0.900969
76099,-2.885719,0.900969
76100,-1.594507,0.222521
76101,-3.158125,1.579063
76102,-3.158125,1.579063
76103,-2.711958,1.074730
76104,-3.397582,1.449729
76105,-3.658223,1.449729
76106,-3.365341,0.730682
76107,-2.641828,1.320914
76108,-0.586211,-0.147791
76109,-1.745664,-1.466104
76110,-3.824265,1.781812
76111,-2.266948,-1.466104
76112,-2.899457,1.449729
76113,-3.824265,1.781812
76114,-3.911146,1.955573
76115,-1.032469,0.698220
76116,-3.826239,1.652478
76117,-3.824265,1.781812
76118,-3.158125,1.579063
76119,-3.911146,1.955573
76120,-3.246980,1.623490
76121,-2.383160,1.191580
76122,-3.335148,1.191580
76123,-2.793116,1.623490
76124,-2.461033,1.955573
76125,-3.158125,1.579063
76126,-3.484462,1.623490
76127,-2.826042,1.911146
76128,-3.658223,1.449729
76129,-3.167133,0.988831
76130,-0.503178,1.449729
76131,-3.326140,1.781812
76132,-3.246980,1.623490
76133,-3.335148,1.191580
76134,-2.826042,1.911146
76135,-3.478716,2.000000
76136,-2.541119,0.733052
76137,-2.730682,1.365341
76138,-1.445881,-0.074730
76139,-3.304955,1.652478
76140,-2.835050,1.320914
76141,-1.384971,1.449729
76142,-0.496114,1.320914
76143,-1.212812,0.093187
76144,-3.335148,1.191580
76145,-1.554958,0.777479
76146,-2.100697,-0.147791
76147,-1.330319,-0.914101
76148,-2.388932,-0.955573
76149,-3.658223,1.449729
76150,-2.964384,1.191580
76151,-3.051264,1.365341
76152,-2.056191,-1.233052
76153,-2.316833,-1.233052
76154,-2.670453,0.603718
76155,-2.641828,1.320914
76156,-3.088468,0.698220
76157,0.272408,-0.445042
76158,-0.584824,-0.033258
76159,-3.484462,1.623490
76160,-2.605388,-0.134659
76161,-3.088468,0.698220
76162,-0.109208,0.054604
76163,-3.652478,1.826239
76164,-0.311666,0.326239
76165,-3.365341,0.730682
76166,-3.335148,1.191580
76167,-2.669008,0.988831
76168,-2.430339,0.123490
76169,-3.822291,1.911146
76170,-2.311457,-0.722521
76171,-3.478716,2.000000
76172,-1.845869,0.988831
76173,-3.490208,1.246980
76174,-2.394628,0.440071
76175,-2.700489,1.826239
76176,-3.656250,1.579063
76177,-3.656250,1.579063
76178,-3.490208,1.246980
76179,-3.824265,1.781812
76180,-1.396440,0.698220
76181,-3.335148,1.191580
76182,-0.211190,0.142820
76183,-1.824442,1.449729
76184,-3.824265,1.781812
76185,-2.644197,-0.445042
76186,-2.576901,1.579063
76187,-3.268248,1.579063
76188,-3.123202,0.900969
76189,-0.867905,1.365341
76190,-0.434577,-0.109562
76191,0.864828,-1.400969
76192,-1.116526,0.733052
76193,-3.123202,0.900969
76194,-3.484462,1.623490
76195,-3.462508,1.191580
76196,-2.644197,-0.445042
76197,-1.648630,-0.277479
76198,-3.779838,1.826239
76199,-2.316833,-1.233052
76200,-3.528889,1.579063
76201,-1.279149,1.191580
76202,-2.899457,1.449729
76203,-3.051264,1.365341
76204,-1.733246,0.500000
76205,-2.526723,-0.425270
76206,-2.005777,-1.721883
76207,-1.442336,-1.211352
76208,-1.280886,-1.400969
76209,-1.116526,0.733052
76210,-3.694931,1.911146
76211,-0.022037,-0.623490
76212,0.358917,1.449729
76213,-1.847313,0.603718
76214,-1.200484,0.900969
76215,-0.932879,0.054604
76216,-3.692957,1.652478
76217,-3.123202,0.900969
76218,0.003294,0.093187
76219,-0.311666,0.326239
76220,-1.965750,-1.801938
76221,-2.002903,1.911146
76222,-3.246980,1.623490
76223,-3.650504,1.955573
76224,-1.733246,0.500000
76225,-1.731730,-0.277479
76226,-3.095692,1.320914
76227,-3.123202,0.900969
76228,0.449827,1.579063
76229,-2.859464,-0.147791
76230,-2.605388,-0.134659
76231,-3.656250,1.579063
76232,-2.899457,1.449729
76233,-2.334986,1.579063
76234,-3.153395,0.440071
76235,-3.658223,1.449729
76236,-2.334986,1.579063
76237,-3.335148,1.191580
76238,-2.941449,0.149460
76239,-3.365341,0.730682
76240,-3.656250,1.579063
76241,-2.149460,1.074730
76242,-3.656250,1.579063
76243,-3.484462,1.623490
76244,-2.669008,0.988831
76245,-3.158125,1.579063
76246,-3.911146,1.955573
76247,-3.304955,1.652478
76248,-2.835050,1.320914
76249,-3.158125,1.579063
76250,-0.576416,-0.658322
76251,-3.088468,0.698220
76252,-0.231828,0.093187
76253,-1.357582,-1.634021
76254,-3.822291,1.911146
76255,-2.706235,1.449729
76256,-2.899457,1.449729
76257,-3.563623,1.781812
76258,-2.717704,0.698220
76259,-1.833963,0.093187
76260,-2.641828,1.320914
76261,-2.899457,1.449729
76262,-3.246980,1.623490
76263,-0.067251,-0.162592
76264,-0.666236,-1.634021
76265,-2.302521,1.030303
76266,-3.462508,1.191580
76267,-2.141244,1.191580
76268,-0.336881,-0.826239
76269,-0.712635,-0.074730
76270,-1.652210,-0.658322
76271,-0.911146,0.455573
76272,-3.152379,1.955573
76273,-2.883745,1.030303
76274,-2.336959,1.449729
76275,-2.793116,1.623490
76276,-3.652478,1.826239
76277,-3.326140,1.781812
76278,-3.490208,1.246980
76279,-3.215828,0.698220
76280,-3.650504,1.955573
76281,-2.060606,1.030303
76282,-0.911146,0.455573
76283,-3.656250,1.579063
76284,-3.563623,1.781812
76285,-4.000000,2.000000
76286,-2.711958,1.074730
76287,-3.911146,1.955573
76288,-3.650504,1.955573
76289,-2.635719,0.400969
76290,-2.242359,1.781812
76291,-0.771367,0.222521
76292,-0.824281,-0.162592
76293,-1.475625,-0.623490
76294,-1.155045,-0.914101
76295,-1.906779,-0.535628
76296,-2.696708,1.652478
76297,-3.333174,1.320914
76298,-3.102206,1.246980
76299,-3.088468,0.698220
76300,-3.658223,1.449729
76301,-3.065499,1.781812
76302,-3.824265,1.781812
76303,-3.326140,1.781812
76304,-2.184738,-0.367711
76305,-3.088468,0.698220
76306,-2.272552,1.320914
76307,-3.911146,1.955573
76308,-3.281713,1.826239
76309,-3.167133,0.988831
76310,-2.343556,-0.658322
76311,-1.906779,-0.535628
76312,-3.955573,1.911146
76313,-1.062213,-0.074730
76314,-3.232059,0.730682
76315,-3.484462,1.623490
76316,-3.397582,1.449729
76317,-1.006419,-1.211352
76318,-2.899457,1.449729
76319,-2.141244,1.191580
76320,-3.563623,1.781812
76321,-2.141244,1.191580
76322,-1.394005,0.455573
76323,-2.964384,1.191580
76324,-3.434289,1.911146
76325,-2.106074,-0.658322
76326,-1.280886,-1.400969
76327,-3.335148,1.191580
76328,-3.158125,1.579063
76329,-1.039051,0.266948
76330,0.436916,0.733052
76331,-2.385621,1.030303
76332,-3.656250,1.579063
76333,-3.652478,1.826239
76334,-2.349870,0.603718
76335,-3.911146,1.955573
76336,-3.123202,0.900969
76337,-2.844057,0.730682
76338,-2.311457,-0.722521
76339,-2.572099,-0.722521
76340,-3.434289,1.911146
76341,-2.184738,-0.367711
76342,-2.038874,-1.400969
76343,-2.181855,0.400969
76344,-3.326140,1.781812
76345,-3.955573,1.911146
76346,-3.326140,1.781812
76347,-3.955573,1.911146
76348,-3.911146,1.955573
76349,-1.695108,1.579063
76350,-1.233709,-0.623490
76351,-3.095692,1.320914
76352,-3.397582,1.449729
76353,-2.098256,0.455573
76354,-2.717704,0.698220
76355,-0.771367,0.222521
76356,-2.367905,-0.134659
76357,-3.324167,1.911146
76358,-3.911146,1.955573
76359,-2.242359,1.781812
76360,-3.490208,1.246980
76361,0.327026,1.320914
76362,-2.349870,0.603718
76363,-2.385621,1.030303
76364,-1.280886,-1.400969
76365,-1.394005,0.455573
76366,-3.955573,1.911146
76367,-3.434289,1.911146
76368,-3.167133,0.988831
76369,0.806302,-0.277479
76370,-1.647948,-0.445042
76371,-0.063347,0.093187
76372,-2.383160,1.191580
76373,-2.892753,0.440071
76374,-1.727818,-1.889800
76375,-0.000610,-0.162592
76376,-0.382320,0.988831
76377,-2.837543,1.579063
76378,-1.601453,0.500000
76379,-3.563623,1.781812
76380,-3.658223,1.449729
76381,-3.427775,0.988831
76382,-1.978716,-1.000000
76383,-3.911146,1.955573
76384,-2.635719,0.400969
76385,-3.281713,1.826239
76386,-2.641828,1.320914
76387,-1.703282,0.440071
76388,-3.779838,1.826239
76389,-3.824265,1.781812
76390,-3.167133,0.988831
76391,-3.065499,1.781812
76392,-1.789708,1.246980
76393,-1.005460,-0.955573
76394,-2.337712,0.326239
76395,-3.652478,1.826239
76396,-0.528520,0.777479
76397,-2.654083,-0.425270
76398,-2.654083,-0.425270
76399,-3.490208,1.246980
76400,-2.844057,0.730682
76401,-3.490208,1.246980
76402,-1.116526,0.733052
76403,-2.394628,0.440071
76404,-1.568917,-1.211352
76405,-2.717704,0.698220
76406,-1.801938,0.900969
76407,-2.311457,-0.722521
76408,-2.163198,1.623490
76409,-2.367905,-0.134659
76410,-0.974766,1.579063
76411,1.246980,-0.623490
76412,-0.728444,-1.634021
76413,-2.366718,-1.000000
76414,0.040685,0.142820
76415,-1.524320,-0.914101
76416,-0.553817,0.440071
76417,-2.347897,0.733052
76418,-1.733246,0.500000
76419,-3.397582,1.449729
76420,-1.637893,1.955573
76421,-1.551938,0.400969
76422,-1.244415,0.988831
76423,-1.594507,0.222521
76424,-2.541119,0.733052
76425,-3.281713,1.826239
76426,-1.349578,0.500000
76427,-3.911146,1.955573
76428,-3.153395,0.440071
76429,-2.899457,1.449729
76430,-3.065499,1.781812
76431,-3.779838,1.826239
76432,-3.232059,0.730682
76433,-3.051264,1.365341
76434,-3.658223,1.449729
76435,-2.572099,-0.722521
76436,-3.095692,1.320914
76437,-3.694931,1.911146
76438,-3.051264,1.365341
76439,-3.484462,1.623490
76440,-3.232059,0.730682
76441,-3.563623,1.781812
76442,-3.333174,1.320914
76443,-3.484462,1.623490
76444,-3.326140,1.781812
76445,-3.333174,1.320914
76446,-3.911146,1.955573
76447,-2.859464,-0.147791
76448,-2.493959,1.246980
76449,-1.370469,-1.000000
76450,-2.383160,1.191580
76451,-3.652478,1.826239
76452,-3.324167,1.911146
76453,-1.833963,0.093187
76454,-1.413198,1.623490
76455,-3.822291,1.911146
76456,-2.168944,1.246980
76457,-3.656250,1.579063
76458,-2.208111,1.449729
76459,-3.656250,1.579063
76460,-2.885719,0.900969
76461,-3.215828,0.698220
76462,-1.731730,-0.277479
76463,-2.461033,1.955573
76464,-3.335148,1.191580
76465,-1.836861,1.579063
76466,-2.810768,0.142820
76467,-0.689843,0.400969
76468,-2.256195,-0.445042
76469,-3.161387,1.365341
76470,-3.095692,1.320914
76471,-2.337712,0.326239
76472,-3.397582,1.449729
76473,-3.822291,1.911146
76474,-1.409351,-0.147791
76475,-1.855707,-1.634021
76476,-0.569543,-0.955573
76477,-2.337712,0.326239
76478,-2.964384,1.191580
76479,-2.015156,0.455573
76480,-3.074730,0.149460
76481,-3.694931,1.911146
76482,-3.427775,0.988831
76483,-3.779838,1.826239
76484,-2.336959,1.449729
76485,-2.641828,1.320914
76486,-2.993868,1.030303
76487,-2.598822,-0.147791
76488,-1.384971,1.449729
76489,-1.557314,-0.109562
76490,-3.650504,1.955573
76491,-3.326140,1.781812
76492,-3.123202,0.900969
76493,-2.311457,-0.722521
76494,-1.420728,1.030303
76495,-2.644197,-0.445042
76496,-2.011910,1.320914
76497,-1.170753,0.149460
76498,-0.494415,-1.977662
76499,-1.474108,-1.400969
76500,-2.065597,-0.826239
76501,-2.337712,0.326239
76502,-2.181855,0.400969
76503,-2.872277,1.781812
76504,-2.572099,-0.722521
76505,-2.349870,0.603718
76506,-1.607199,0.123490
76507,-0.399093,-1.400969
76508,-0.983709,-1.123490
76509,-2.899457,1.449729
76510,-3.623490,1.246980
76511,-2.641828,1.320914
76512,-3.866718,2.000000
76513,-2.015156,0.455573
76514,-3.281713,1.826239
76515,-3.658223,1.449729
76516,-2.870469,2.000000
76517,-2.670453,0.603718
76518,0.130578,0.142820
76519,-2.394628,0.440071
76520,-3.824265,1.781812
76521,-3.158125,1.579063
76522,-3.652478,1.826239
76523,-3.427775,0.988831
76524,-1.074632,0.054604
76525,-3.324167,1.911146
76526,-1.039051,0.266948
76527,-2.941449,0.149460
76528,-2.873202,0.400969
76529,-2.654083,-0.425270
76530,-3.153395,0.440071
76531,-1.574293,-1.721883
76532,-2.885719,0.900969
76533,-1.214222,1.449729
76534,-2.576901,1.579063
76535,-2.696708,1.652478
76536,-2.228125,1.365341
76537,-3.779838,1.826239
76538,-3.123202,0.900969
76539,-2.388932,-0.955573
76540,-3.779838,1.826239
76541,-2.711958,1.074730
76542,-3.824265,1.781812
76543,-2.742943,1.911146
76544,-3.692957,1.652478
76545,-3.779838,1.826239
76546,-3.123202,0.900969
76547,-2.343556,-0.658322
76548,-1.634892,-0.826239
76549,-1.551584,-1.634021
76550,-1.170844,-1.233052
76551,-0.246980,0.123490
76552,-2.605388,-0.134659
76553,-2.349870,0.603718
76554,-0.766862,-0.658322
76555,1.255297,-0.535628
76556,-2.885719,0.900969
76557,-3.051264,1.365341
76558,-2.835050,1.320914
76559,-2.553446,0.149460
76560,-2.133667,-1.466104
76561,-0.215380,0.266948
76562,0.003294,0.093187
76563,-2.500000,-1.000000
76564,-2.388932,-0.955573
76565,-1.978621,0.733052
76566,-2.899457,1.449729
76567,-2.526723,-0.425270
76568,-2.440004,0.142820
76569,-3.528889,1.579063
76570,-3.484462,1.623490
76571,-3.623490,1.246980
76572,-3.326140,1.781812
76573,-2.302521,1.030303
76574,-2.892753,0.440071
76575,-2.133667,-1.466104
76576,-1.406715,-0.277479
76577,-1.864156,-0.367711
76578,-1.005460,-0.955573
76579,-0.563340,0.698220
76580,-2.670453,0.603718
76581,-3.281713,1.826239
76582,-1.695108,1.579063
76583,-3.333174,1.320914
76584,-3.051264,1.365341
76585,-3.824265,1.781812
76586,-2.964384,1.191580
76587,-1.978716,-1.000000
76588,-3.167133,0.988831
76589,-3.692957,1.652478
76590,-3.232059,0.730682
76591,-1.474108,-1.400969
76592,-0.309692,0.455573
76593,-3.652478,1.826239
76594,-2.163198,1.623490
76595,-0.583781,0.500000
76596,0.727963,-0.623490
76597,0.231673,-0.134659
76598,-3.123202,0.900969
76599,-3.246980,1.623490
76600,-3.692957,1.652478
76601,-3.528889,1.579063
76602,-1.445133,0.698220
76603,-3.650504,1.955573
76604,-2.208111,1.449729
76605,-3.528889,1.579063
76606,-3.051264,1.365341
76607,-0.170149,0.440071
76608,-3.281713,1.826239
76609,-2.669008,0.988831
76610,-3.167133,0.988831
76611,-3.123202,0.900969
76612,-0.669220,1.781812
76613,-2.228125,1.365341
76614,-3.911146,1.955573
76615,-2.873202,0.400969
76616,-2.119812,-0.109562
76617,-2.116349,-1.634021
76618,-3.246980,1.623490
76619,-3.822291,1.911146
76620,-0.880142,0.440071
76621,-3.158125,1.579063
76622,-3.095692,1.320914
76623,-2.334986,1.579063
76624,-3.822291,1.911146
76625,-3.335148,1.191580
76626,-3.123202,0.900969
76627,-3.167133,0.988831
76628,-3.652478,1.826239
76629,-3.822291,1.911146
76630,-1.601453,0.500000
76631,-2.883745,1.030303
76632,-3.333174,1.320914
76633,-3.911146,1.955573
76634,-3.326140,1.781812
76635,-3.335148,1.191580
76636,-3.658223,1.449729
76637,0.179425,-0.134659
76638,-2.873202,0.400969
76639,-0.604474,-1.123490
76640,-2.337712,0.326239
76641,-2.060606,1.030303
76642,-2.883745,1.030303
76643,-2.385621,1.030303
76644,-2.155959,-0.425270
76645,-1.668109,-1.400969
76646,-2.572099,-0.722521
76647,-2.430339,0.123490
76648,-2.056191,-1.233052
76649,-3.563623,1.781812
76650,-3.484462,1.623490
76651,-3.268248,1.579063
76652,-2.635719,0.400969
76653,-3.051264,1.365341
76654,-3.051264,1.365341
76655,-2.835050,1.320914
76656,-2.870469,2.000000
76657,-3.427775,0.988831
76658,-2.641828,1.320914
76659,-1.072099,0.777479
76660,-3.955573,1.911146
76661,-3.563623,1.781812
76662,-3.623490,1.246980
76663,-3.779838,1.826239
76664,-3.824265,1.781812
76665,-1.695108,1.579063
76666,-2.711958,1.074730
76667,-3.051264,1.365341
76668,-3.065499,1.781812
76669,-2.056191,-1.233052
76670,-2.837543,1.579063
76671,-3.088468,0.698220
76672,-2.873202,0.400969
76673,-1.717542,-0.914101
76674,-3.246980,1.623490
76675,-3.911146,1.955573
76676,-3.123202,0.900969
76677,-3.462508,1.191580
76678,-2.541119,0.733052
76679,-2.440004,0.142820
76680,-2.964384,1.191580
76681,-1.349578,0.500000
76682,-3.194833,1.652478
76683,-3.528889,1.579063
76684,-3.281713,1.826239
76685,-3.692957,1.652478
76686,-3.650504,1.955573
76687,-3.824265,1.781812
76688,-3.563623,1.781812
76689,-3.074730,0.149460
76690,-3.694931,1.911146
76691,-3.397582,1.449729
76692,-3.563623,1.781812
76693,-2.461033,1.955573
76694,-2.872277,1.781812
76695,-3.779838,1.826239
76696,-3.694931,1.911146
76697,-2.873202,0.400969
76698,-3.658223,1.449729
76699,-2.644197,-0.445042
76700,-3.427775,0.988831
76701,-3.824265,1.781812
76702,-2.635719,0.400969
76703,-1.445881,-0.074730
76704,-3.102206,1.246980
76705,-3.246980,1.623490
76706,-3.866718,2.000000
76707,-3.095692,1.320914
76708,-2.641828,1.320914
76709,-1.492359,1.781812
76710,-2.261572,-0.955573
76711,-3.167133,0.988831
76712,-1.558067,-1.233052
76713,-1.088404,-0.914101
76714,-1.044797,-0.109562
76715,-1.207436,0.603718
76716,-3.123202,0.900969
76717,-3.656250,1.579063
76718,-2.899457,1.449729
76719,-3.158125,1.579063
76720,-3.822291,1.911146
76721,-3.427775,0.988831
76722,-3.167133,0.988831
76723,-2.793116,1.623490
76724,-2.669008,0.988831
76725,-2.337712,0.326239
76726,-3.826239,1.652478
76727,-3.490208,1.246980
76728,-3.563623,1.781812
76729,-3.397582,1.449729
76730,-3.652478,1.826239
76731,-2.835050,1.320914
76732,-3.911146,1.955573
76733,-3.215828,0.698220
76734,-2.002903,1.911146
76735,-3.161387,1.365341
76736,-2.810768,0.142820
76737,-3.365341,0.730682
76738,-1.558067,-1.233052
76739,-3.911146,1.955573
76740,-3.911146,1.955573
76741,-3.779838,1.826239
76742,-3.528889,1.579063
76743,-3.326140,1.781812
76744,-2.337712,0.326239
76745,-2.038874,-1.400969
76746,-1.794458,-1.889800
76747,-3.658223,1.449729
76748,-3.824265,1.781812
76749,-3.427775,0.988831
76750,-3.246980,1.623490
76751,-2.316833,-1.233052
76752,-3.123202,0.900969
76753,-2.598822,-0.147791
76754,-0.710661,0.054604
76755,-2.366718,-1.000000
76756,-0.926428,-1.721883
76757,-2.208111,1.449729
76758,-3.563623,1.781812
76759,-2.885719,0.900969
76760,-3.158125,1.579063
76761,-2.176109,0.777479
76762,-2.717704,0.698220
76763,-1.551012,1.781812
76764,-2.060606,1.030303
76765,-3.065499,1.781812
76766,-4.000000,2.000000
76767,-1.652210,-0.658322
76768,-2.883745,1.030303
76769,-2.383160,1.191580
76770,-3.158125,1.579063
76771,-3.658223,1.449729
76772,-0.399093,-1.400969
76773,-3.563623,1.781812
76774,-3.158125,1.579063
76775,-3.824265,1.781812
76776,-3.335148,1.191580
76777,-2.899457,1.449729
76778,-1.858780,0.142820
76779,-1.933731,0.900969
76780,-0.207561,-0.033258
76781,-1.551584,-1.634021
76782,-1.462714,0.222521
76783,-3.528889,1.579063
76784,-3.088468,0.698220
76785,-2.873202,0.400969
76786,-1.801938,0.900969
76787,-3.051264,1.365341
76788,-2.109756,0.123490
76789,-3.194833,1.652478
76790,-1.690819,-1.488831
76791,0.854009,0.266948
76792,-1.375695,-1.211352
76793,-1.933731,0.900969
76794,-3.822291,1.911146
76795,-3.333174,1.320914
76796,-2.060606,1.030303
76797,-2.872277,1.781812
76798,-2.874250,1.652478
76799,-2.374152,1.781812
76800,-2.011910,1.320914
76801,-2.176109,0.777479
76802,-3.822291,1.911146
76803,-2.002903,1.911146
76804,-3.652478,1.826239
76805,-2.874250,1.652478
76806,-3.652478,1.826239
76807,-3.822291,1.911146
76808,-1.607199,0.123490
76809,-0.969501,-1.801938
76810,-1.719513,1.246980
76811,-2.371693,1.652478
76812,-1.890808,-0.955573
76813,-1.558067,-1.233052
76814,-2.109756,0.123490
76815,-3.779838,1.826239
76816,-1.275116,0.455573
76817,-3.215828,0.698220
76818,-3.650504,1.955573
76819,-3.822291,1.911146
76820,-2.383160,1.191580
76821,0.823974,0.222521
76822,-2.116349,-1.634021
76823,-2.706235,1.449729
76824,-1.926590,-0.109562
76825,-2.654083,-0.425270
76826,-3.822291,1.911146
76827,-2.730682,1.365341
76828,-1.824442,1.449729
76829,-3.563623,1.781812
76830,-1.637893,1.955573
76831,-2.835050,1.320914
76832,-3.656250,1.579063
76833,-2.635719,0.400969
76834,-2.163198,1.623490
76835,-1.833963,0.093187
76836,-3.658223,1.449729
76837,-3.304955,1.652478
76838,-3.911146,1.955573
76839,-3.065499,1.781812
76840,-1.762008,1.191580
76841,-3.484462,1.623490
76842,-0.650969,0.099031
76843,-3.158125,1.579063
76844,-3.563623,1.781812
76845,-3.478716,2.000000
76846,-3.153395,0.440071
76847,-3.824265,1.781812
76848,-3.911146,1.955573
76849,-4.000000,2.000000
76850,-3.167133,0.988831
76851,-3.650504,1.955573
76852,-3.335148,1.191580
76853,-1.864156,-0.367711
76854,-2.635719,0.400969
76855,-3.490208,1.246980
76856,-3.427775,0.988831
76857,-3.911146,1.955573
76858,-3.246980,1.623490
76859,-2.347897,0.733052
76860,-3.427775,0.988831
76861,-3.335148,1.191580
76862,-2.011910,1.320914
76863,-2.461033,1.955573
76864,-3.563623,1.781812
76865,-0.560521,1.449729
76866,-2.826042,1.911146
76867,-3.911146,1.955573
76868,-2.541119,0.733052
76869,-2.176109,0.777479
76870,-2.859464,-0.147791
76871,-3.478716,2.000000
76872,-1.636943,1.074730
76873,-3.822291,1.911146
76874,-0.854474,-0.623490
76875,-1.309583,-0.955573
76876,-1.594507,0.222521
76877,-2.155959,-0.425270
76878,-2.605388,-0.134659
76879,-3.088468,0.698220
76880,-3.194833,1.652478
76881,-3.326140,1.781812
76882,-2.837543,1.579063
76883,-3.427775,0.988831
76884,-1.492359,1.781812
76885,-2.336959,1.449729
76886,-2.228125,1.365341
76887,-1.154522,0.988831
76888,-2.872277,1.781812
76889,-2.431855,0.900969
76890,-2.431855,0.900969
76891,-0.789708,-1.123490
76892,-0.140335,-0.147791
76893,-1.690819,-1.488831
76894,-2.870469,2.000000
76895,-1.409351,-0.147791
76896,-1.308725,-1.123490
76897,-2.136480,0.698220
76898,-3.484462,1.623490
76899,-3.563623,1.781812
76900,-2.641828,1.320914
76901,-2.038874,-1.400969
76902,-3.232059,0.730682
76903,-3.866718,2.000000
76904,-3.824265,1.781812
76905,-2.302521,1.030303
76906,-3.911146,1.955573
76907,-2.011910,1.320914
76908,-3.333174,1.320914
76909,-3.484462,1.623490
76910,-3.153395,0.440071
76911,-2.563163,1.030303
76912,-3.694931,1.911146
76913,-3.051264,1.365341
76914,-1.934194,0.777479
76915,-1.813332,-0.722521
76916,-2.388932,-0.955573
76917,-2.563163,1.030303
76918,-2.669008,0.988831
76919,-1.550062,0.900969
76920,-3.658223,1.449729
76921,-2.367905,-0.134659
76922,-1.420728,1.030303
76923,-3.246980,1.623490
76924,-2.938128,0.142820
76925,-1.719513,1.246980
76926,-0.689843,0.400969
76927,-3.692957,1.652478
76928,-1.361599,-0.367711
76929,-2.065597,-0.826239
76930,-3.623490,1.246980
76931,-3.194833,1.652478
76932,-3.528889,1.579063
76933,-2.899457,1.449729
76934,-2.837543,1.579063
76935,-2.964384,1.191580
76936,-3.232059,0.730682
76937,-2.696708,1.652478
76938,-2.184738,-0.367711
76939,-2.394628,0.440071
76940,-3.051264,1.365341
76941,-2.899457,1.449729
76942,-2.993868,1.030303
76943,0.216586,0.054604
76944,-1.027479,-0.277479
76945,-2.119812,-0.109562
76946,-0.295600,0.142820
76947,-0.538874,0.099031
76948,-1.988459,-1.889800
76949,-1.988459,-1.889800
76950,-3.335148,1.191580
76951,-2.605388,-0.134659
76952,-3.167133,0.988831
76953,-0.368582,0.440071
76954,0.440306,0.222521
76955,-1.775215,0.326239
76956,-3.528889,1.579063
76957,-2.038874,-1.400969
76958,-2.336959,1.449729
76959,-3.866718,2.000000
76960,-3.528889,1.579063
76961,-3.434289,1.911146
76962,-2.964384,1.191580
76963,-2.563163,1.030303
76964,-2.835050,1.320914
76965,-3.563623,1.781812
76966,-3.658223,1.449729
76967,-1.551012,1.781812
76968,-0.458468,1.320914
76969,-1.072099,0.777479
76970,-3.246980,1.623490
76971,-3.194833,1.652478
76972,-3.658223,1.449729
76973,-3.955573,1.911146
76974,-3.152379,1.955573
76975,-2.670453,0.603718
76976,-3.333174,1.320914
76977,-1.717542,-0.914101
76978,-3.694931,1.911146
76979,-3.694931,1.911146
76980,-2.466259,1.191580
76981,-2.367905,-0.134659
76982,-3.102206,1.246980
76983,-3.123202,0.900969
76984,-2.938128,0.142820
76985,-3.692957,1.652478
76986,-3.232059,0.730682
76987,-2.526723,-0.425270
76988,-2.011910,1.320914
76989,-3.153395,0.440071
76990,-2.272552,1.320914
76991,-2.885719,0.900969
76992,-2.635719,0.400969
76993,-2.964384,1.191580
76994,-2.711958,1.074730
76995,-2.526723,-0.425270
76996,-3.824265,1.781812
76997,-3.102206,1.246980
76998,-3.102206,1.246980
76999,-2.892753,0.440071
77000,-2.394628,0.440071
77001,-1.330319,-0.914101
77002,-1.280886,-1.400969
77003,-2.366718,-1.000000
77004,-2.641828,1.320914
77005,-3.824265,1.781812
77006,-1.978621,0.733052
77007,-3.824265,1.781812
77008,-2.810768,0.142820
77009,-2.394628,0.440071
77010,-3.650504,1.955573
77011,-2.461033,1.955573
77012,-0.246980,0.123490
77013,-3.324167,1.911146
77014,-2.163198,1.623490
77015,-3.911146,1.955573
77016,-2.826042,1.911146
77017,-3.911146,1.955573
77018,-3.911146,1.955573
77019,-3.563623,1.781812
77020,-2.461033,1.955573
77021,-2.810768,0.142820
77022,-1.636943,1.074730
77023,-3.152379,1.955573
77024,-1.683887,-1.977662
77025,-2.430339,0.123490
77026,-2.060606,1.030303
77027,-2.635719,0.400969
77028,-2.669008,0.988831
77029,-2.096023,2.000000
77030,-3.822291,1.911146
77031,-3.304955,1.652478
77032,-3.652478,1.826239
77033,-3.652478,1.826239
77034,-2.163198,1.623490
77035,-1.637893,1.955573
77036,-3.484462,1.623490
77037,-3.824265,1.781812
77038,-3.652478,1.826239
77039,-3.326140,1.781812
77040,-1.836861,1.579063
77041,-3.397582,1.449729
77042,-1.762008,1.191580
77043,-2.873202,0.400969
77044,-1.965750,-1.801938
77045,-1.652210,-0.658322
77046,-2.938128,0.142820
77047,-3.911146,1.955573
77048,0.420441,-1.211352
77049,-2.598822,-0.147791
77050,-3.051264,1.365341
77051,-2.964384,1.191580
77052,-3.692957,1.652478
77053,-3.281713,1.826239
77054,-3.397582,1.449729
77055,-3.153395,0.440071
77056,-0.985218,0.603718
77057,-0.801938,0.400969
77058,-2.576901,1.579063
77059,-3.051264,1.365341
77060,-2.141244,1.191580
77061,-3.779838,1.826239
77062,-3.051264,1.365341
77063,-2.563163,1.030303
77064,-3.694931,1.911146
77065,-0.544316,-0.722521
77066,-1.558725,-0.623490
77067,-3.911146,1.955573
77068,-2.208111,1.449729
77069,-3.563623,1.781812
77070,-3.153395,0.440071
77071,-3.955573,1.911146
77072,-3.650504,1.955573
77073,-2.184738,-0.367711
77074,-3.074730,0.149460
77075,-2.885719,0.900969
77076,-3.563623,1.781812
77077,-0.128499,0.093187
77078,-3.484462,1.623490
77079,-1.845869,0.988831
77080,-2.964384,1.191580
77081,-1.588247,1.365341
77082,-2.883745,1.030303
77083,-0.873667,-0.955573
77084,-1.643120,1.191580
77085,-2.526723,-0.425270
77086,-3.911146,1.955573
77087,-2.793116,1.623490
77088,-3.152379,1.955573
77089,-2.635719,0.400969
77090,-2.100697,-0.147791
77091,-2.038874,-1.400969
77092,-3.911146,1.955573
77093,-2.872277,1.781812
77094,-3.397582,1.449729
77095,-1.845869,0.988831
77096,-2.110972,-1.123490
77097,-0.855884,0.733052
77098,-3.246980,1.623490
77099,-2.540461,0.123490
77100,-1.601453,0.500000
77101,-3.095692,1.320914
77102,-3.528889,1.579063
77103,-2.576901,1.579063
77104,-2.859464,-0.147791
77105,-3.824265,1.781812
77106,-2.892753,0.440071
77107,-2.302521,1.030303
77108,-3.427775,0.988831
77109,-2.793116,1.623490
77110,-2.109756,0.123490
77111,-3.333174,1.320914
77112,-3.095692,1.320914
77113,-3.326140,1.781812
77114,-3.153395,0.440071
77115,-2.605388,-0.134659
77116,-3.911146,1.955573
77117,-3.281713,1.826239
77118,-1.703282,0.440071
77119,-3.779838,1.826239
77120,-1.801938,0.900969
77121,0.855995,0.455573
77122,-2.605388,-0.134659
77123,-2.870469,2.000000
77124,-3.051264,1.365341
77125,-2.670453,0.603718
77126,-1.072099,0.777479
77127,-0.027125,-0.109562
77128,-0.578811,-0.162592
77129,-3.304955,1.652478
77130,-2.060606,1.030303
77131,-3.333174,1.320914
77132,-3.822291,1.911146
77133,-2.385621,1.030303
77134,-3.478716,2.000000
77135,-3.158125,1.579063
77136,-2.780575,0.603718
77137,-3.152379,1.955573
77138,-3.153395,0.440071
77139,-1.878417,-1.721883
77140,-2.717704,0.698220
77141,-1.745664,-1.466104
77142,-3.656250,1.579063
77143,-3.911146,1.955573
77144,-2.872277,1.781812
77145,-3.490208,1.246980
77146,-2.874250,1.652478
77147,-2.383160,1.191580
77148,-3.153395,0.440071
77149,-2.872277,1.781812
77150,-1.858780,0.142820
77151,-2.938128,0.142820
77152,-3.563623,1.781812
77153,-2.993868,1.030303
77154,-2.899457,1.449729
77155,-3.095692,1.320914
77156,-2.302521,1.030303
77157,-2.343556,-0.658322
77158,-1.855707,-1.634021
77159,-0.801039,-1.488831
77160,-3.167133,0.988831
77161,-3.650504,1.955573
77162,-2.892753,0.440071
77163,-3.652478,1.826239
77164,-3.167133,0.988831
77165,-3.158125,1.579063
77166,-2.576901,1.579063
77167,-3.911146,1.955573
77168,-2.641828,1.320914
77169,-0.159449,-0.109562
77170,-1.568917,-1.211352
77171,-0.600619,0.222521
77172,-0.861260,0.222521
77173,-2.859464,-0.147791
77174,-2.155959,-0.425270
77175,-3.324167,1.911146
77176,-3.326140,1.781812
77177,-3.490208,1.246980
77178,-1.384971,1.449729
77179,-0.246980,0.123490
77180,-3.652478,1.826239
77181,-2.826042,1.911146
77182,-2.899457,1.449729
77183,-3.246980,1.623490
77184,-2.711958,1.074730
77185,-2.700489,1.826239
77186,-3.911146,1.955573
77187,-2.155959,-0.425270
77188,-3.563623,1.781812
77189,0.001651,0.440071
77190,-1.229693,-1.889800
77191,-2.598822,-0.147791
77192,-2.259209,0.777479
77193,-3.462508,1.191580
77194,-3.779838,1.826239
77195,-3.650504,1.955573
77196,-1.550062,0.900969
77197,-3.866718,2.000000
77198,-3.955573,1.911146
77199,-3.065499,1.781812
77200,-2.899457,1.449729
77201,-2.837543,1.579063
77202,-2.343556,-0.658322
77203,-3.123202,0.900969
77204,-3.397582,1.449729
77205,-3.194833,1.652478
77206,-2.859464,-0.147791
77207,-2.706235,1.449729
77208,-3.528889,1.579063
77209,-2.964384,1.191580
77210,-2.964384,1.191580
77211,-1.116526,0.733052
77212,-2.711958,1.074730
77213,-2.964384,1.191580
77214,-2.835050,1.320914
77215,-2.899457,1.449729
77216,-2.259209,0.777479
77217,-2.641828,1.320914
77218,-2.553446,0.149460
77219,-3.427775,0.988831
77220,-1.847313,0.603718
77221,-1.917063,0.093187
77222,-0.602063,-0.162592
77223,-1.086885,-1.400969
77224,-3.232059,0.730682
77225,-1.475625,-0.623490
77226,-2.144490,0.326239
77227,-0.932879,0.054604
77228,-3.102206,1.246980
77229,-1.855707,-1.634021
77230,-3.333174,1.320914
77231,-3.955573,1.911146
77232,-2.431855,0.900969
77233,-1.155045,-0.914101
77234,0.196404,0.011169
77235,-3.326140,1.781812
77236,-3.335148,1.191580
77237,-3.911146,1.955573
77238,-2.883745,1.030303
77239,-1.475625,-0.623490
77240,-0.102430,-1.889800
77241,-0.121146,-0.425270
77242,-2.166234,-1.400969
77243,-0.831764,-0.535628
77244,-0.702281,0.603718
77245,-2.541119,0.733052
77246,-1.775215,0.326239
77247,-3.563623,1.781812
77248,-3.656250,1.579063
77249,-1.836861,1.579063
77250,-2.383160,1.191580
77251,-1.168783,-0.365341
77252,-3.333174,1.320914
77253,-3.658223,1.449729
77254,-0.801039,-1.488831
77255,-1.577747,-1.801938
77256,-3.123202,0.900969
77257,-1.169803,1.911146
77258,-3.051264,1.365341
77259,-3.281713,1.826239
77260,-3.955573,1.911146
77261,-3.955573,1.911146
77262,-2.336959,1.449729
77263,-3.658223,1.449729
77264,-2.696708,1.652478
77265,-2.228125,1.365341
77266,-0.654932,1.030303
77267,-2.899457,1.449729
77268,-3.051264,1.365341
77269,-3.779838,1.826239
77270,-2.410859,1.246980
77271,-1.474108,-1.400969
77272,-2.311457,-0.722521
77273,-2.826042,1.911146
77274,-3.650504,1.955573
77275,-2.941449,0.149460
77276,-2.149460,1.074730
77277,-0.251492,0.054604
77278,-1.300576,-0.365341
77279,-1.074632,0.054604
77280,-2.872277,1.781812
77281,-3.652478,1.826239
77282,-2.899457,1.449729
77283,-3.563623,1.781812
77284,-2.598822,-0.147791
77285,-1.588247,1.365341
77286,-2.730682,1.365341
77287,-2.334986,1.579063
77288,-3.158125,1.579063
77289,-3.152379,1.955573
77290,-3.365341,0.730682
77291,-4.000000,2.000000
77292,-2.941449,0.149460
77293,-4.000000,2.000000
77294,-0.350619,-0.277479
77295,-1.314088,-0.074730
77296,-1.170844,-1.233052
77297,-1.906779,-0.535628
77298,-3.911146,1.955573
77299,-3.563623,1.781812
77300,0.192876,1.781812
77301,-2.563163,1.030303
77302,-3.694931,1.911146
77303,-3.167133,0.988831
77304,-3.095692,1.320914
77305,-3.528889,1.579063
77306,-2.993868,1.030303
77307,-3.955573,1.911146
77308,-1.643120,1.191580
77309,-3.246980,1.623490
77310,-1.420728,1.030303
77311,-2.316833,-1.233052
77312,-2.696708,1.652478
77313,-3.911146,1.955573
77314,-2.835050,1.320914
77315,-2.872277,1.781812
77316,-3.650504,1.955573
77317,-3.528889,1.579063
77318,-3.281713,1.826239
77319,-3.281713,1.826239
77320,-1.592048,0.093187
77321,-3.427775,0.988831
77322,-0.916907,-0.365341
77323,-2.242359,1.781812
77324,-3.462508,1.191580
77325,-2.899457,1.449729
77326,-1.574735,-0.425270
77327,-2.181855,0.400969
77328,-2.938128,0.142820
77329,-3.051264,1.365341
77330,-1.933731,0.900969
77331,-2.367905,-0.134659
77332,-2.872277,1.781812
77333,-3.779838,1.826239
77334,-2.670453,0.603718
77335,-3.326140,1.781812
77336,-3.623490,1.246980
77337,-3.088468,0.698220
77338,-2.337712,0.326239
77339,-2.837543,1.579063
77340,-1.445881,-0.074730
77341,-0.599578,-1.000000
77342,-2.149460,1.074730
77343,-3.095692,1.320914
77344,-2.541119,0.733052
77345,-3.656250,1.579063
77346,-2.883745,1.030303
77347,-2.883745,1.030303
77348,-1.409351,-0.147791
77349,-1.419626,-1.123490
77350,-1.210838,0.222521
77351,-2.228125,1.365341
77352,-0.689843,0.400969
77353,-0.709622,0.099031
77354,-2.367905,-0.134659
77355,0.102598,0.123490
77356,-1.643120,1.191580
77357,-2.038874,-1.400969
77358,-3.650504,1.955573
77359,-2.347897,0.733052
77360,-2.181855,0.400969
77361,-3.563623,1.781812
77362,-3.123202,0.900969
77363,-3.911146,1.955573
77364,-3.658223,1.449729
77365,-0.855884,0.733052
77366,-3.650504,1.955573
77367,-2.136480,0.698220
77368,-0.150597,0.400969
77369,-2.311457,-0.722521
77370,-2.873202,0.400969
77371,-3.658223,1.449729
77372,-3.563623,1.781812
77373,-3.955573,1.911146
77374,-2.964384,1.191580
77375,-1.086885,-1.400969
77376,-3.911146,1.955573
77377,-3.866718,2.000000
77378,-2.837543,1.579063
77379,-2.461033,1.955573
77380,-2.742943,1.911146
77381,-3.658223,1.449729
77382,-2.136480,0.698220
77383,-3.051264,1.365341
77384,-3.397582,1.449729
77385,-2.885719,0.900969
77386,-2.670453,0.603718
77387,-2.696708,1.652478
77388,-2.410859,1.246980
77389,-2.670453,0.603718
77390,-3.484462,1.623490
77391,-3.650504,1.955573
77392,-3.051264,1.365341
77393,-3.281713,1.826239
77394,-3.563623,1.781812
77395,-3.268248,1.579063
77396,-3.088468,0.698220
77397,-3.246980,1.623490
77398,-2.141244,1.191580
77399,-2.540461,0.123490
77400,-3.333174,1.320914
77401,-3.692957,1.652478
77402,-1.733246,0.500000
77403,-3.692957,1.652478
77404,-3.095692,1.320914
77405,-3.692957,1.652478
77406,-3.824265,1.781812
77407,-3.694931,1.911146
77408,-2.119812,-0.109562
77409,-2.056191,-1.233052
77410,-1.719513,1.246980
77411,-0.779516,-0.535628
77412,-1.933731,0.900969
77413,-3.955573,1.911146
77414,-1.171501,-0.623490
77415,-2.892753,0.440071
77416,-3.866718,2.000000
77417,-1.960449,1.826239
77418,-2.835050,1.320914
77419,-1.934194,0.777479
77420,-3.824265,1.781812
77421,-2.870469,2.000000
77422,-2.316833,-1.233052
77423,-3.650504,1.955573
77424,-3.779838,1.826239
77425,-3.333174,1.320914
77426,-3.152379,1.955573
77427,-1.492359,1.781812
77428,-3.911146,1.955573
77429,-2.885719,0.900969
77430,-3.123202,0.900969
77431,-3.326140,1.781812
77432,-3.779838,1.826239
77433,-3.246980,1.623490
77434,-3.281713,1.826239
77435,-2.526723,-0.425270
77436,-3.281713,1.826239
77437,-3.658223,1.449729
77438,-2.184738,-0.367711
77439,-2.964384,1.191580
77440,-3.074730,0.149460
77441,-3.427775,0.988831
77442,-3.246980,1.623490
77443,-0.447472,-0.425270
77444,-2.166234,-1.400969
77445,-3.563623,1.781812
77446,-3.824265,1.781812
77447,-3.427775,0.988831
77448,-3.824265,1.781812
77449,-1.601453,0.500000
77450,-2.056191,-1.233052
77451,-3.563623,1.781812
77452,-2.670453,0.603718
77453,-3.694931,1.911146
77454,-3.268248,1.579063
77455,-3.065499,1.781812
77456,-2.576901,1.579063
77457,-1.466104,0.733052
77458,-3.824265,1.781812
77459,0.684192,-0.033258
77460,-1.225625,-1.123490
77461,-2.654083,-0.425270
77462,-3.490208,1.246980
77463,-2.598822,-0.147791
77464,-3.153395,0.440071
77465,-3.335148,1.191580
77466,-2.256195,-0.445042
77467,-2.899457,1.449729
77468,-1.864156,-0.367711
77469,-1.906779,-0.535628
77470,-1.275116,0.455573
77471,-2.605388,-0.134659
77472,-3.656250,1.579063
77473,-2.385621,1.030303
77474,-3.822291,1.911146
77475,-0.650969,0.099031
77476,-1.474108,-1.400969
77477,-0.001595,-0.425270
77478,-2.371693,1.652478
77479,-2.885719,0.900969
77480,-1.933731,0.900969
77481,-2.899457,1.449729
77482,-1.917063,0.093187
77483,-3.326140,1.781812
77484,-3.051264,1.365341
77485,-2.371693,1.652478
77486,-0.563340,0.698220
77487,-2.347897,0.733052
77488,-2.038874,-1.400969
77489,-2.526723,-0.425270
77490,-1.647948,-0.445042
77491,-1.420728,1.030303
77492,-3.462508,1.191580
77493,-2.461033,1.955573
77494,-3.658223,1.449729
77495,-3.528889,1.579063
77496,-2.228125,1.365341
77497,-2.133667,-1.466104
77498,-1.592048,0.093187
77499,-3.123202,0.900969
77500,-0.867905,1.365341
77501,-2.696708,1.652478
77502,-3.333174,1.320914
77503,-2.641828,1.320914
77504,-1.762918,-1.211352
77505,-2.302521,1.030303
77506,-0.821489,0.440071
77507,-1.890808,-0.955573
77508,-2.005777,-1.721883
77509,-1.745664,-1.466104
77510,-1.636943,1.074730
77511,-3.333174,1.320914
77512,-0.272214,-0.955573
77513,-2.964384,1.191580
77514,-3.167133,0.988831
77515,-2.576901,1.579063
77516,-2.109756,0.123490
77517,-0.764573,0.326239
77518,-3.911146,1.955573
77519,-2.163198,1.623490
77520,-3.123202,0.900969
77521,-3.427775,0.988831
77522,-3.434289,1.911146
77523,-2.119812,-0.109562
77524,-3.563623,1.781812
77525,-2.563163,1.030303
77526,-2.993868,1.030303
77527,-1.824442,1.449729
77528,-3.281713,1.826239
77529,-3.528889,1.579063
77530,-3.051264,1.365341
77531,-3.088468,0.698220
77532,-2.964384,1.191580
77533,-1.412671,0.730682
77534,-1.026723,1.074730
77535,-1.934194,0.777479
77536,-1.775215,0.326239
77537,-2.870469,2.000000
77538,-3.563623,1.781812
77539,-3.563623,1.781812
77540,-2.133667,-1.466104
77541,-2.065597,-0.826239
77542,-0.728444,-1.634021
77543,-3.955573,1.911146
77544,-1.551012,1.781812
77545,-3.623490,1.246980
77546,-2.572099,-0.722521
77547,-1.050429,1.652478
77548,-3.650504,1.955573
77549,-3.095692,1.320914
77550,-3.694931,1.911146
77551,-2.885719,0.900969
77552,-1.643120,1.191580
77553,-3.246980,1.623490
77554,-2.015156,0.455573
77555,0.132628,0.222521
77556,-3.779838,1.826239
77557,-3.434289,1.911146
77558,-3.694931,1.911146
77559,-3.911146,1.955573
77560,-1.323809,0.455573
77561,-0.563340,0.698220
77562,-2.711958,1.074730
77563,-2.374152,1.781812
77564,-2.100697,-0.147791
77565,-3.824265,1.781812
77566,-3.563623,1.781812
77567,-2.899457,1.449729
77568,-3.563623,1.781812
77569,-3.779838,1.826239
77570,-2.964384,1.191580
77571,-1.890808,-0.955573
77572,-2.742943,1.911146
77573,-1.592048,0.093187
77574,-2.873202,0.400969
77575,-1.634892,-0.826239
77576,-2.635719,0.400969
77577,-2.810768,0.142820
77578,-1.849772,0.733052
77579,-2.883745,1.030303
77580,-2.311457,-0.722521
77581,-2.874250,1.652478
77582,-3.826239,1.652478
77583,-3.158125,1.579063
77584,-3.167133,0.988831
77585,-3.335148,1.191580
77586,-3.095692,1.320914
77587,-1.914041,-0.134659
77588,-1.370469,-1.000000
77589,-2.100697,-0.147791
77590,-2.261572,-0.955573
77591,-1.977662,0.988831
77592,-3.911146,1.955573
77593,-2.374152,1.781812
77594,-3.563623,1.781812
77595,-1.179763,1.911146
77596,1.376589,1.449729
77597,-2.899457,1.449729
77598,-2.654083,-0.425270
77599,-3.161387,1.365341
77600,0.179425,-0.134659
77601,-1.088404,-0.914101
77602,-2.641828,1.320914
77603,-2.163198,1.623490
77604,-3.824265,1.781812
77605,-3.563623,1.781812
77606,-2.641828,1.320914
77607,-2.228125,1.365341
77608,-2.885719,0.900969
77609,-2.605388,-0.134659
77610,-3.123202,0.900969
77611,-3.955573,1.911146
77612,-3.779838,1.826239
77613,-3.911146,1.955573
77614,-2.553446,0.149460
77615,-2.065597,-0.826239
77616,-0.928928,-1.233052
77617,-2.316833,-1.233052
77618,-2.780575,0.603718
77619,-2.366718,-1.000000
77620,-1.988459,-1.889800
77621,-2.711958,1.074730
77622,-2.859464,-0.147791
77623,-3.822291,1.911146
77624,-3.215828,0.698220
77625,-3.824265,1.781812
77626,-1.550062,0.900969
77627,-3.824265,1.781812
77628,-2.717704,0.698220
77629,-2.717704,0.698220
77630,-3.326140,1.781812
77631,-2.706235,1.449729
77632,-3.563623,1.781812
77633,-4.000000,2.000000
77634,-2.780575,0.603718
77635,-3.911146,1.955573
77636,-2.706235,1.449729
77637,-3.215828,0.698220
77638,-3.158125,1.579063
77639,-3.335148,1.191580
77640,-2.110972,-1.123490
77641,-3.153395,0.440071
77642,-1.928302,-1.488831
77643,-3.065499,1.781812
77644,-2.892753,0.440071
77645,-1.261910,1.320914
77646,-1.022292,-0.658322
77647,-0.476251,-0.367711
77648,-3.215828,0.698220
77649,-0.266837,-0.445042
77650,-1.154522,0.988831
77651,-2.793116,1.623490
77652,-2.259209,0.777479
77653,-2.272552,1.320914
77654,-3.281713,1.826239
77655,-2.899457,1.449729
77656,-3.427775,0.988831
77657,-2.563163,1.030303
77658,-2.466259,1.191580
77659,-3.650504,1.955573
77660,-3.434289,1.911146
77661,-2.541119,0.733052
77662,-3.824265,1.781812
77663,-3.152379,1.955573
77664,-3.232059,0.730682
77665,-3.650504,1.955573
77666,-2.540461,0.123490
77667,-2.235810,0.730682
77668,-2.367905,-0.134659
77669,-3.779838,1.826239
77670,-2.837543,1.579063
77671,-3.397582,1.449729
77672,-1.637893,1.955573
77673,-3.232059,0.730682
77674,-3.088468,0.698220
77675,-3.397582,1.449729
77676,-2.837543,1.579063
77677,-3.397582,1.449729
77678,-3.051264,1.365341
77679,-2.605388,-0.134659
77680,-3.563623,1.781812
77681,-3.152379,1.955573
77682,-0.821489,0.440071
77683,-3.167133,0.988831
77684,-3.911146,1.955573
77685,-0.121614,-1.123490
77686,-1.574293,-1.721883
77687,-1.022292,-0.658322
77688,-2.383160,1.191580
77689,-2.176109,0.777479
77690,-0.285640,0.142820
77691,-2.060606,1.030303
77692,-2.872277,1.781812
77693,-2.874250,1.652478
77694,-1.406715,-0.277479
77695,0.582947,-0.722521
77696,-1.601453,0.500000
77697,-2.366718,-1.000000
77698,-2.826042,1.911146
77699,-3.822291,1.911146
77700,-0.567329,-0.365341
77701,-2.038874,-1.400969
77702,-2.110972,-1.123490
77703,-2.810768,0.142820
77704,-3.824265,1.781812
77705,-1.594507,0.222521
77706,-3.324167,1.911146
77707,-1.474108,-1.400969
77708,-3.088468,0.698220
77709,-2.336959,1.449729
77710,-1.303596,-1.488831
77711,-3.152379,1.955573
77712,-1.775215,0.326239
77713,-1.306849,1.246980
77714,-3.824265,1.781812
77715,-1.933731,0.900969
77716,-1.878417,-1.721883
77717,-3.478716,2.000000
77718,-2.166234,-1.400969
77719,-0.718169,-0.658322
77720,-1.734301,-1.488831
77721,-1.171501,-0.623490
77722,-1.207436,0.603718
77723,-0.260824,0.093187
77724,-2.294861,-0.367711
77725,-3.490208,1.246980
77726,-3.911146,1.955573
77727,-3.478716,2.000000
77728,-3.652478,1.826239
77729,-2.872277,1.781812
77730,-3.333174,1.320914
77731,-3.563623,1.781812
77732,-3.658223,1.449729
77733,-2.011910,1.320914
77734,-1.978621,0.733052
77735,-3.335148,1.191580
77736,-3.152379,1.955573
77737,-3.563623,1.781812
77738,-3.652478,1.826239
77739,-3.326140,1.781812
77740,-2.826042,1.911146
77741,-2.883745,1.030303
77742,-1.733246,0.500000
77743,-2.706235,1.449729
77744,-3.281713,1.826239
77745,-1.133363,0.455573
77746,-3.824265,1.781812
77747,-2.835050,1.320914
77748,-2.228125,1.365341
77749,-3.326140,1.781812
77750,-3.779838,1.826239
77751,-1.933731,0.900969
77752,-3.866718,2.000000
77753,-1.647948,-0.445042
77754,-2.873202,0.400969
77755,-3.051264,1.365341
77756,-2.518736,1.074730
77757,-3.528889,1.579063
77758,-0.462714,-0.277479
77759,-0.928928,-1.233052
77760,-3.153395,0.440071
77761,-3.779838,1.826239
77762,-3.779838,1.826239
77763,-1.960449,1.826239
77764,-2.541119,0.733052
77765,-3.779838,1.826239
77766,-3.246980,1.623490
77767,-3.065499,1.781812
77768,-3.434289,1.911146
77769,-2.837543,1.579063
77770,-0.373022,1.074730
77771,-2.136480,0.698220
77772,-2.184738,-0.367711
77773,-1.254687,0.698220
77774,-2.872277,1.781812
77775,-3.102206,1.246980
77776,-3.528889,1.579063
77777,-3.065499,1.781812
77778,-3.427775,0.988831
77779,-3.658223,1.449729
77780,-2.316833,-1.233052
77781,-3.152379,1.955573
77782,-3.650504,1.955573
77783,-2.669008,0.988831
77784,-3.462508,1.191580
77785,-3.528889,1.579063
77786,-0.259807,0.222521
77787,-3.692957,1.652478
77788,-3.955573,1.911146
77789,-3.824265,1.781812
77790,-2.644197,-0.445042
77791,-3.152379,1.955573
77792,-2.347897,0.733052
77793,-3.824265,1.781812
77794,0.786998,0.400969
77795,-2.541119,0.733052
77796,-3.528889,1.579063
77797,-1.978716,-1.000000
77798,-3.528889,1.579063
77799,-3.051264,1.365341
77800,-3.955573,1.911146
77801,-2.110972,-1.123490
77802,-0.197601,-0.033258
77803,-2.837543,1.579063
77804,-1.661706,-1.634021
77805,-3.065499,1.781812
77806,-1.198511,1.030303
77807,-2.641828,1.320914
77808,-3.656250,1.579063
77809,-3.158125,1.579063
77810,-3.824265,1.781812
77811,-3.563623,1.781812
77812,0.837569,1.191580
77813,-2.873202,0.400969
77814,-3.563623,1.781812
77815,-3.911146,1.955573
77816,-2.383160,1.191580
77817,-2.883745,1.030303
77818,-1.922262,1.652478
77819,-3.658223,1.449729
77820,-3.658223,1.449729
77821,-3.246980,1.623490
77822,-3.563623,1.781812
77823,-2.835050,1.320914
77824,-3.153395,0.440071
77825,-2.343556,-0.658322
77826,-2.385621,1.030303
77827,0.262522,-0.425270
77828,-1.873040,-1.211352
77829,-3.123202,0.900969
77830,-3.658223,1.449729
77831,-2.793116,1.623490
77832,-3.397582,1.449729
77833,-2.347897,0.733052
77834,-2.872277,1.781812
77835,-2.730682,1.365341
77836,-2.892753,0.440071
77837,-2.168944,1.246980
77838,-2.461033,1.955573
77839,-3.167133,0.988831
77840,-3.335148,1.191580
77841,-3.158125,1.579063
77842,-3.427775,0.988831
77843,-3.490208,1.246980
77844,-2.872277,1.781812
77845,-1.636943,1.074730
77846,-2.835050,1.320914
77847,-1.845869,0.988831
77848,-2.385621,1.030303
77849,-3.822291,1.911146
77850,-3.822291,1.911146
77851,-3.656250,1.579063
77852,-2.717704,0.698220
77853,-2.730682,1.365341
77854,-3.652478,1.826239
77855,-3.324167,1.911146
77856,-2.717704,0.698220
77857,-3.822291,1.911146
77858,-3.335148,1.191580
77859,-0.143651,0.123490
77860,-3.824265,1.781812
77861,-2.899457,1.449729
77862,-1.370469,-1.000000
77863,-0.107192,-1.977662
77864,0.211126,-1.400969
77865,-2.136480,0.698220
77866,-3.484462,1.623490
77867,-2.336959,1.449729
77868,-3.215828,0.698220
77869,-2.461033,1.955573
77870,-3.563623,1.781812
77871,-2.941449,0.149460
77872,-3.153395,0.440071
77873,-2.883745,1.030303
77874,-1.928302,-1.488831
77875,-2.810768,0.142820
77876,-2.098256,0.455573
77877,-3.911146,1.955573
77878,-0.285640,0.142820
77879,-1.878417,-1.721883
77880,-2.730682,1.365341
77881,-3.333174,1.320914
77882,-2.641828,1.320914
77883,-3.652478,1.826239
77884,-3.397582,1.449729
77885,-3.652478,1.826239
77886,-3.158125,1.579063
77887,-1.813332,-0.722521
77888,-3.563623,1.781812
77889,-3.246980,1.623490
77890,-2.706235,1.449729
77891,-3.365341,0.730682
77892,-1.978621,0.733052
77893,-2.166234,-1.400969
77894,-2.872277,1.781812
77895,-2.598822,-0.147791
77896,-2.149460,1.074730
77897,-3.656250,1.579063
77898,-3.158125,1.579063
77899,-2.717704,0.698220
77900,-2.730682,1.365341
77901,-3.650504,1.955573
77902,-2.730682,1.365341
77903,-2.706235,1.449729
77904,-2.641828,1.320914
77905,-3.427775,0.988831
77906,-3.822291,1.911146
77907,-3.326140,1.781812
77908,-3.822291,1.911146
77909,-4.000000,2.000000
77910,-3.658223,1.449729
77911,-2.181855,0.400969
77912,-2.654083,-0.425270
77913,-3.326140,1.781812
77914,-3.911146,1.955573
77915,-3.911146,1.955573
77916,-3.167133,0.988831
77917,-1.550062,0.900969
77918,-3.652478,1.826239
77919,-3.650504,1.955573
77920,-3.158125,1.579063
77921,0.877172,-0.658322
77922,0.171965,-0.623490
77923,-1.461364,0.730682
77924,-1.244415,0.988831
77925,-1.062213,-0.074730
77926,-3.158125,1.579063
77927,-1.132335,-0.826239
77928,-2.654083,-0.425270
77929,-2.337712,0.326239
77930,-3.123202,0.900969
77931,-0.854474,-0.623490
77932,0.877172,-0.658322
77933,-3.158125,1.579063
77934,-0.088566,-1.634021
77935,-1.207436,0.603718
77936,-2.706235,1.449729
77937,-3.824265,1.781812
77938,-2.002903,1.911146
77939,-3.563623,1.781812
77940,-1.593993,0.988831
77941,-2.116349,-1.634021
77942,-2.256195,-0.445042
77943,-2.383160,1.191580
77944,-2.641828,1.320914
77945,-2.730682,1.365341
77946,-3.304955,1.652478
77947,-3.824265,1.781812
77948,-3.484462,1.623490
77949,-3.652478,1.826239
77950,-3.304955,1.652478
77951,-2.430339,0.123490
77952,-1.116526,0.733052
77953,-2.334986,1.579063
77954,-3.095692,1.320914
77955,-3.304955,1.652478
77956,-3.824265,1.781812
77957,-3.822291,1.911146
77958,-3.158125,1.579063
77959,-2.060606,1.030303
77960,-0.700386,1.030303
77961,-1.170844,-1.233052
77962,-2.060606,1.030303
77963,-1.760035,1.320914
77964,-3.326140,1.781812
77965,-2.711958,1.074730
77966,-2.461033,1.955573
77967,-2.706235,1.449729
77968,-3.246980,1.623490
77969,-3.335148,1.191580
77970,-2.168944,1.246980
77971,-2.383160,1.191580
77972,-2.717704,0.698220
77973,-1.845869,0.988831
77974,-3.335148,1.191580
77975,0.216586,0.054604
77976,-1.116526,0.733052
77977,-3.095692,1.320914
77978,-3.658223,1.449729
77979,-3.051264,1.365341
77980,-2.440004,0.142820
77981,-2.793116,1.623490
77982,-3.051264,1.365341
77983,-2.696708,1.652478
77984,-3.153395,0.440071
77985,-3.484462,1.623490
77986,-2.899457,1.449729
77987,-1.734301,-1.488831
77988,-1.921819,-1.889800
77989,-1.170753,0.149460
77990,-3.658223,1.449729
77991,-3.866718,2.000000
77992,-3.563623,1.781812
77993,-2.311457,-0.722521
77994,-3.397582,1.449729
77995,-3.397582,1.449729
77996,-1.713557,-0.535628
77997,-2.149460,1.074730
77998,-3.563623,1.781812
77999,-3.095692,1.320914
78000,-3.779838,1.826239
78001,-3.528889,1.579063
78002,-3.658223,1.449729
78003,-3.088468,0.698220
78004,-3.281713,1.826239
78005,-2.670453,0.603718
78006,-2.541119,0.733052
78007,-3.528889,1.579063
78008,-3.692957,1.652478
78009,-2.518736,1.074730
78010,-2.742943,1.911146
78011,-3.563623,1.781812
78012,-1.977662,0.988831
78013,-3.326140,1.781812
78014,-2.964384,1.191580
78015,-3.427775,0.988831
78016,-2.576901,1.579063
78017,-3.326140,1.781812
78018,-3.095692,1.320914
78019,-2.938128,0.142820
78020,-0.700307,0.733052
78021,-2.742943,1.911146
78022,-3.281713,1.826239
78023,-0.712714,0.222521
78024,-3.326140,1.781812
78025,-2.837543,1.579063
78026,-2.337712,0.326239
78027,-3.065499,1.781812
78028,-1.960449,1.826239
78029,-3.232059,0.730682
78030,-1.303596,-1.488831
78031,-2.100697,-0.147791
78032,-3.563623,1.781812
78033,-2.899457,1.449729
78034,-2.431855,0.900969
78035,-3.528889,1.579063
78036,-3.911146,1.955573
78037,-3.779838,1.826239
78038,-1.668109,-1.400969
78039,-1.551584,-1.634021
78040,-1.794458,-1.889800
78041,-2.899457,1.449729
78042,-2.056191,-1.233052
78043,-3.824265,1.781812
78044,-3.911146,1.955573
78045,-3.822291,1.911146
78046,-1.921819,-1.889800
78047,-3.326140,1.781812
78048,-3.153395,0.440071
78049,-1.207436,0.603718
78050,-3.123202,0.900969
78051,-0.854474,-0.623490
78052,-3.658223,1.449729
78053,-2.272552,1.320914
78054,-3.158125,1.579063
78055,-0.880142,0.440071
78056,-3.652478,1.826239
78057,-3.650504,1.955573
78058,-1.845869,0.988831
78059,-1.811776,-1.721883
78060,-2.605388,-0.134659
78061,-2.700489,1.826239
78062,-4.000000,2.000000
78063,-3.335148,1.191580
78064,-2.711958,1.074730
78065,-2.430339,0.123490
78066,-3.365341,0.730682
78067,-1.014727,-0.162592
78068,-1.284124,-0.134659
78069,-3.824265,1.781812
78070,-3.911146,1.955573
78071,-3.304955,1.652478
78072,-3.656250,1.579063
78073,-2.349870,0.603718
78074,-3.158125,1.579063
78075,-1.270918,0.730682
78076,-2.885719,0.900969
78077,-2.184738,-0.367711
78078,-3.268248,1.579063
78079,-3.397582,1.449729
78080,-3.692957,1.652478
78081,-1.551012,1.781812
78082,-2.228125,1.365341
78083,1.246980,-0.623490
78084,-3.167133,0.988831
78085,-0.538346,-1.889800
78086,-0.628209,0.455573
78087,-1.412671,0.730682
78088,-2.835050,1.320914
78089,-2.563163,1.030303
78090,-3.528889,1.579063
78091,-2.670453,0.603718
78092,-3.102206,1.246980
78093,-2.873202,0.400969
78094,-3.088468,0.698220
78095,-2.793116,1.623490
78096,-1.877888,-1.977662
78097,-1.858780,0.142820
78098,-4.000000,2.000000
78099,-2.793116,1.623490
78100,-1.413198,1.623490
78101,-3.152379,1.955573
78102,-3.563623,1.781812
78103,-3.324167,1.911146
78104,-2.892753,0.440071
78105,-3.911146,1.955573
78106,-2.844057,0.730682
78107,-0.431016,0.698220
78108,-2.654083,-0.425270
78109,-3.822291,1.911146
78110,-2.654083,-0.425270
78111,-2.572099,-0.722521
78112,-3.658223,1.449729
78113,-3.652478,1.826239
78114,-0.176865,-0.074730
78115,0.474785,0.326239
78116,-3.281713,1.826239
78117,-1.914041,-0.134659
78118,-3.167133,0.988831
78119,-3.281713,1.826239
78120,-0.256645,0.142820
78121,0.489821,0.123490
78122,-1.855707,-1.634021
78123,-2.430339,0.123490
78124,-2.337712,0.326239
78125,-2.518736,1.074730
78126,-3.911146,1.955573
78127,-3.652478,1.826239
78128,-3.822291,1.911146
78129,-1.637893,1.955573
78130,-3.335148,1.191580
78131,-3.095692,1.320914
78132,-2.700489,1.826239
78133,-1.648630,-0.277479
78134,-2.347897,0.733052
78135,-3.095692,1.320914
78136,-3.955573,1.911146
78137,-2.100697,-0.147791
78138,-1.794458,-1.889800
78139,-1.420728,1.030303
78140,-2.110972,-1.123490
78141,-1.133363,0.455573
78142,-0.388818,-0.425270
78143,-2.730682,1.365341
78144,-2.181855,0.400969
78145,-2.334986,1.579063
78146,-2.717704,0.698220
78147,-2.899457,1.449729
78148,-2.311457,-0.722521
78149,-1.349578,0.500000
78150,-2.730682,1.365341
78151,-3.658223,1.449729
78152,-3.563623,1.781812
78153,-3.335148,1.191580
78154,-0.880142,0.440071
78155,-3.365341,0.730682
78156,-3.824265,1.781812
78157,-1.607199,0.123490
78158,-1.906779,-0.535628
78159,0.196404,0.011169
78160,-1.120429,-1.721883
78161,-1.275116,0.455573
78162,-2.383160,1.191580
78163,-1.717542,-0.914101
78164,-1.794458,-1.889800
78165,-2.859464,-0.147791
78166,-3.397582,1.449729
78167,-3.824265,1.781812
78168,-2.964384,1.191580
78169,-3.268248,1.579063
78170,-3.692957,1.652478
78171,-3.281713,1.826239
78172,-3.074730,0.149460
78173,-3.484462,1.623490
78174,-2.964384,1.191580
78175,-2.670453,0.603718
78176,-1.280886,-1.400969
78177,-2.155959,-0.425270
78178,-2.711958,1.074730
78179,-3.490208,1.246980
78180,-3.911146,1.955573
78181,-3.333174,1.320914
78182,-3.324167,1.911146
78183,-2.941449,0.149460
78184,-2.711958,1.074730
78185,-3.911146,1.955573
78186,-3.822291,1.911146
78187,-3.822291,1.911146
78188,-2.777479,-0.445042
78189,-1.275116,0.455573
78190,-0.765763,0.730682
78191,-2.383160,1.191580
78192,-3.365341,0.730682
78193,-2.872277,1.781812
78194,-2.810768,0.142820
78195,-3.095692,1.320914
78196,-2.430339,0.123490
78197,-1.120429,-1.721883
78198,-1.357582,-1.634021
78199,0.050350,0.123490
78200,-3.326140,1.781812
78201,-3.692957,1.652478
78202,-2.598822,-0.147791
78203,-1.412671,0.730682
78204,-2.228125,1.365341
78205,-0.434577,-0.109562
78206,-3.528889,1.579063
78207,-3.194833,1.652478
78208,-3.528889,1.579063
78209,-3.268248,1.579063
78210,-2.371693,1.652478
78211,-2.837543,1.579063
78212,-0.493902,-1.211352
78213,-0.700307,0.733052
78214,-3.822291,1.911146
78215,-0.490512,-1.721883
78216,-2.873202,0.400969
78217,-0.607038,-1.488831
78218,-2.711958,1.074730
78219,-3.462508,1.191580
78220,-2.837543,1.579063
78221,-1.300576,-0.365341
78222,-0.305503,-0.367711
78223,-1.833963,0.093187
78224,-3.658223,1.449729
78225,-3.158125,1.579063
78226,-2.883745,1.030303
78227,-2.098256,0.455573
78228,-2.654083,-0.425270
78229,-3.333174,1.320914
78230,-3.824265,1.781812
78231,0.437420,0.400969
78232,-0.816833,0.266948
78233,-2.166234,-1.400969
78234,-2.873202,0.400969
78235,-3.095692,1.320914
78236,-3.652478,1.826239
78237,-3.335148,1.191580
78238,-3.563623,1.781812
78239,-3.333174,1.320914
78240,-2.256195,-0.445042
78241,-1.727818,-1.889800
78242,-1.960449,1.826239
78243,-3.281713,1.826239
78244,-3.397582,1.449729
78245,-1.906779,-0.535628
78246,-2.872277,1.781812
78247,-2.711958,1.074730
78248,-3.911146,1.955573
78249,-0.916907,-0.365341
78250,-2.440004,0.142820
78251,-1.921819,-1.889800
78252,-0.642527,-0.914101
78253,-1.906779,-0.535628
78254,-2.015156,0.455573
78255,-3.088468,0.698220
78256,-2.964384,1.191580
78257,0.436916,0.733052
78258,-2.119812,-0.109562
78259,-1.323809,0.455573
78260,-3.232059,0.730682
78261,-3.427775,0.988831
78262,-2.051596,1.911146
78263,-3.528889,1.579063
78264,-2.872277,1.781812
78265,-2.184738,-0.367711
78266,-0.156861,-0.134659
78267,-1.171501,-0.623490
78268,-2.349870,0.603718
78269,-2.700489,1.826239
78270,-3.215828,0.698220
78271,-2.941449,0.149460
78272,-2.056191,-1.233052
78273,-2.598822,-0.147791
78274,-3.656250,1.579063
78275,-0.604474,-1.123490
78276,-1.155045,-0.914101
78277,-2.873202,0.400969
78278,-3.824265,1.781812
78279,-2.576901,1.579063
78280,-3.694931,1.911146
78281,-1.801938,0.900969
78282,-2.518736,1.074730
78283,-3.333174,1.320914
78284,-0.766862,-0.658322
78285,-1.601453,0.500000
78286,-2.430339,0.123490
78287,-3.824265,1.781812
78288,-2.383160,1.191580
78289,-3.326140,1.781812
78290,-2.711958,1.074730
78291,-1.926590,-0.109562
78292,-3.822291,1.911146
78293,-2.242359,1.781812
78294,-1.717979,0.733052
78295,-3.246980,1.623490
78296,-1.370469,-1.000000
78297,-1.878417,-1.721883
78298,-1.878417,-1.721883
78299,0.016102,0.455573
78300,-2.051596,1.911146
78301,-3.051264,1.365341
78302,0.426559,-0.365341
78303,-2.144490,0.326239
78304,-3.246980,1.623490
78305,-1.922262,1.652478
78306,-2.098256,0.455573
78307,-2.385621,1.030303
78308,-3.650504,1.955573
78309,-3.158125,1.579063
78310,-3.152379,1.955573
78311,-3.652478,1.826239
78312,-1.127350,1.826239
78313,-2.885719,0.900969
78314,-3.650504,1.955573
78315,-3.656250,1.579063
78316,-3.652478,1.826239
78317,-3.822291,1.911146
78318,-3.335148,1.191580
78319,-3.650504,1.955573
78320,-2.334986,1.579063
78321,-3.095692,1.320914
78322,-2.872277,1.781812
78323,-3.652478,1.826239
78324,-2.347897,0.733052
78325,-0.533896,0.266948
78326,-1.588247,1.365341
78327,-2.700489,1.826239
78328,-3.158125,1.579063
78329,-2.394628,0.440071
78330,-2.349870,0.603718
78331,-3.658223,1.449729
78332,-2.706235,1.449729
78333,-1.155045,-0.914101
78334,-3.161387,1.365341
78335,-2.635719,0.400969
78336,-2.700489,1.826239
78337,-3.158125,1.579063
78338,-3.397582,1.449729
78339,-1.873040,-1.211352
78340,-1.775215,0.326239
78341,-2.208111,1.449729
78342,-2.706235,1.449729
78343,-2.717704,0.698220
78344,-1.926590,-0.109562
78345,-2.302521,1.030303
78346,-3.152379,1.955573
78347,-2.109756,0.123490
78348,-2.872277,1.781812
78349,-1.003761,1.579063
78350,-2.440004,0.142820
78351,-3.779838,1.826239
78352,-3.779838,1.826239
78353,-1.745664,-1.466104
78354,-2.316833,-1.233052
78355,-0.823226,0.326239
78356,-1.212812,0.093187
78357,-2.166234,-1.400969
78358,-3.095692,1.320914
78359,-3.161387,1.365341
78360,-2.367905,-0.134659
78361,-3.824265,1.781812
78362,-2.343556,-0.658322
78363,-3.397582,1.449729
78364,-3.167133,0.988831
78365,-2.518736,1.074730
78366,-2.374152,1.781812
78367,-2.810768,0.142820
78368,-2.176109,0.777479
78369,-3.911146,1.955573
78370,-3.652478,1.826239
78371,-3.652478,1.826239
78372,-1.703282,0.440071
78373,-2.461033,1.955573
78374,-1.588247,1.365341
78375,-3.911146,1.955573
78376,-3.658223,1.449729
78377,-2.431855,0.900969
78378,-2.873202,0.400969
78379,-3.324167,1.911146
78380,-3.652478,1.826239
78381,-2.700489,1.826239
78382,-2.941449,0.149460
78383,-3.397582,1.449729
78384,-3.484462,1.623490
78385,-0.383297,0.099031
78386,-3.152379,1.955573
78387,-1.794458,-1.889800
78388,-2.166234,-1.400969
78389,-0.450484,-1.801938
78390,-1.088404,-0.914101
78391,-2.155959,-0.425270
78392,-2.810768,0.142820
78393,-2.859464,-0.147791
78394,-2.349870,0.603718
78395,-1.703282,0.440071
78396,-2.343556,-0.658322
78397,-0.490512,-1.721883
78398,-2.100697,-0.147791
78399,-2.349870,0.603718
78400,-3.822291,1.911146
78401,-3.123202,0.900969
78402,-3.911146,1.955573
78403,-2.572099,-0.722521
78404,-1.121986,-0.722521
78405,-1.396440,0.698220
78406,-0.854474,-0.623490
78407,-3.656250,1.579063
78408,-0.604474,-1.123490
78409,-0.734763,-0.722521
78410,-1.928302,-1.488831
78411,-1.719513,1.246980
78412,-1.977662,0.988831
78413,-1.847313,0.603718
78414,-3.779838,1.826239
78415,-3.434289,1.911146
78416,-3.152379,1.955573
78417,-3.462508,1.191580
78418,-2.706235,1.449729
78419,-2.605388,-0.134659
78420,-3.658223,1.449729
78421,-2.899457,1.449729
78422,-3.824265,1.781812
78423,-3.281713,1.826239
78424,-3.650504,1.955573
78425,-1.224190,2.000000
78426,-3.692957,1.652478
78427,-1.026723,1.074730
78428,-0.311666,0.326239
78429,-2.711958,1.074730
78430,-3.152379,1.955573
78431,-1.733246,0.500000
78432,-3.102206,1.246980
78433,-1.551938,0.400969
78434,-3.623490,1.246980
78435,-1.361599,-0.367711
78436,-0.462714,-0.277479
78437,-2.873202,0.400969
78438,-3.911146,1.955573
78439,-2.605388,-0.134659
78440,-2.641828,1.320914
78441,-3.088468,0.698220
78442,-3.650504,1.955573
78443,-0.229775,0.011169
78444,-2.337712,0.326239
78445,-2.141244,1.191580
78446,-1.344281,-0.535628
78447,-1.557314,-0.109562
78448,-3.335148,1.191580
78449,-1.275116,0.455573
78450,-1.551012,1.781812
78451,-2.872277,1.781812
78452,-1.773241,0.455573
78453,-1.914041,-0.134659
78454,-1.168783,-0.365341
78455,-1.588247,1.365341
78456,-2.873202,0.400969
78457,-3.658223,1.449729
78458,-3.652478,1.826239
78459,-2.383160,1.191580
78460,-3.652478,1.826239
78461,-3.484462,1.623490
78462,-2.334986,1.579063
78463,-3.158125,1.579063
78464,-1.955475,-0.826239
78465,-3.652478,1.826239
78466,-1.801938,0.900969
78467,-2.859464,-0.147791
78468,-3.304955,1.652478
78469,-3.158125,1.579063
78470,-3.158125,1.579063
78471,-2.793116,1.623490
78472,-2.670453,0.603718
78473,-1.308725,-1.123490
78474,-2.184738,-0.367711
78475,-3.623490,1.246980
78476,-3.658223,1.449729
78477,-2.311457,-0.722521
78478,-3.304955,1.652478
78479,-3.161387,1.365341
78480,-2.700489,1.826239
78481,0.449827,1.579063
78482,-1.306849,1.246980
78483,-2.430339,0.123490
78484,-3.658223,1.449729
78485,-2.383160,1.191580
78486,-3.658223,1.449729
78487,-3.824265,1.781812
78488,-2.394628,0.440071
78489,-0.801039,-1.488831
78490,-0.911611,-1.400969
78491,-1.229693,-1.889800
78492,-2.440004,0.142820
78493,-3.434289,1.911146
78494,-1.934194,0.777479
78495,-3.102206,1.246980
78496,-2.605388,-0.134659
78497,-3.563623,1.781812
78498,-2.837543,1.579063
78499,-3.462508,1.191580
78500,-2.553446,0.149460
78501,-3.065499,1.781812
78502,-3.397582,1.449729
78503,-0.102415,-0.074730
78504,-1.681370,1.030303
78505,-0.709394,0.440071
78506,-3.824265,1.781812
78507,-3.065499,1.781812
78508,-3.658223,1.449729
78509,-3.563623,1.781812
78510,-3.065499,1.781812
78511,-2.228125,1.365341
78512,-3.563623,1.781812
78513,-3.123202,0.900969
78514,-3.326140,1.781812
78515,-3.694931,1.911146
78516,-2.371693,1.652478
78517,-3.694931,1.911146
78518,-2.696708,1.652478
78519,-3.623490,1.246980
78520,-2.116349,-1.634021
78521,-3.397582,1.449729
78522,-2.136480,0.698220
78523,-3.434289,1.911146
78524,-3.650504,1.955573
78525,-1.824442,1.449729
78526,-3.911146,1.955573
78527,-2.644197,-0.445042
78528,-2.116349,-1.634021
78529,-2.553446,0.149460
78530,-2.015156,0.455573
78531,-1.330319,-0.914101
78532,-2.261572,-0.955573
78533,-2.163198,1.623490
78534,-2.844057,0.730682
78535,-3.158125,1.579063
78536,-3.563623,1.781812
78537,-3.158125,1.579063
78538,-3.123202,0.900969
78539,-2.394628,0.440071
78540,-3.427775,0.988831
78541,-3.911146,1.955573
78542,-3.563623,1.781812
78543,-3.563623,1.781812
78544,-3.158125,1.579063
78545,-3.652478,1.826239
78546,-1.461364,0.730682
78547,-2.518736,1.074730
78548,-3.304955,1.652478
78549,-2.208111,1.449729
78550,-2.176109,0.777479
78551,-3.215828,0.698220
78552,-3.911146,1.955573
78553,-3.335148,1.191580
78554,-0.801039,-1.488831
78555,-1.461364,0.730682
78556,-2.383160,1.191580
78557,-3.158125,1.579063
78558,-2.717704,0.698220
78559,-2.730682,1.365341
78560,-1.824442,1.449729
78561,-2.336959,1.449729
78562,-2.011910,1.320914
78563,-3.563623,1.781812
78564,-2.002903,1.911146
78565,-3.215828,0.698220
78566,-2.060606,1.030303
78567,-2.060606,1.030303
78568,0.156904,-1.634021
78569,-1.349578,0.500000
78570,-3.335148,1.191580
78571,-3.397582,1.449729
78572,-3.652478,1.826239
78573,-2.572099,-0.722521
78574,-3.397582,1.449729
78575,-2.349870,0.603718
78576,-3.652478,1.826239
78577,-3.158125,1.579063
78578,-3.326140,1.781812
78579,-3.123202,0.900969
78580,-3.333174,1.320914
78581,-2.311457,-0.722521
78582,-2.885719,0.900969
78583,-2.883745,1.030303
78584,-1.233709,-0.623490
78585,-2.526723,-0.425270
78586,-2.311457,-0.722521
78587,-3.333174,1.320914
78588,-3.246980,1.623490
78589,-2.136480,0.698220
78590,-2.696708,1.652478
78591,-2.410859,1.246980
78592,-3.074730,0.149460
78593,-3.462508,1.191580
78594,-3.692957,1.652478
78595,-2.576901,1.579063
78596,-3.281713,1.826239
78597,-3.911146,1.955573
78598,-3.911146,1.955573
78599,-1.568917,-1.211352
78600,-3.074730,0.149460
78601,-3.911146,1.955573
78602,-3.866718,2.000000
78603,-1.413198,1.623490
78604,-3.563623,1.781812
78605,-3.281713,1.826239
78606,-2.336959,1.449729
78607,-2.872277,1.781812
78608,-2.461033,1.955573
78609,-3.326140,1.781812
78610,-2.228125,1.365341
78611,-3.528889,1.579063
78612,-2.899457,1.449729
78613,-3.333174,1.320914
78614,-2.964384,1.191580
78615,-2.163198,1.623490
78616,-3.152379,1.955573
78617,-2.670453,0.603718
78618,-2.099031,-1.801938
78619,-2.518736,1.074730
78620,-3.153395,0.440071
78621,-1.801938,0.900969
78622,-3.824265,1.781812
78623,-0.578811,-0.162592
78624,-2.056191,-1.233052
78625,-2.316833,-1.233052
78626,-3.194833,1.652478
78627,-3.095692,1.320914
78628,-1.550062,0.900969
78629,-2.605388,-0.134659
78630,-3.563623,1.781812
78631,-2.899457,1.449729
78632,-3.397582,1.449729
78633,0.065502,0.093187
78634,-2.793116,1.623490
78635,-3.365341,0.730682
78636,-0.158676,1.652478
78637,-1.762008,1.191580
78638,-1.062213,-0.074730
78639,-2.337712,0.326239
78640,-2.859464,-0.147791
78641,-1.858780,0.142820
78642,-3.158125,1.579063
78643,-3.824265,1.781812
78644,-2.272552,1.320914
78645,-1.955475,-0.826239
78646,-0.492457,-0.826239
78647,-0.378932,-0.445042
78648,-2.670453,0.603718
78649,-3.167133,0.988831
78650,-2.388932,-0.955573
78651,-1.423694,-1.889800
78652,-2.383160,1.191580
78653,-2.844057,0.730682
78654,-2.885719,0.900969
78655,-2.700489,1.826239
78656,-2.810768,0.142820
78657,-2.669008,0.988831
78658,-3.335148,1.191580
78659,-3.333174,1.320914
78660,-3.167133,0.988831
78661,-1.760035,1.320914
78662,-3.652478,1.826239
78663,-3.911146,1.955573
78664,-1.824442,1.449729
78665,-0.569543,-0.955573
78666,-1.169803,1.911146
78667,-3.281713,1.826239
78668,-3.824265,1.781812
78669,-2.899457,1.449729
78670,-1.695108,1.579063
78671,-2.015156,0.455573
78672,-2.184738,-0.367711
78673,-1.072099,0.777479
78674,-2.440004,0.142820
78675,-2.228125,1.365341
78676,-1.978716,-1.000000
78677,-1.132335,-0.826239
78678,-1.169803,1.911146
78679,-2.938128,0.142820
78680,-1.960449,1.826239
78681,-1.314088,-0.074730
78682,-1.955475,-0.826239
78683,-1.284124,-0.134659
78684,-2.011910,1.320914
78685,-3.652478,1.826239
78686,-3.484462,1.623490
78687,-1.284124,-0.134659
78688,-2.885719,0.900969
78689,0.685624,0.603718
78690,-2.337712,0.326239
78691,-3.123202,0.900969
78692,-3.779838,1.826239
78693,-3.692957,1.652478
78694,-1.849772,0.733052
78695,-3.123202,0.900969
78696,-2.835050,1.320914
78697,-3.153395,0.440071
78698,-3.074730,0.149460
78699,-3.281713,1.826239
78700,-2.711958,1.074730
78701,-3.051264,1.365341
78702,-2.388932,-0.955573
78703,-1.225625,-1.123490
78704,0.582947,-0.722521
78705,-3.824265,1.781812
78706,-2.155959,-0.425270
78707,-2.337712,0.326239
78708,-1.168783,-0.365341
78709,-3.324167,1.911146
78710,-3.822291,1.911146
78711,-3.563623,1.781812
78712,-2.334986,1.579063
78713,-3.490208,1.246980
78714,-3.822291,1.911146
78715,-1.727818,-1.889800
78716,-2.155959,-0.425270
78717,-2.883745,1.030303
78718,-3.397582,1.449729
78719,-2.266948,-1.466104
78720,-2.654083,-0.425270
78721,-3.158125,1.579063
78722,-2.635719,0.400969
78723,-2.541119,0.733052
78724,-0.298846,-0.722521
78725,-3.866718,2.000000
78726,-3.650504,1.955573
78727,-3.528889,1.579063
78728,-3.866718,2.000000
78729,-2.526723,-0.425270
78730,-2.371693,1.652478
78731,-3.088468,0.698220
78732,-3.692957,1.652478
78733,-3.528889,1.579063
78734,-1.361599,-0.367711
78735,-1.878417,-1.721883
78736,-3.824265,1.781812
78737,-3.484462,1.623490
78738,-1.847313,0.603718
78739,-2.056191,-1.233052
78740,-1.934194,0.777479
78741,-3.194833,1.652478
78742,-3.563623,1.781812
78743,-3.658223,1.449729
78744,-3.484462,1.623490
78745,-3.462508,1.191580
78746,-3.658223,1.449729
78747,-1.445133,0.698220
78748,-3.563623,1.781812
78749,-3.650504,1.955573
78750,-0.966034,-0.162592
78751,-1.489885,-1.977662
78752,-1.978621,0.733052
78753,-2.228125,1.365341
78754,-0.880142,0.440071
78755,-3.824265,1.781812
78756,-0.151111,-0.365341
78757,-2.294861,-0.367711
78758,-2.060606,1.030303
78759,-0.756100,1.955573
78760,-1.727818,-1.889800
78761,-3.563623,1.781812
78762,-3.650504,1.955573
78763,-1.554958,0.777479
78764,-1.933731,0.900969
78765,-3.365341,0.730682
78766,-3.158125,1.579063
78767,-2.844057,0.730682
78768,-2.242359,1.781812
78769,-3.158125,1.579063
78770,-3.824265,1.781812
78771,-3.153395,0.440071
78772,-1.933731,0.900969
78773,-1.858780,0.142820
78774,-1.877888,-1.977662
78775,-1.474108,-1.400969
78776,-0.567329,-0.365341
78777,-3.427775,0.988831
78778,-1.231001,-1.634021
78779,-1.668109,-1.400969
78780,0.156904,-1.634021
78781,-2.144490,0.326239
78782,-3.822291,1.911146
78783,-3.123202,0.900969
78784,-2.005777,-1.721883
78785,-1.419626,-1.123490
78786,-1.231001,-1.634021
78787,0.421965,-1.123490
78788,-0.722906,-0.365341
78789,-2.670453,0.603718
78790,-1.637893,1.955573
78791,-2.964384,1.191580
78792,-1.309583,-0.955573
78793,-2.780575,0.603718
78794,-3.563623,1.781812
78795,-3.397582,1.449729
78796,0.432848,-0.033258
78797,-1.703282,0.440071
78798,-3.658223,1.449729
78799,-3.484462,1.623490
78800,-2.336959,1.449729
78801,-2.011910,1.320914
78802,-2.430339,0.123490
78803,-2.261572,-0.955573
78804,-3.911146,1.955573
78805,-3.365341,0.730682
78806,-1.261910,1.320914
78807,-3.779838,1.826239
78808,-3.051264,1.365341
78809,-1.171501,-0.623490
78810,-2.311457,-0.722521
78811,-1.771749,-1.801938
78812,-2.116349,-1.634021
78813,-2.261572,-0.955573
78814,-3.652478,1.826239
78815,-1.594507,0.222521
78816,-3.123202,0.900969
78817,-3.158125,1.579063
78818,-2.826042,1.911146
78819,-1.231001,-1.634021
78820,-2.717704,0.698220
78821,-2.572099,-0.722521
78822,-2.717704,0.698220
78823,-2.885719,0.900969
78824,-1.409351,-0.147791
78825,-3.065499,1.781812
78826,-3.824265,1.781812
78827,-0.911146,0.455573
78828,-3.158125,1.579063
78829,-2.641828,1.320914
78830,-3.650504,1.955573
78831,-3.335148,1.191580
78832,-2.777479,-0.445042
78833,-1.955475,-0.826239
78834,-2.242359,1.781812
78835,-2.941449,0.149460
78836,-0.938334,-0.826239
78837,-0.156861,-0.134659
78838,-3.692957,1.652478
78839,-2.938128,0.142820
78840,-3.866718,2.000000
78841,-2.899457,1.449729
78842,-3.088468,0.698220
78843,-2.242359,1.781812
78844,-2.541119,0.733052
78845,-2.938128,0.142820
78846,-1.275116,0.455573
78847,-1.727818,-1.889800
78848,-2.316833,-1.233052
78849,-3.824265,1.781812
78850,-3.822291,1.911146
78851,-1.261910,1.320914
78852,-3.650504,1.955573
78853,-3.095692,1.320914
78854,-3.484462,1.623490
78855,-2.777479,-0.445042
78856,-3.656250,1.579063
78857,-3.158125,1.579063
78858,-3.822291,1.911146
78859,-3.397582,1.449729
78860,-1.275116,0.455573
78861,-2.144490,0.326239
78862,-1.214222,1.449729
78863,-3.088468,0.698220
78864,-2.540461,0.123490
78865,-3.333174,1.320914
78866,-1.594507,0.222521
78867,-3.652478,1.826239
78868,-2.261572,-0.955573
78869,-1.442336,-1.211352
78870,-2.316833,-1.233052
78871,-1.873040,-1.211352
78872,-1.461364,0.730682
78873,-1.731816,1.652478
78874,-1.397882,0.603718
78875,-2.780575,0.603718
78876,-3.427775,0.988831
78877,-2.336959,1.449729
78878,-2.844057,0.730682
78879,-2.872277,1.781812
78880,-0.974766,1.579063
78881,-2.717704,0.698220
78882,-2.256195,-0.445042
78883,-1.607199,0.123490
78884,-2.826042,1.911146
78885,-3.826239,1.652478
78886,-2.859464,-0.147791
78887,-3.065499,1.781812
78888,-0.810020,1.191580
78889,-3.167133,0.988831
78890,-3.824265,1.781812
78891,-2.002903,1.911146
78892,-3.822291,1.911146
78893,-3.215828,0.698220
78894,-3.484462,1.623490
78895,-3.563623,1.781812
78896,-2.717704,0.698220
78897,-3.158125,1.579063
78898,-2.717704,0.698220
78899,-2.793116,1.623490
78900,-3.246980,1.623490
78901,-2.208111,1.449729
78902,-2.899457,1.449729
78903,-1.314088,-0.074730
78904,-0.602063,-0.162592
78905,-3.434289,1.911146
78906,-3.955573,1.911146
78907,-3.152379,1.955573
78908,-2.706235,1.449729
78909,-2.837543,1.579063
78910,-2.541119,0.733052
78911,-2.500000,-1.000000
78912,-2.500000,-1.000000
78913,-0.493902,-1.211352
78914,-0.789708,-1.123490
78915,-3.397582,1.449729
78916,-1.855707,-1.634021
78917,-1.955475,-0.826239
78918,-2.493959,1.246980
78919,0.130578,0.142820
78920,-2.540461,0.123490
78921,-3.246980,1.623490
78922,-3.694931,1.911146
78923,-1.254687,0.698220
78924,-2.938128,0.142820
78925,-2.641828,1.320914
78926,-1.775215,0.326239
78927,-2.038874,-1.400969
78928,-1.180804,0.266948
78929,-1.634892,-0.826239
78930,-3.427775,0.988831
78931,-2.641828,1.320914
78932,-3.088468,0.698220
78933,-2.576901,1.579063
78934,-3.167133,0.988831
78935,-3.911146,1.955573
78936,-3.246980,1.623490
78937,-3.528889,1.579063
78938,-2.461033,1.955573
78939,-3.484462,1.623490
78940,-2.641828,1.320914
78941,-2.541119,0.733052
78942,-2.311457,-0.722521
78943,-1.690819,-1.488831
78944,-0.709622,0.099031
78945,-3.650504,1.955573
78946,-3.281713,1.826239
78947,-3.281713,1.826239
78948,-1.977662,0.988831
78949,-3.528889,1.579063
78950,-2.011910,1.320914
78951,-2.431855,0.900969
78952,-3.563623,1.781812
78953,-3.427775,0.988831
78954,-3.268248,1.579063
78955,-2.635719,0.400969
78956,-2.870469,2.000000
78957,-2.163198,1.623490
78958,-3.051264,1.365341
78959,-2.670453,0.603718
78960,-3.528889,1.579063
78961,-1.801938,0.900969
78962,-2.259209,0.777479
78963,-1.921819,-1.889800
78964,-2.133667,-1.466104
78965,-3.484462,1.623490
78966,-2.109756,0.123490
78967,-1.977662,0.988831
78968,-2.133667,-1.466104
78969,-1.284124,-0.134659
78970,-2.641828,1.320914
78971,-1.855707,-1.634021
78972,-3.095692,1.320914
78973,-3.563623,1.781812
78974,-2.526723,-0.425270
78975,-3.824265,1.781812
78976,-3.528889,1.579063
78977,-3.268248,1.579063
78978,-3.779838,1.826239
78979,-1.409351,-0.147791
78980,-2.742943,1.911146
78981,-1.978621,0.733052
78982,-2.993868,1.030303
78983,-3.694931,1.911146
78984,-3.824265,1.781812
78985,-3.434289,1.911146
78986,-2.541119,0.733052
78987,-2.540461,0.123490
78988,-2.605388,-0.134659
78989,-3.088468,0.698220
78990,-2.242359,1.781812
78991,-3.955573,1.911146
78992,-2.051596,1.911146
78993,-2.015156,0.455573
78994,-0.916907,-0.365341
78995,-1.733246,0.500000
78996,-3.955573,1.911146
78997,-2.835050,1.320914
78998,-3.528889,1.579063
78999,-3.484462,1.623490
79000,-3.194833,1.652478
79001,-3.326140,1.781812
79002,-1.977662,0.988831
79003,-0.231828,0.093187
79004,-3.281713,1.826239
79005,-3.824265,1.781812
79006,-2.410859,1.246980
79007,-2.149460,1.074730
79008,-3.246980,1.623490
79009,-0.159449,-0.109562
79010,-2.136480,0.698220
79011,-2.837543,1.579063
79012,-3.152379,1.955573
79013,-1.760035,1.320914
79014,-2.742943,1.911146
79015,-3.153395,0.440071
79016,-1.280886,-1.400969
79017,-2.367905,-0.134659
79018,-1.849772,0.733052
79019,-3.462508,1.191580
79020,-2.228125,1.365341
79021,-2.208111,1.449729
79022,-2.899457,1.449729
79023,-3.397582,1.449729
79024,-3.911146,1.955573
79025,-2.605388,-0.134659
79026,-1.643120,1.191580
79027,-1.703282,0.440071
79028,-0.688917,1.781812
79029,-2.899457,1.449729
79030,-3.650504,1.955573
79031,-3.824265,1.781812
79032,-1.394005,0.455573
79033,-3.911146,1.955573
79034,-3.955573,1.911146
79035,-3.484462,1.623490
79036,-2.644197,-0.445042
79037,-3.065499,1.781812
79038,-3.824265,1.781812
79039,-2.641828,1.320914
79040,-3.152379,1.955573
79041,-0.650969,0.099031
79042,-2.100697,-0.147791
79043,-3.281713,1.826239
79044,-3.434289,1.911146
79045,-3.866718,2.000000
79046,-3.434289,1.911146
79047,-1.086885,-1.400969
79048,-1.086885,-1.400969
79049,-2.964384,1.191580
79050,-2.964384,1.191580
79051,-3.427775,0.988831
79052,-1.601453,0.500000
79053,-2.572099,-0.722521
79054,-3.692957,1.652478
79055,-3.088468,0.698220
79056,-0.816833,0.266948
79057,-1.813332,-0.722521
79058,-1.934194,0.777479
79059,-2.431855,0.900969
79060,-3.822291,1.911146
79061,-3.652478,1.826239
79062,-1.813332,-0.722521
79063,-2.261572,-0.955573
79064,-3.333174,1.320914
79065,-2.367905,-0.134659
79066,-2.141244,1.191580
79067,-3.694931,1.911146
79068,-1.413198,1.623490
79069,-3.088468,0.698220
79070,-3.623490,1.246980
79071,-3.123202,0.900969
79072,-3.462508,1.191580
79073,-3.658223,1.449729
79074,-2.394628,0.440071
79075,-2.669008,0.988831
79076,-3.102206,1.246980
79077,-1.357582,-1.634021
79078,-1.225625,-1.123490
79079,-1.601453,0.500000
79080,-2.872277,1.781812
79081,-0.270784,0.093187
79082,-3.650504,1.955573
79083,-1.760035,1.320914
79084,-3.326140,1.781812
79085,-2.563163,1.030303
79086,-3.911146,1.955573
79087,-3.528889,1.579063
79088,-3.658223,1.449729
79089,-2.899457,1.449729
79090,-2.872277,1.781812
79091,-1.568917,-1.211352
79092,-0.408062,-0.162592
79093,-3.484462,1.623490
79094,-3.650504,1.955573
79095,-0.431016,0.698220
79096,-3.065499,1.781812
79097,-3.427775,0.988831
79098,-4.000000,2.000000
79099,-2.654083,-0.425270
79100,-1.977662,0.988831
79101,0.079338,-0.826239
79102,-1.349578,0.500000
79103,-2.892753,0.440071
79104,-3.095692,1.320914
79105,-2.635719,0.400969
79106,-2.394628,0.440071
79107,-0.880142,0.440071
79108,-0.492457,-0.826239
79109,-3.528889,1.579063
79110,-3.563623,1.781812
79111,-2.938128,0.142820
79112,-1.006419,-1.211352
79113,-2.261572,-0.955573
79114,-1.878417,-1.721883
79115,-3.658223,1.449729
79116,-3.822291,1.911146
79117,-3.095692,1.320914
79118,-3.658223,1.449729
79119,-3.158125,1.579063
79120,-2.430339,0.123490
79121,-3.333174,1.320914
79122,-3.822291,1.911146
79123,-3.826239,1.652478
79124,-3.152379,1.955573
79125,-2.641828,1.320914
79126,-2.430339,0.123490
79127,1.134357,1.365341
79128,0.150276,0.142820
79129,-2.302521,1.030303
79130,-3.065499,1.781812
79131,-2.208111,1.449729
79132,-3.065499,1.781812
79133,-2.635719,0.400969
79134,-0.266837,-0.445042
79135,-3.152379,1.955573
79136,-3.215828,0.698220
79137,-3.822291,1.911146
79138,-1.445881,-0.074730
79139,-3.333174,1.320914
79140,-3.484462,1.623490
79141,-2.060606,1.030303
79142,-2.717704,0.698220
79143,-0.492457,-0.826239
79144,-1.801938,0.900969
79145,-3.658223,1.449729
79146,-2.466259,1.191580
79147,-3.397582,1.449729
79148,-3.528889,1.579063
79149,-3.692957,1.652478
79150,-3.232059,0.730682
79151,-2.374152,1.781812
79152,-2.272552,1.320914
79153,-3.528889,1.579063
79154,-2.208111,1.449729
79155,-3.528889,1.579063
79156,-2.461033,1.955573
79157,-2.870469,2.000000
79158,-3.563623,1.781812
79159,-3.824265,1.781812
79160,-3.397582,1.449729
79161,-3.065499,1.781812
79162,-2.669008,0.988831
79163,-0.067251,-0.162592
79164,-3.490208,1.246980
79165,-3.563623,1.781812
79166,-0.156636,0.149460
79167,-3.152379,1.955573
79168,-1.474108,-1.400969
79169,-1.601453,0.500000
79170,-3.911146,1.955573
79171,-2.883745,1.030303
79172,-2.367905,-0.134659
79173,-3.335148,1.191580
79174,-1.977662,0.988831
79175,-2.605388,-0.134659
79176,-3.658223,1.449729
79177,-2.383160,1.191580
79178,-3.095692,1.320914
79179,-3.161387,1.365341
79180,-3.304955,1.652478
79181,-2.885719,0.900969
79182,-2.208111,1.449729
79183,-3.158125,1.579063
79184,-0.219815,0.011169
79185,-3.397582,1.449729
79186,-1.833963,0.093187
79187,-1.978621,0.733052
79188,-2.641828,1.320914
79189,0.185991,-0.147791
79190,-1.928302,-1.488831
79191,-3.824265,1.781812
79192,-2.810768,0.142820
79193,-3.484462,1.623490
79194,-0.109208,0.054604
79195,-3.822291,1.911146
79196,-1.200484,0.900969
79197,-3.652478,1.826239
79198,-3.652478,1.826239
79199,-2.316833,-1.233052
79200,-1.717542,-0.914101
79201,-1.703282,0.440071
79202,-2.730682,1.365341
79203,-3.158125,1.579063
79204,-3.335148,1.191580
79205,-3.652478,1.826239
79206,-2.366718,-1.000000
79207,-3.658223,1.449729
79208,-3.490208,1.246980
79209,-3.427775,0.988831
79210,-2.272552,1.320914
79211,0.110414,0.266948
79212,-3.333174,1.320914
79213,-2.394628,0.440071
79214,-2.166234,-1.400969
79215,-1.833963,0.093187
79216,-2.700489,1.826239
79217,-3.333174,1.320914
79218,-2.780575,0.603718
79219,-2.431855,0.900969
79220,-2.885719,0.900969
79221,-3.333174,1.320914
79222,-2.060606,1.030303
79223,-1.878417,-1.721883
79224,-1.733246,0.500000
79225,-3.652478,1.826239
79226,-3.158125,1.579063
79227,-3.158125,1.579063
79228,-3.152379,1.955573
79229,-3.246980,1.623490
79230,-3.152379,1.955573
79231,-3.652478,1.826239
79232,-2.518736,1.074730
79233,-1.733246,0.500000
79234,-3.652478,1.826239
79235,-2.349870,0.603718
79236,-3.652478,1.826239
79237,-3.822291,1.911146
79238,-2.641828,1.320914
79239,-2.181855,0.400969
79240,-1.384971,1.449729
79241,-3.065499,1.781812
79242,0.304958,0.222521
79243,-0.001041,-0.277479
79244,-1.849772,0.733052
79245,-0.855884,0.733052
79246,0.166219,-1.000000
79247,-2.430339,0.123490
79248,-3.397582,1.449729
79249,-3.326140,1.781812
79250,-3.304955,1.652478
79251,-3.158125,1.579063
79252,-3.652478,1.826239
79253,-3.563623,1.781812
79254,-0.771367,0.222521
79255,-3.427775,0.988831
79256,-3.065499,1.781812
79257,-3.822291,1.911146
79258,-3.826239,1.652478
79259,-2.654083,-0.425270
79260,-2.266948,-1.466104
79261,-2.385621,1.030303
79262,-2.176109,0.777479
79263,-2.872277,1.781812
79264,-3.335148,1.191580
79265,-3.822291,1.911146
79266,-3.658223,1.449729
79267,-1.717542,-0.914101
79268,-3.658223,1.449729
79269,-2.892753,0.440071
79270,-2.835050,1.320914
79271,-3.652478,1.826239
79272,-3.246980,1.623490
79273,-1.550062,0.900969
79274,-2.294861,-0.367711
79275,-0.248496,0.900969
79276,-3.326140,1.781812
79277,-0.974766,1.579063
79278,-2.572099,-0.722521
79279,-2.116349,-1.634021
79280,-2.730682,1.365341
79281,-1.461364,0.730682
79282,-2.706235,1.449729
79283,-2.060606,1.030303
79284,-3.563623,1.781812
79285,-3.563623,1.781812
79286,-3.911146,1.955573
79287,-1.524320,-0.914101
79288,-1.133363,0.455573
79289,-2.526723,-0.425270
79290,-1.926590,-0.109562
79291,-3.650504,1.955573
79292,-3.911146,1.955573
79293,-2.711958,1.074730
79294,-3.434289,1.911146
79295,-3.694931,1.911146
79296,-3.692957,1.652478
79297,-2.500000,-1.000000
79298,-3.911146,1.955573
79299,-1.210838,0.222521
79300,-3.528889,1.579063
79301,-3.065499,1.781812
79302,-3.824265,1.781812
79303,-3.866718,2.000000
79304,-2.563163,1.030303
79305,-3.692957,1.652478
79306,-2.526723,-0.425270
79307,-1.717542,-0.914101
79308,-2.343556,-0.658322
79309,-3.694931,1.911146
79310,-2.015156,0.455573
79311,-2.228125,1.365341
79312,-2.899457,1.449729
79313,-2.367905,-0.134659
79314,-2.993868,1.030303
79315,-3.563623,1.781812
79316,-1.636943,1.074730
79317,-2.367905,-0.134659
79318,-1.420728,1.030303
79319,-3.434289,1.911146
79320,-3.528889,1.579063
79321,-2.576901,1.579063
79322,-2.038874,-1.400969
79323,-2.572099,-0.722521
79324,-2.644197,-0.445042
79325,-0.201525,0.123490
79326,-3.911146,1.955573
79327,-2.835050,1.320914
79328,-3.268248,1.579063
79329,-2.110972,-1.123490
79330,-1.466104,0.733052
79331,-3.484462,1.623490
79332,-3.324167,1.911146
79333,-3.152379,1.955573
79334,-3.153395,0.440071
79335,-3.563623,1.781812
79336,-2.641828,1.320914
79337,-3.650504,1.955573
79338,-1.731816,1.652478
79339,-1.396440,0.698220
79340,-2.493959,1.246980
79341,-3.650504,1.955573
79342,-3.650504,1.955573
79343,-3.656250,1.579063
79344,-3.656250,1.579063
79345,-2.700489,1.826239
79346,-3.911146,1.955573
79347,-3.652478,1.826239
79348,-1.000000,0.500000
79349,-3.324167,1.911146
79350,-3.911146,1.955573
79351,-1.914041,-0.134659
79352,-2.541119,0.733052
79353,-3.246980,1.623490
79354,-1.022292,-0.658322
79355,-3.153395,0.440071
79356,-2.810768,0.142820
79357,-3.246980,1.623490
79358,-3.656250,1.579063
79359,-3.324167,1.911146
79360,-3.335148,1.191580
79361,-2.208111,1.449729
79362,-3.484462,1.623490
79363,-1.396440,0.698220
79364,-0.652478,0.326239
79365,-3.911146,1.955573
79366,-3.365341,0.730682
79367,-2.700489,1.826239
79368,-2.899457,1.449729
79369,-2.874250,1.652478
79370,-2.711958,1.074730
79371,-2.844057,0.730682
79372,-2.374152,1.781812
79373,-3.158125,1.579063
79374,-1.375695,-1.211352
79375,-1.198511,1.030303
79376,-3.304955,1.652478
79377,-2.641828,1.320914
79378,-1.668109,-1.400969
79379,-1.577747,-1.801938
79380,-3.167133,0.988831
79381,-3.246980,1.623490
79382,-2.964384,1.191580
79383,-3.650504,1.955573
79384,-3.779838,1.826239
79385,-3.563623,1.781812
79386,0.382628,-0.277479
79387,-3.123202,0.900969
79388,-2.136480,0.698220
79389,0.131183,-0.162592
79390,-1.062213,-0.074730
79391,-1.384971,1.449729
79392,-3.102206,1.246980
79393,-3.779838,1.826239
79394,-3.563623,1.781812
79395,-3.484462,1.623490
79396,-3.955573,1.911146
79397,-0.123151,-0.033258
79398,-3.563623,1.781812
79399,-3.427775,0.988831
79400,-3.333174,1.320914
79401,-2.163198,1.623490
79402,-3.484462,1.623490
79403,-3.694931,1.911146
79404,-3.152379,1.955573
79405,-3.694931,1.911146
79406,-1.003761,1.579063
79407,-0.237965,1.579063
79408,-2.885719,0.900969
79409,-3.694931,1.911146
79410,-2.885719,0.900969
79411,-1.308725,-1.123490
79412,-1.051938,0.900969
79413,-0.022037,-0.623490
79414,-1.050429,1.652478
79415,-2.302521,1.030303
79416,-3.397582,1.449729
79417,-2.964384,1.191580
79418,-2.388932,-0.955573
79419,-2.892753,0.440071
79420,-2.706235,1.449729
79421,-0.828197,0.988831
79422,-2.563163,1.030303
79423,-3.427775,0.988831
79424,-0.938334,-0.826239
79425,-0.219815,0.011169
79426,-1.396440,0.698220
79427,-1.637893,1.955573
79428,-3.911146,1.955573
79429,-3.333174,1.320914
79430,-3.652478,1.826239
79431,-1.733246,0.500000
79432,-3.563623,1.781812
79433,-2.493959,1.246980
79434,-3.158125,1.579063
79435,-1.813332,-0.722521
79436,-2.431855,0.900969
79437,-3.490208,1.246980
79438,-3.152379,1.955573
79439,-2.181855,0.400969
79440,-3.246980,1.623490
79441,-0.143651,0.123490
79442,-3.427775,0.988831
79443,-1.270918,0.730682
79444,-0.533896,0.266948
79445,-1.330319,-0.914101
79446,-0.728444,-1.634021
79447,-2.181855,0.400969
79448,-2.440004,0.142820
79449,-3.194833,1.652478
79450,-0.596023,-1.000000
79451,-2.644197,-0.445042
79452,-2.051596,1.911146
79453,-2.136480,0.698220
79454,-1.933731,0.900969
79455,-3.462508,1.191580
79456,-3.779838,1.826239
79457,-2.870469,2.000000
79458,-2.272552,1.320914
79459,-2.993868,1.030303
79460,-0.654932,1.030303
79461,-3.194833,1.652478
79462,-3.434289,1.911146
79463,-2.208111,1.449729
79464,-2.163198,1.623490
79465,-1.551938,0.400969
79466,-3.824265,1.781812
79467,-3.153395,0.440071
79468,-2.208111,1.449729
79469,-0.607038,-1.488831
79470,1.166586,-1.889800
79471,-3.326140,1.781812
79472,-2.261572,-0.955573
79473,-2.730682,1.365341
79474,-3.158125,1.579063
79475,-0.669220,1.781812
79476,-2.669008,0.988831
79477,-3.652478,1.826239
79478,-2.777479,-0.445042
79479,-0.063347,0.093187
79480,-2.493959,1.246980
79481,-3.324167,1.911146
79482,-2.431855,0.900969
79483,-3.563623,1.781812
79484,-1.551012,1.781812
79485,-1.849772,0.733052
79486,-0.721721,-0.367711
79487,-1.155045,-0.914101
79488,-1.574735,-0.425270
79489,-1.149815,1.320914
79490,-3.232059,0.730682
79491,-1.027479,-0.277479
79492,-1.960449,1.826239
79493,-0.712635,-0.074730
79494,-2.835050,1.320914
79495,-3.528889,1.579063
79496,-3.326140,1.781812
79497,-3.528889,1.579063
79498,-2.669008,0.988831
79499,-2.302521,1.030303
79500,-3.434289,1.911146
79501,-2.885719,0.900969
79502,-1.934194,0.777479
79503,-2.526723,-0.425270
79504,-1.647948,-0.445042
79505,-2.388932,-0.955573
79506,-2.431855,0.900969
79507,2.030043,0.142820
79508,-1.624178,-1.488831
79509,-3.102206,1.246980
79510,-2.641828,1.320914
79511,-2.440004,0.142820
79512,-3.528889,1.579063
79513,-3.694931,1.911146
79514,-2.311457,-0.722521
79515,-0.065885,-0.147791
79516,-1.773241,0.455573
79517,-2.883745,1.030303
79518,-2.885719,0.900969
79519,-0.219815,0.011169
79520,-1.607199,0.123490
79521,-2.366718,-1.000000
79522,-1.668109,-1.400969
79523,-1.270918,0.730682
79524,-0.864659,-0.365341
79525,-2.810768,0.142820
79526,-0.689843,0.400969
79527,-0.354198,-0.658322
79528,-3.065499,1.781812
79529,-3.397582,1.449729
79530,-2.835050,1.320914
79531,-3.095692,1.320914
79532,-3.650504,1.955573
79533,-1.845869,0.988831
79534,-3.158125,1.579063
79535,-2.669008,0.988831
79536,-1.762008,1.191580
79537,-3.324167,1.911146
79538,-3.304955,1.652478
79539,-2.144490,0.326239
79540,-2.605388,-0.134659
79541,-4.000000,2.000000
79542,-1.928302,-1.488831
79543,-0.217752,-0.365341
79544,-0.718169,-0.658322
79545,-1.801938,0.900969
79546,-2.892753,0.440071
79547,-3.652478,1.826239
79548,-1.466104,0.733052
79549,-2.873202,0.400969
79550,-3.658223,1.449729
79551,-3.246980,1.623490
79552,-3.158125,1.579063
79553,-2.899457,1.449729
79554,-2.383160,1.191580
79555,-1.636943,1.074730
79556,-4.000000,2.000000
79557,-3.490208,1.246980
79558,-2.641828,1.320914
79559,-3.158125,1.579063
79560,-3.824265,1.781812
79561,-3.304955,1.652478
79562,-1.945199,0.149460
79563,-3.490208,1.246980
79564,-2.394628,0.440071
79565,-4.000000,2.000000
79566,-3.215828,0.698220
79567,-3.911146,1.955573
79568,-3.427775,0.988831
79569,-3.397582,1.449729
79570,-3.484462,1.623490
79571,-2.149460,1.074730
79572,-2.700489,1.826239
79573,-2.810768,0.142820
79574,-1.878417,-1.721883
79575,-1.180804,0.266948
79576,-2.011910,1.320914
79577,-2.742943,1.911146
79578,-3.528889,1.579063
79579,-2.835050,1.320914
79580,-2.793116,1.623490
79581,-1.960449,1.826239
79582,-2.837543,1.579063
79583,-3.911146,1.955573
79584,-3.694931,1.911146
79585,-3.427775,0.988831
79586,-3.281713,1.826239
79587,-3.528889,1.579063
79588,-2.015156,0.455573
79589,-2.837543,1.579063
79590,-3.623490,1.246980
79591,-2.872277,1.781812
79592,-2.742943,1.911146
79593,-3.866718,2.000000
79594,-3.692957,1.652478
79595,-2.466259,1.191580
79596,-3.194833,1.652478
79597,-3.326140,1.781812
79598,-2.316833,-1.233052
79599,-2.641828,1.320914
79600,-2.576901,1.579063
79601,-1.801938,0.900969
79602,-2.316833,-1.233052
79603,-2.899457,1.449729
79604,-3.333174,1.320914
79605,-2.576901,1.579063
79606,-3.563623,1.781812
79607,-2.235810,0.730682
79608,-3.563623,1.781812
79609,-2.184738,-0.367711
79610,-1.988459,-1.889800
79611,-1.554958,0.777479
79612,-2.394628,0.440071
79613,-2.163198,1.623490
79614,-0.831764,-0.535628
79615,-1.284124,-0.134659
79616,-0.764573,0.326239
79617,-3.623490,1.246980
79618,-2.670453,0.603718
79619,-3.194833,1.652478
79620,-3.528889,1.579063
79621,-1.154522,0.988831
79622,0.279355,-0.722521
79623,-2.181855,0.400969
79624,-3.123202,0.900969
79625,-2.155959,-0.425270
79626,-3.563623,1.781812
79627,-2.899457,1.449729
79628,-2.941449,0.149460
79629,-3.304955,1.652478
79630,-2.144490,0.326239
79631,-2.717704,0.698220
79632,-3.478716,2.000000
79633,-3.822291,1.911146
79634,-1.933731,0.900969
79635,-2.100697,-0.147791
79636,-2.572099,-0.722521
79637,-2.388932,-0.955573
79638,-3.397582,1.449729
79639,-1.695108,1.579063
79640,-3.194833,1.652478
79641,-3.911146,1.955573
79642,-2.440004,0.142820
79643,-0.861260,0.222521
79644,-1.771749,-1.801938
79645,-2.873202,0.400969
79646,-3.563623,1.781812
79647,-3.065499,1.781812
79648,-2.899457,1.449729
79649,-1.813332,-0.722521
79650,-2.892753,0.440071
79651,-0.151626,1.579063
79652,-3.658223,1.449729
79653,-1.926590,-0.109562
79654,-2.374152,1.781812
79655,-3.658223,1.449729
79656,-3.822291,1.911146
79657,-3.427775,0.988831
79658,-3.152379,1.955573
79659,-3.652478,1.826239
79660,-2.706235,1.449729
79661,-3.478716,2.000000
79662,-1.745664,-1.466104
79663,-3.215828,0.698220
79664,-3.335148,1.191580
79665,-2.793116,1.623490
79666,-2.060606,1.030303
79667,-3.167133,0.988831
79668,-2.572099,-0.722521
79669,-3.528889,1.579063
79670,-3.326140,1.781812
79671,-1.171501,-0.623490
79672,-1.906779,-0.535628
79673,-3.652478,1.826239
79674,-3.822291,1.911146
79675,-3.333174,1.320914
79676,-3.652478,1.826239
79677,-3.335148,1.191580
79678,-3.158125,1.579063
79679,-3.484462,1.623490
79680,-0.873502,-0.445042
79681,-3.335148,1.191580
79682,-3.911146,1.955573
79683,-2.780575,0.603718
79684,-2.874250,1.652478
79685,-1.441541,-1.466104
79686,-3.528889,1.579063
79687,-0.967322,0.123490
79688,-3.051264,1.365341
79689,-2.635719,0.400969
79690,-1.801938,0.900969
79691,-3.153395,0.440071
79692,-2.311457,-0.722521
79693,-2.155959,-0.425270
79694,-1.554958,0.777479
79695,-2.872277,1.781812
79696,-3.563623,1.781812
79697,-3.158125,1.579063
79698,-3.658223,1.449729
79699,-1.062213,-0.074730
79700,-3.824265,1.781812
79701,-0.735570,1.191580
79702,-0.027125,-0.109562
79703,-1.811776,-1.721883
79704,-3.955573,1.911146
79705,-2.706235,1.449729
79706,-3.051264,1.365341
79707,-3.167133,0.988831
79708,-3.397582,1.449729
79709,-2.011910,1.320914
79710,-3.911146,1.955573
79711,-3.246980,1.623490
79712,-3.528889,1.579063
79713,-2.136480,0.698220
79714,-2.835050,1.320914
79715,-3.484462,1.623490
79716,-2.119812,-0.109562
79717,-2.885719,0.900969
79718,-1.154522,0.988831
79719,-3.102206,1.246980
79720,-3.123202,0.900969
79721,-1.524320,-0.914101
79722,0.294766,-0.365341
79723,-0.066833,-1.233052
79724,-1.314088,-0.074730
79725,-2.635719,0.400969
79726,-2.780575,0.603718
79727,-2.641828,1.320914
79728,-2.430339,0.123490
79729,-2.493959,1.246980
79730,-1.022292,-0.658322
79731,-0.298846,-0.722521
79732,-3.326140,1.781812
79733,-3.822291,1.911146
79734,-3.333174,1.320914
79735,-3.304955,1.652478
79736,-3.304955,1.652478
79737,-2.176109,0.777479
79738,-3.824265,1.781812
79739,-3.123202,0.900969
79740,-3.335148,1.191580
79741,-2.272552,1.320914
79742,-1.773241,0.455573
79743,-3.304955,1.652478
79744,-2.347897,0.733052
79745,-2.347897,0.733052
79746,-3.427775,0.988831
79747,-2.859464,-0.147791
79748,-2.430339,0.123490
79749,-3.246980,1.623490
79750,-2.493959,1.246980
79751,-2.730682,1.365341
79752,-3.911146,1.955573
79753,-2.383160,1.191580
79754,-2.110972,-1.123490
79755,-2.119812,-0.109562
79756,-3.658223,1.449729
79757,-0.431016,0.698220
79758,-1.551012,1.781812
79759,-3.434289,1.911146
79760,-3.427775,0.988831
79761,-1.634892,-0.826239
79762,-3.167133,0.988831
79763,-3.102206,1.246980
79764,-2.011910,1.320914
79765,-2.670453,0.603718
79766,-1.330319,-0.914101
79767,-3.826239,1.652478
79768,-1.461364,0.730682
79769,-0.810020,1.191580
79770,-2.635719,0.400969
79771,-2.883745,1.030303
79772,-2.835050,1.320914
79773,-3.824265,1.781812
79774,-2.144490,0.326239
79775,-2.717704,0.698220
79776,-3.824265,1.781812
79777,-2.385621,1.030303
79778,-1.022292,-0.658322
79779,-1.409351,-0.147791
79780,0.050576,-0.134659
79781,-1.419626,-1.123490
79782,-3.158125,1.579063
79783,-2.780575,0.603718
79784,-3.484462,1.623490
79785,-2.334986,1.579063
79786,-3.822291,1.911146
79787,-1.344281,-0.535628
79788,-2.431855,0.900969
79789,-3.167133,0.988831
79790,-2.780575,0.603718
79791,-3.563623,1.781812
79792,-3.153395,0.440071
79793,-1.801938,0.900969
79794,-3.911146,1.955573
79795,-1.637893,1.955573
79796,-1.349578,0.500000
79797,-3.824265,1.781812
79798,-3.650504,1.955573
79799,-2.431855,0.900969
79800,-3.563623,1.781812
79801,-3.158125,1.579063
79802,-3.095692,1.320914
79803,-2.383160,1.191580
79804,-1.977662,0.988831
79805,-1.813332,-0.722521
79806,-2.343556,-0.658322
79807,-1.461364,0.730682
79808,-2.056191,-1.233052
79809,-1.554958,0.777479
79810,-3.563623,1.781812
79811,-3.822291,1.911146
79812,-2.098256,0.455573
79813,-0.721721,-0.367711
79814,-3.158125,1.579063
79815,-2.383160,1.191580
79816,-2.383160,1.191580
79817,-1.554958,0.777479
79818,-3.304955,1.652478
79819,-2.176109,0.777479
79820,-2.099031,-1.801938
79821,-0.966034,-0.162592
79822,-2.526723,-0.425270
79823,-2.576901,1.579063
79824,-3.194833,1.652478
79825,-3.427775,0.988831
79826,-3.123202,0.900969
79827,-3.694931,1.911146
79828,-3.051264,1.365341
79829,-3.694931,1.911146
79830,-3.152379,1.955573
79831,-3.051264,1.365341
79832,-2.670453,0.603718
79833,-3.326140,1.781812
79834,-1.643120,1.191580
79835,-3.051264,1.365341
79836,-0.709168,-0.914101
79837,-1.441541,-1.466104
79838,-2.777479,-0.445042
79839,0.096577,1.781812
79840,-3.123202,0.900969
79841,-2.440004,0.142820
79842,-3.194833,1.652478
79843,-1.847313,0.603718
79844,-1.926590,-0.109562
79845,-3.490208,1.246980
79846,-3.563623,1.781812
79847,-3.158125,1.579063
79848,-3.822291,1.911146
79849,-1.551938,0.400969
79850,-2.700489,1.826239
79851,-2.730682,1.365341
79852,-1.873490,-1.123490
79853,-2.859464,-0.147791
79854,-2.706235,1.449729
79855,-3.824265,1.781812
79856,-3.152379,1.955573
79857,-1.551012,1.781812
79858,-3.484462,1.623490
79859,-2.892753,0.440071
79860,-2.730682,1.365341
79861,-1.668109,-1.400969
79862,-1.624178,-1.488831
79863,-0.219815,0.011169
79864,1.260492,-0.914101
79865,-3.281713,1.826239
79866,-1.210838,0.222521
79867,-1.409351,-0.147791
79868,-2.038874,-1.400969
79869,-1.661706,-1.634021
79870,-3.333174,1.320914
79871,-0.217752,-0.365341
79872,2.864150,-0.826239
79873,1.629542,0.440071
79874,-3.397582,1.449729
79875,-0.496114,1.320914
79876,-2.015156,0.455573
79877,-2.136480,0.698220
79878,-1.551584,-1.634021
79879,-3.268248,1.579063
79880,-3.427775,0.988831
79881,-3.074730,0.149460
79882,-3.658223,1.449729
79883,-3.095692,1.320914
79884,-3.623490,1.246980
79885,-3.268248,1.579063
79886,-0.867905,1.365341
79887,-1.601453,0.500000
79888,-3.434289,1.911146
79889,-2.859464,-0.147791
79890,0.016102,0.455573
79891,-2.793116,1.623490
79892,-3.650504,1.955573
79893,-3.528889,1.579063
79894,-1.420728,1.030303
79895,-3.167133,0.988831
79896,-2.371693,1.652478
79897,-1.409351,-0.147791
79898,-2.366718,-1.000000
79899,-2.098256,0.455573
79900,0.137041,0.054604
79901,-1.185762,-1.977662
79902,-1.762918,-1.211352
79903,-2.859464,-0.147791
79904,-2.011910,1.320914
79905,-3.650504,1.955573
79906,-2.141244,1.191580
79907,-2.440004,0.142820
79908,-1.652210,-0.658322
79909,-0.600619,0.222521
79910,-3.955573,1.911146
79911,-2.670453,0.603718
79912,-3.694931,1.911146
79913,-3.051264,1.365341
79914,-2.696708,1.652478
79915,-3.692957,1.652478
79916,-1.551938,0.400969
79917,-3.563623,1.781812
79918,-2.367905,-0.134659
79919,-1.801938,0.900969
79920,-2.793116,1.623490
79921,-3.563623,1.781812
79922,-3.563623,1.781812
79923,-3.694931,1.911146
79924,-2.670453,0.603718
79925,-3.194833,1.652478
79926,-3.123202,0.900969
79927,-3.281713,1.826239
79928,-2.835050,1.320914
79929,-3.692957,1.652478
79930,-3.434289,1.911146
79931,-3.779838,1.826239
79932,-2.208111,1.449729
79933,-3.088468,0.698220
79934,-1.231001,-1.634021
79935,-1.926590,-0.109562
79936,-1.928302,-1.488831
79937,-0.159449,-0.109562
79938,-1.137418,-1.466104
79939,-2.964384,1.191580
79940,-3.563623,1.781812
79941,-2.892753,0.440071
79942,-2.272552,1.320914
79943,-3.911146,1.955573
79944,-2.553446,0.149460
79945,-2.242359,1.781812
79946,-3.528889,1.579063
79947,-2.899457,1.449729
79948,-1.824442,1.449729
79949,-3.824265,1.781812
79950,-3.650504,1.955573
79951,-3.623490,1.246980
79952,-1.978716,-1.000000
79953,-2.938128,0.142820
79954,-2.343556,-0.658322
79955,-1.906779,-0.535628
79956,-2.051596,1.911146
79957,-2.119812,-0.109562
79958,-1.944528,-1.977662
79959,-0.779516,-0.535628
79960,-3.153395,0.440071
79961,-2.005777,-1.721883
79962,-0.787833,-0.623490
79963,-2.669008,0.988831
79964,-3.692957,1.652478
79965,-1.171501,-0.623490
79966,-3.246980,1.623490
79967,-2.885719,0.900969
79968,-3.123202,0.900969
79969,-2.730682,1.365341
79970,-2.700489,1.826239
79971,-1.833963,0.093187
79972,-2.383160,1.191580
79973,-3.335148,1.191580
79974,-1.344281,-0.535628
79975,-1.921819,-1.889800
79976,-1.048700,0.730682
79977,-2.302521,1.030303
79978,-3.123202,0.900969
79979,-3.167133,0.988831
79980,-2.440004,0.142820
79981,-2.500000,-1.000000
79982,-3.333174,1.320914
79983,-3.478716,2.000000
79984,-1.588247,1.365341
79985,-3.095692,1.320914
79986,-2.060606,1.030303
79987,-3.158125,1.579063
79988,-2.635719,0.400969
79989,-3.246980,1.623490
79990,-2.883745,1.030303
79991,-3.161387,1.365341
79992,-2.493959,1.246980
79993,-2.780575,0.603718
79994,-1.466104,0.733052
79995,-2.096023,2.000000
79996,-2.941449,0.149460
79997,-2.706235,1.449729
79998,-3.246980,1.623490
79999,-2.347897,0.733052
80000,-3.333174,1.320914
80001,-3.152379,1.955573
80002,-3.563623,1.781812
80003,-2.394628,0.440071
80004,-3.656250,1.579063
80005,-2.242359,1.781812
80006,-1.149815,1.320914
80007,-0.285640,0.142820
80008,-2.349870,0.603718
80009,-2.598822,-0.147791
80010,-3.427775,0.988831
80011,-2.873202,0.400969
80012,-0.834695,-0.425270
80013,-2.598822,-0.147791
80014,-0.231828,0.093187
80015,-2.181855,0.400969
80016,-2.899457,1.449729
80017,-2.259209,0.777479
80018,-2.964384,1.191580
80019,-2.872277,1.781812
80020,-2.228125,1.365341
80021,-2.106074,-0.658322
80022,-3.268248,1.579063
80023,-1.960449,1.826239
80024,-3.563623,1.781812
80025,-3.333174,1.320914
80026,-3.623490,1.246980
80027,-1.977662,0.988831
80028,-3.528889,1.579063
80029,-3.528889,1.579063
80030,-3.658223,1.449729
80031,-1.003761,1.579063
80032,-3.326140,1.781812
80033,-1.601453,0.500000
80034,-2.141244,1.191580
80035,-3.528889,1.579063
80036,-3.281713,1.826239
80037,-3.563623,1.781812
80038,-3.462508,1.191580
80039,-3.866718,2.000000
80040,-2.576901,1.579063
80041,-0.771367,0.222521
80042,-3.434289,1.911146
80043,-2.541119,0.733052
80044,-3.051264,1.365341
80045,-1.412671,0.730682
80046,-1.960449,1.826239
80047,-1.713557,-0.535628
80048,-2.717704,0.698220
80049,-2.873202,0.400969
80050,0.950307,0.266948
80051,-2.374152,1.781812
80052,-3.158125,1.579063
80053,-1.026723,1.074730
80054,-3.153395,0.440071
80055,-2.383160,1.191580
80056,-3.246980,1.623490
80057,-2.261572,-0.955573
80058,-0.221544,-0.535628
80059,-1.233709,-0.623490
80060,-2.367905,-0.134659
80061,-2.518736,1.074730
80062,-2.873202,0.400969
80063,-2.343556,-0.658322
80064,-1.794458,-1.889800
80065,-1.568917,-1.211352
80066,0.421965,-1.123490
80067,-0.084999,-0.109562
80068,-3.462508,1.191580
80069,-3.779838,1.826239
80070,-2.899457,1.449729
80071,-3.824265,1.781812
80072,-1.489885,-1.977662
80073,-2.873202,0.400969
80074,-3.563623,1.781812
80075,-3.304955,1.652478
80076,-1.275116,0.455573
80077,-3.484462,1.623490
80078,-3.484462,1.623490
80079,-2.383160,1.191580
80080,-3.335148,1.191580
80081,-1.475625,-0.623490
80082,-1.344281,-0.535628
80083,-2.883745,1.030303
80084,-2.793116,1.623490
80085,-1.179763,1.911146
80086,-2.060606,1.030303
80087,-2.261572,-0.955573
80088,-1.794458,-1.889800
80089,-1.624178,-1.488831
80090,-3.563623,1.781812
80091,-1.934194,0.777479
80092,-2.110972,-1.123490
80093,-2.644197,-0.445042
80094,-3.692957,1.652478
80095,-3.462508,1.191580
80096,-3.955573,1.911146
80097,-3.694931,1.911146
80098,-3.658223,1.449729
80099,-3.095692,1.320914
80100,-3.563623,1.781812
80101,-3.167133,0.988831
80102,-3.102206,1.246980
80103,-3.051264,1.365341
80104,-2.526723,-0.425270
80105,-3.335148,1.191580
80106,-3.656250,1.579063
80107,-3.652478,1.826239
80108,-3.822291,1.911146
80109,-3.304955,1.652478
80110,-2.431855,0.900969
80111,-2.730682,1.365341
80112,-3.652478,1.826239
80113,-3.650504,1.955573
80114,-1.155045,-0.914101
80115,-1.727818,-1.889800
80116,-3.335148,1.191580
80117,-1.000000,0.500000
80118,0.710694,1.320914
80119,-1.643120,1.191580
80120,-3.694931,1.911146
80121,-3.153395,0.440071
80122,-1.643120,1.191580
80123,-3.911146,1.955573
80124,-2.410859,1.246980
80125,-3.650504,1.955573
80126,-2.163198,1.623490
80127,-3.658223,1.449729
80128,-2.553446,0.149460
80129,-1.155045,-0.914101
80130,-0.578811,-0.162592
80131,-1.568917,-1.211352
80132,-3.650504,1.955573
80133,-3.563623,1.781812
80134,-3.065499,1.781812
80135,-2.598822,-0.147791
80136,-2.730682,1.365341
80137,-3.427775,0.988831
80138,-3.304955,1.652478
80139,-3.335148,1.191580
80140,-3.152379,1.955573
80141,-3.158125,1.579063
80142,-1.977662,0.988831
80143,-3.652478,1.826239
80144,-3.065499,1.781812
80145,-3.822291,1.911146
80146,-2.098256,0.455573
80147,-2.899457,1.449729
80148,-2.641828,1.320914
80149,-3.167133,0.988831
80150,-3.656250,1.579063
80151,-3.822291,1.911146
80152,-2.334986,1.579063
80153,-3.333174,1.320914
80154,-1.489885,-1.977662
80155,-2.347897,0.733052
80156,-3.911146,1.955573
80157,-3.397582,1.449729
80158,-1.849772,0.733052
80159,-3.335148,1.191580
80160,-2.367905,-0.134659
80161,-2.885719,0.900969
80162,-2.334986,1.579063
80163,-2.826042,1.911146
80164,-1.836861,1.579063
80165,-3.652478,1.826239
80166,-3.167133,0.988831
80167,-3.822291,1.911146
80168,-2.883745,1.030303
80169,-3.095692,1.320914
80170,-1.558067,-1.233052
80171,-2.394628,0.440071
80172,-2.155959,-0.425270
80173,-1.745664,-1.466104
80174,-3.652478,1.826239
80175,-1.200484,0.900969
80176,-3.484462,1.623490
80177,-3.911146,1.955573
80178,-3.326140,1.781812
80179,-2.374152,1.781812
80180,-2.883745,1.030303
80181,-2.056191,-1.233052
80182,-2.941449,0.149460
80183,-3.153395,0.440071
80184,-3.563623,1.781812
80185,-2.717704,0.698220
80186,-2.717704,0.698220
80187,-2.430339,0.123490
80188,-3.095692,1.320914
80189,-2.641828,1.320914
80190,-2.899457,1.449729
80191,-3.911146,1.955573
80192,-3.335148,1.191580
80193,-2.385621,1.030303
80194,-3.397582,1.449729
80195,-3.652478,1.826239
80196,-3.490208,1.246980
80197,-1.775215,0.326239
80198,-2.892753,0.440071
80199,-2.374152,1.781812
80200,-3.427775,0.988831
80201,-3.911146,1.955573
80202,-2.144490,0.326239
80203,-2.383160,1.191580
80204,-3.335148,1.191580
80205,-2.635719,0.400969
80206,-3.822291,1.911146
80207,-3.158125,1.579063
80208,-3.304955,1.652478
80209,-3.563623,1.781812
80210,-3.652478,1.826239
80211,-2.060606,1.030303
80212,-0.349031,0.400969
80213,-1.634892,-0.826239
80214,-3.246980,1.623490
80215,-2.302521,1.030303
80216,-2.109756,0.123490
80217,-3.246980,1.623490
80218,-2.576901,1.579063
80219,-3.866718,2.000000
80220,-2.526723,-0.425270
80221,-2.899457,1.449729
80222,-2.742943,1.911146
80223,-2.644197,-0.445042
80224,-2.431855,0.900969
80225,-3.397582,1.449729
80226,-2.576901,1.579063
80227,-3.955573,1.911146
80228,-3.281713,1.826239
80229,-2.051596,1.911146
80230,-3.955573,1.911146
80231,-3.528889,1.579063
80232,-1.811776,-1.721883
80233,-0.472729,-0.033258
80234,-0.445042,0.222521
80235,-0.373022,1.074730
80236,-1.836861,1.579063
80237,-3.652478,1.826239
80238,-1.864156,-0.367711
80239,-1.734301,-1.488831
80240,-2.810768,0.142820
80241,-1.384971,1.449729
80242,-1.558725,-0.623490
80243,-3.955573,1.911146
80244,-3.268248,1.579063
80245,-2.371693,1.652478
80246,-1.349578,0.500000
80247,-2.347897,0.733052
80248,-2.669008,0.988831
80249,-2.870469,2.000000
80250,-2.367905,-0.134659
80251,-2.005777,-1.721883
80252,-2.184738,-0.367711
80253,-2.885719,0.900969
80254,-2.316833,-1.233052
80255,-3.563623,1.781812
80256,-3.434289,1.911146
80257,-2.835050,1.320914
80258,-1.928302,-1.488831
80259,-2.941449,0.149460
80260,-2.641828,1.320914
80261,-2.060606,1.030303
80262,-2.110972,-1.123490
80263,-1.719513,1.246980
80264,-2.371693,1.652478
80265,-3.692957,1.652478
80266,-2.892753,0.440071
80267,-1.890808,-0.955573
80268,-3.088468,0.698220
80269,-2.119812,-0.109562
80270,-3.528889,1.579063
80271,-3.462508,1.191580
80272,-1.877888,-1.977662
80273,-1.070127,-0.826239
80274,-3.333174,1.320914
80275,-3.102206,1.246980
80276,-2.526723,-0.425270
80277,-3.911146,1.955573
80278,-2.873202,0.400969
80279,-1.568917,-1.211352
80280,-2.572099,-0.722521
80281,-1.280886,-1.400969
80282,-1.170844,-1.233052
80283,1.124714,1.449729
80284,-2.109756,0.123490
80285,-3.232059,0.730682
80286,-3.528889,1.579063
80287,-2.670453,0.603718
80288,-2.563163,1.030303
80289,-2.576901,1.579063
80290,-2.793116,1.623490
80291,-3.563623,1.781812
80292,-3.232059,0.730682
80293,-2.885719,0.900969
80294,-2.837543,1.579063
80295,-2.466259,1.191580
80296,-0.966034,-0.162592
80297,-1.760035,1.320914
80298,-3.281713,1.826239
80299,-3.153395,0.440071
80300,-2.038874,-1.400969
80301,-1.534266,-1.801938
80302,-2.526723,-0.425270
80303,-0.709622,0.099031
80304,-1.890808,-0.955573
80305,-1.005460,-0.955573
80306,-1.551012,1.781812
80307,-1.977662,0.988831
80308,-2.430339,0.123490
80309,-0.765763,0.730682
80310,-2.347897,0.733052
80311,-2.349870,0.603718
80312,-3.658223,1.449729
80313,0.449827,1.579063
80314,-3.333174,1.320914
80315,-0.349031,0.400969
80316,0.211126,-1.400969
80317,-2.572099,-0.722521
80318,-2.885719,0.900969
80319,-3.123202,0.900969
80320,-2.431855,0.900969
80321,-3.102206,1.246980
80322,-2.669008,0.988831
80323,-3.779838,1.826239
80324,-3.102206,1.246980
80325,-2.644197,-0.445042
80326,-3.074730,0.149460
80327,-3.074730,0.149460
80328,-1.121986,-0.722521
80329,-2.184738,-0.367711
80330,-2.367905,-0.134659
80331,-1.849772,0.733052
80332,-3.824265,1.781812
80333,-1.934194,0.777479
80334,-1.801938,0.900969
80335,-3.623490,1.246980
80336,-3.065499,1.781812
80337,-2.859464,-0.147791
80338,-1.445133,0.698220
80339,-3.088468,0.698220
80340,-0.728444,-1.634021
80341,-1.027479,-0.277479
80342,-1.086885,-1.400969
80343,-2.700489,1.826239
80344,-2.810768,0.142820
80345,-1.423694,-1.889800
80346,-3.268248,1.579063
80347,-3.167133,0.988831
80348,-3.065499,1.781812
80349,-2.563163,1.030303
80350,-2.793116,1.623490
80351,-2.993868,1.030303
80352,-3.911146,1.955573
80353,-1.717979,0.733052
80354,-2.367905,-0.134659
80355,-2.899457,1.449729
80356,-3.658223,1.449729
80357,-3.528889,1.579063
80358,-2.696708,1.652478
80359,-2.208111,1.449729
80360,-3.434289,1.911146
80361,-2.136480,0.698220
80362,-2.526723,-0.425270
80363,-3.563623,1.781812
80364,-3.088468,0.698220
80365,-1.412671,0.730682
80366,-3.051264,1.365341
80367,-1.933731,0.900969
80368,-2.576901,1.579063
80369,-3.563623,1.781812
80370,-3.281713,1.826239
80371,-3.528889,1.579063
80372,-1.719513,1.246980
80373,0.179425,-0.134659
80374,-2.964384,1.191580
80375,-3.694931,1.911146
80376,-2.259209,0.777479
80377,-1.574293,-1.721883
80378,-1.170844,-1.233052
80379,-2.388932,-0.955573
80380,-2.938128,0.142820
80381,-3.658223,1.449729
80382,-2.964384,1.191580
80383,-3.397582,1.449729
80384,-1.717542,-0.914101
80385,-2.885719,0.900969
80386,-1.170844,-1.233052
80387,-2.343556,-0.658322
80388,-1.643120,1.191580
80389,-2.388932,-0.955573
80390,0.247255,-0.658322
80391,-1.074632,0.054604
80392,-1.261910,1.320914
80393,0.035309,-0.367711
80394,-3.161387,1.365341
80395,-3.826239,1.652478
80396,-0.801938,0.400969
80397,-1.978716,-1.000000
80398,-3.528889,1.579063
80399,-1.648630,-0.277479
80400,0.266077,1.074730
80401,-3.268248,1.579063
80402,-2.184738,-0.367711
80403,-3.333174,1.320914
80404,-3.528889,1.579063
80405,-3.397582,1.449729
80406,-3.563623,1.781812
80407,-3.397582,1.449729
80408,-3.333174,1.320914
80409,-3.335148,1.191580
80410,-1.127350,1.826239
80411,-1.475625,-0.623490
80412,-1.624178,-1.488831
80413,-0.305503,-0.367711
80414,-1.279149,1.191580
80415,-2.605388,-0.134659
80416,-3.326140,1.781812
80417,-3.563623,1.781812
80418,-3.528889,1.579063
80419,-3.692957,1.652478
80420,-3.281713,1.826239
80421,-1.394005,0.455573
80422,-1.717979,0.733052
80423,0.622142,0.730682
80424,-1.396440,0.698220
80425,-3.652478,1.826239
80426,-3.335148,1.191580
80427,-2.717704,0.698220
80428,-2.272552,1.320914
80429,-3.326140,1.781812
80430,-2.885719,0.900969
80431,-2.844057,0.730682
80432,-3.246980,1.623490
80433,-3.656250,1.579063
80434,-3.304955,1.652478
80435,-3.911146,1.955573
80436,-2.793116,1.623490
80437,-3.158125,1.579063
80438,-2.711958,1.074730
80439,-3.824265,1.781812
80440,-0.652478,0.326239
80441,0.097527,0.900969
80442,0.456523,-0.425270
80443,1.048012,-1.000000
80444,-2.899457,1.449729
80445,-3.656250,1.579063
80446,-3.161387,1.365341
80447,-1.074632,0.054604
80448,-1.088404,-0.914101
80449,-1.225625,-1.123490
80450,-2.872277,1.781812
80451,-3.911146,1.955573
80452,-1.550062,0.900969
80453,-2.256195,-0.445042
80454,-3.656250,1.579063
80455,-3.158125,1.579063
80456,-2.883745,1.030303
80457,-3.822291,1.911146
80458,-2.383160,1.191580
80459,-1.836861,1.579063
80460,-3.490208,1.246980
80461,-0.186374,0.093187
80462,-3.161387,1.365341
80463,-3.335148,1.191580
80464,-3.824265,1.781812
80465,-3.652478,1.826239
80466,-0.709622,0.099031
80467,-0.131918,-0.033258
80468,-3.490208,1.246980
80469,-2.872277,1.781812
80470,-3.650504,1.955573
80471,-1.577747,-1.801938
80472,-3.824265,1.781812
80473,-3.215828,0.698220
80474,-3.652478,1.826239
80475,-2.168944,1.246980
80476,-3.563623,1.781812
80477,-3.153395,0.440071
80478,-3.427775,0.988831
80479,-2.181855,0.400969
80480,-2.654083,-0.425270
80481,-3.335148,1.191580
80482,-3.824265,1.781812
80483,-1.284124,-0.134659
80484,-3.484462,1.623490
80485,-2.163198,1.623490
80486,-2.654083,-0.425270
80487,-0.431016,0.698220
80488,-2.272552,1.320914
80489,-1.155045,-0.914101
80490,-2.266948,-1.466104
80491,-2.892753,0.440071
80492,-3.158125,1.579063
80493,-2.347897,0.733052
80494,-3.656250,1.579063
80495,-2.810768,0.142820
80496,-3.822291,1.911146
80497,-3.427775,0.988831
80498,-1.849772,0.733052
80499,-3.365341,0.730682
80500,-3.324167,1.911146
80501,-2.706235,1.449729
80502,-1.492359,1.781812
80503,-2.349870,0.603718
80504,-3.563623,1.781812
80505,-3.158125,1.579063
80506,-3.656250,1.579063
80507,-2.873202,0.400969
80508,-3.490208,1.246980
80509,-3.822291,1.911146
80510,-3.563623,1.781812
80511,-2.261572,-0.955573
80512,-3.158125,1.579063
80513,-2.883745,1.030303
80514,-3.652478,1.826239
80515,-3.652478,1.826239
80516,-2.730682,1.365341
80517,-3.065499,1.781812
80518,-3.656250,1.579063
80519,-2.873202,0.400969
80520,-3.326140,1.781812
80521,-3.324167,1.911146
80522,-3.326140,1.781812
80523,-1.824442,1.449729
80524,-2.844057,0.730682
80525,-3.335148,1.191580
80526,-1.284124,-0.134659
80527,-2.541119,0.733052
80528,-2.541119,0.733052
80529,-2.873202,0.400969
80530,-1.593993,0.988831
80531,-2.349870,0.603718
80532,-3.215828,0.698220
80533,-3.490208,1.246980
80534,-1.637893,1.955573
80535,-3.397582,1.449729
80536,-2.144490,0.326239
80537,-0.317668,1.911146
80538,-1.864156,-0.367711
80539,0.276467,-0.109562
80540,-0.146901,-0.134659
80541,-0.650969,0.099031
80542,-3.051264,1.365341
80543,-1.934194,0.777479
80544,-2.993868,1.030303
80545,-3.484462,1.623490
80546,-0.749532,0.698220
80547,-1.775215,0.326239
80548,-2.336959,1.449729
80549,-1.690819,-1.488831
80550,-3.490208,1.246980
80551,-3.563623,1.781812
80552,-1.275116,0.455573
80553,-0.721721,-0.367711
80554,-0.652478,0.326239
80555,-3.528889,1.579063
80556,-3.153395,0.440071
80557,-3.123202,0.900969
80558,-2.598822,-0.147791
80559,-0.349031,0.400969
80560,-2.394628,0.440071
80561,-2.669008,0.988831
80562,-3.326140,1.781812
80563,-3.528889,1.579063
80564,-3.427775,0.988831
80565,-2.873202,0.400969
80566,-3.528889,1.579063
80567,-3.824265,1.781812
80568,-3.326140,1.781812
80569,-0.560521,1.449729
80570,-0.388818,-0.425270
80571,-2.883745,1.030303
80572,-1.214222,1.449729
80573,-1.637893,1.955573
80574,-1.558067,-1.233052
80575,-3.826239,1.652478
80576,-3.333174,1.320914
80577,-3.822291,1.911146
80578,-1.406715,-0.277479
80579,-1.419626,-1.123490
80580,-2.706235,1.449729
80581,-0.534266,0.400969
80582,-2.163198,1.623490
80583,-2.228125,1.365341
80584,-1.855707,-1.634021
80585,-2.242359,1.781812
80586,-2.540461,0.123490
80587,-2.696708,1.652478
80588,-2.144490,0.326239
80589,-2.837543,1.579063
80590,-3.911146,1.955573
80591,-3.065499,1.781812
80592,-3.484462,1.623490
80593,-3.153395,0.440071
80594,-3.462508,1.191580
80595,-1.330319,-0.914101
80596,-1.955475,-0.826239
80597,-2.334986,1.579063
80598,-0.911146,0.455573
80599,-3.167133,0.988831
80600,-2.002903,1.911146
80601,-3.158125,1.579063
80602,-1.771749,-1.801938
80603,-2.116349,-1.634021
80604,-3.427775,0.988831
80605,-3.065499,1.781812
80606,-3.462508,1.191580
80607,-3.692957,1.652478
80608,-3.246980,1.623490
80609,-2.374152,1.781812
80610,-2.440004,0.142820
80611,-3.088468,0.698220
80612,-3.694931,1.911146
80613,-2.440004,0.142820
80614,-2.133667,-1.466104
80615,-2.367905,-0.134659
80616,-3.333174,1.320914
80617,-3.281713,1.826239
80618,-2.837543,1.579063
80619,-3.074730,0.149460
80620,-2.964384,1.191580
80621,-3.692957,1.652478
80622,-2.964384,1.191580
80623,-2.337712,0.326239
80624,-3.462508,1.191580
80625,-2.431855,0.900969
80626,-2.374152,1.781812
80627,-1.592048,0.093187
80628,-3.153395,0.440071
80629,-2.835050,1.320914
80630,-1.719513,1.246980
80631,-1.051938,0.900969
80632,-1.551012,1.781812
80633,-2.136480,0.698220
80634,-1.170753,0.149460
80635,-3.484462,1.623490
80636,-0.784266,0.900969
80637,-3.563623,1.781812
80638,-2.576901,1.579063
80639,-2.119812,-0.109562
80640,-3.694931,1.911146
80641,-2.576901,1.579063
80642,-3.692957,1.652478
80643,-3.333174,1.320914
80644,-1.713557,-0.535628
80645,-2.859464,-0.147791
80646,-3.397582,1.449729
80647,-1.588247,1.365341
80648,-2.430339,0.123490
80649,-3.427775,0.988831
80650,-2.835050,1.320914
80651,-3.826239,1.652478
80652,-2.098256,0.455573
80653,-2.144490,0.326239
80654,-3.153395,0.440071
80655,-2.149460,1.074730
80656,-1.731730,-0.277479
80657,-1.309583,-0.955573
80658,-1.445881,-0.074730
80659,-3.153395,0.440071
80660,-3.304955,1.652478
80661,-2.261572,-0.955573
80662,-3.335148,1.191580
80663,-2.700489,1.826239
80664,-3.335148,1.191580
80665,-0.911146,0.455573
80666,-3.215828,0.698220
80667,0.216102,0.011169
80668,-3.333174,1.320914
80669,-2.874250,1.652478
80670,-3.335148,1.191580
80671,-1.773241,0.455573
80672,-3.153395,0.440071
80673,-3.563623,1.781812
80674,-3.824265,1.781812
80675,-2.349870,0.603718
80676,-3.158125,1.579063
80677,-1.717979,0.733052
80678,-3.824265,1.781812
80679,-3.911146,1.955573
80680,-1.955475,-0.826239
80681,-1.233709,-0.623490
80682,-2.015156,0.455573
80683,-2.644197,-0.445042
80684,-3.563623,1.781812
80685,-2.302521,1.030303
80686,-3.281713,1.826239
80687,-1.762918,-1.211352
80688,-2.110972,-1.123490
80689,-2.518736,1.074730
80690,-3.158125,1.579063
80691,-3.822291,1.911146
80692,-3.304955,1.652478
80693,-3.650504,1.955573
80694,-2.941449,0.149460
80695,-2.311457,-0.722521
80696,-1.801938,0.900969
80697,-3.484462,1.623490
80698,-2.780575,0.603718
80699,-3.824265,1.781812
80700,-2.347897,0.733052
80701,-1.170844,-1.233052
80702,-1.185762,-1.977662
80703,-1.309583,-0.955573
80704,-2.885719,0.900969
80705,-2.635719,0.400969
80706,-1.977662,0.988831
80707,-2.144490,0.326239
80708,-2.176109,0.777479
80709,-2.518736,1.074730
80710,-2.873202,0.400969
80711,-3.333174,1.320914
80712,-2.700489,1.826239
80713,-3.658223,1.449729
80714,-2.272552,1.320914
80715,-1.284124,-0.134659
80716,-3.911146,1.955573
80717,-0.102415,-0.074730
80718,-2.011910,1.320914
80719,0.269318,-0.134659
80720,-1.703282,0.440071
80721,-2.883745,1.030303
80722,-3.822291,1.911146
80723,-3.826239,1.652478
80724,-3.822291,1.911146
80725,-1.461364,0.730682
80726,-2.336959,1.449729
80727,-3.335148,1.191580
80728,-3.158125,1.579063
80729,-2.572099,-0.722521
80730,-3.826239,1.652478
80731,-3.824265,1.781812
80732,-1.637893,1.955573
80733,-3.652478,1.826239
80734,0.266077,1.074730
80735,-2.835050,1.320914
80736,-1.833963,0.093187
80737,-1.214222,1.449729
80738,-2.874250,1.652478
80739,-3.563623,1.781812
80740,-3.304955,1.652478
80741,-3.427775,0.988831
80742,-2.730682,1.365341
80743,-1.466104,0.733052
80744,-1.051938,0.900969
80745,-4.000000,2.000000
80746,-2.780575,0.603718
80747,-3.563623,1.781812
80748,-2.892753,0.440071
80749,-3.652478,1.826239
80750,-2.780575,0.603718
80751,-2.844057,0.730682
80752,0.263556,-0.955573
80753,-1.921819,-1.889800
80754,-0.721721,-0.367711
80755,-3.563623,1.781812
80756,-3.826239,1.652478
80757,-2.367905,-0.134659
80758,-3.652478,1.826239
80759,-3.822291,1.911146
80760,-3.650504,1.955573
80761,-2.835050,1.320914
80762,-3.478716,2.000000
80763,-0.652478,0.326239
80764,-3.652478,1.826239
80765,-1.849772,0.733052
80766,-2.100697,-0.147791
80767,-3.824265,1.781812
80768,-1.922262,1.652478
80769,-3.650504,1.955573
80770,-3.484462,1.623490
80771,-3.158125,1.579063
80772,-3.065499,1.781812
80773,-3.911146,1.955573
80774,-3.658223,1.449729
80775,-1.922262,1.652478
80776,-3.335148,1.191580
80777,-1.731816,1.652478
80778,-2.635719,0.400969
80779,-3.658223,1.449729
80780,-3.652478,1.826239
80781,-3.656250,1.579063
80782,-2.272552,1.320914
80783,-3.065499,1.781812
80784,-0.854474,-0.623490
80785,0.631776,-1.634021
80786,-1.409351,-0.147791
80787,-0.602063,-0.162592
80788,-3.095692,1.320914
80789,-3.427775,0.988831
80790,-3.623490,1.246980
80791,-3.824265,1.781812
80792,-2.015156,0.455573
80793,-0.276723,-0.425270
80794,-2.060606,1.030303
80795,-3.324167,1.911146
80796,-1.179763,1.911146
80797,-3.656250,1.579063
80798,-3.246980,1.623490
80799,-3.490208,1.246980
80800,-0.712635,-0.074730
80801,-1.558067,-1.233052
80802,-2.011169,-1.977662
80803,-2.316833,-1.233052
80804,-1.960449,1.826239
80805,-2.793116,1.623490
80806,-2.837543,1.579063
80807,-3.102206,1.246980
80808,-2.500000,-1.000000
80809,-2.873202,0.400969
80810,-3.658223,1.449729
80811,0.016102,0.455573
80812,-0.728444,-1.634021
80813,-3.123202,0.900969
80814,-3.822291,1.911146
80815,-3.822291,1.911146
80816,-0.810020,1.191580
80817,-2.347897,0.733052
80818,-3.692957,1.652478
80819,-3.246980,1.623490
80820,-2.835050,1.320914
80821,-3.779838,1.826239
80822,-2.899457,1.449729
80823,-3.427775,0.988831
80824,-0.241532,0.054604
80825,-1.760035,1.320914
80826,-0.867905,1.365341
80827,-2.576901,1.579063
80828,-3.427775,0.988831
80829,-3.088468,0.698220
80830,-3.326140,1.781812
80831,-3.123202,0.900969
80832,-2.576901,1.579063
80833,-3.779838,1.826239
80834,-3.167133,0.988831
80835,-1.934194,0.777479
80836,-3.955573,1.911146
80837,-2.837543,1.579063
80838,-2.899457,1.449729
80839,-3.484462,1.623490
80840,-3.528889,1.579063
80841,-3.563623,1.781812
80842,-3.051264,1.365341
80843,-2.605388,-0.134659
80844,-3.484462,1.623490
80845,-2.635719,0.400969
80846,-0.295600,0.142820
80847,-1.695108,1.579063
80848,-3.088468,0.698220
80849,-3.462508,1.191580
80850,-2.347897,0.733052
80851,-2.670453,0.603718
80852,-2.576901,1.579063
80853,-3.427775,0.988831
80854,-3.065499,1.781812
80855,-1.873490,-1.123490
80856,-1.855707,-1.634021
80857,-3.528889,1.579063
80858,-3.824265,1.781812
80859,-3.911146,1.955573
80860,-1.977662,0.988831
80861,-3.824265,1.781812
80862,-3.563623,1.781812
80863,-3.051264,1.365341
80864,-3.824265,1.781812
80865,-1.847313,0.603718
80866,-2.110972,-1.123490
80867,0.317270,-0.914101
80868,-1.413419,-0.914101
80869,-1.236955,-1.488831
80870,-0.346845,-1.400969
80871,-1.624178,-1.488831
80872,-2.343556,-0.658322
80873,-3.326140,1.781812
80874,-2.780575,0.603718
80875,-2.119812,-0.109562
80876,-3.822291,1.911146
80877,-3.563623,1.781812
80878,-2.899457,1.449729
80879,-2.711958,1.074730
80880,-2.266948,-1.466104
80881,-2.654083,-0.425270
80882,-0.305503,-0.367711
80883,-2.347897,0.733052
80884,-3.088468,0.698220
80885,-2.892753,0.440071
80886,-3.281713,1.826239
80887,-2.899457,1.449729
80888,-2.383160,1.191580
80889,-3.158125,1.579063
80890,-2.136480,0.698220
80891,-3.528889,1.579063
80892,-2.993868,1.030303
80893,-2.466259,1.191580
80894,-3.065499,1.781812
80895,-3.232059,0.730682
80896,-3.268248,1.579063
80897,-2.899457,1.449729
80898,-3.484462,1.623490
80899,-3.268248,1.579063
80900,-3.484462,1.623490
80901,-2.466259,1.191580
80902,-3.123202,0.900969
80903,2.838922,-1.211352
80904,0.304958,0.222521
80905,-2.431855,0.900969
80906,0.863746,0.440071
80907,-2.892753,0.440071
80908,-3.153395,0.440071
80909,-3.152379,1.955573
80910,-2.872277,1.781812
80911,-2.541119,0.733052
80912,-1.088404,-0.914101
80913,-3.652478,1.826239
80914,-0.553817,0.440071
80915,-2.780575,0.603718
80916,-3.158125,1.579063
80917,-2.347897,0.733052
80918,-3.246980,1.623490
80919,-3.153395,0.440071
80920,-1.000000,0.500000
80921,-2.176109,0.777479
80922,-3.158125,1.579063
80923,-3.153395,0.440071
80924,-3.824265,1.781812
80925,-2.385621,1.030303
80926,-1.727818,-1.889800
80927,-0.861260,0.222521
80928,-2.605388,-0.134659
80929,-3.161387,1.365341
80930,-3.824265,1.781812
80931,-1.733246,0.500000
80932,-1.262697,0.326239
80933,-0.170149,0.440071
80934,-1.601453,0.500000
80935,-3.650504,1.955573
80936,-3.246980,1.623490
80937,-3.326140,1.781812
80938,-2.730682,1.365341
80939,-2.261572,-0.955573
80940,-3.652478,1.826239
80941,-3.652478,1.826239
80942,-2.826042,1.911146
80943,-2.334986,1.579063
80944,-2.711958,1.074730
80945,-3.652478,1.826239
80946,-0.130454,-0.109562
80947,-2.440004,0.142820
80948,-2.572099,-0.722521
80949,-1.681370,1.030303
80950,-2.793116,1.623490
80951,-3.434289,1.911146
80952,-3.563623,1.781812
80953,-2.964384,1.191580
80954,-3.694931,1.911146
80955,-3.281713,1.826239
80956,-2.431855,0.900969
80957,-3.123202,0.900969
80958,-1.574735,-0.425270
80959,-2.670453,0.603718
80960,-1.955475,-0.826239
80961,-3.335148,1.191580
80962,-2.717704,0.698220
80963,-3.167133,0.988831
80964,-1.922262,1.652478
80965,-2.835050,1.320914
80966,-3.652478,1.826239
80967,-1.836861,1.579063
80968,-1.179763,1.911146
80969,-3.484462,1.623490
80970,-2.899457,1.449729
80971,-2.493959,1.246980
80972,-3.650504,1.955573
80973,-3.652478,1.826239
80974,-2.717704,0.698220
80975,-2.605388,-0.134659
80976,-3.822291,1.911146
80977,-2.176109,0.777479
80978,-1.637893,1.955573
80979,-2.383160,1.191580
80980,-3.333174,1.320914
80981,-3.911146,1.955573
80982,-3.658223,1.449729
80983,-3.826239,1.652478
80984,-1.690819,-1.488831
80985,-2.572099,-0.722521
80986,-1.734301,-1.488831
80987,-3.102206,1.246980
80988,-0.231828,0.093187
80989,-0.538346,-1.889800
80990,-2.100697,-0.147791
80991,-3.652478,1.826239
80992,-2.374152,1.781812
80993,-1.236955,-1.488831
80994,-3.123202,0.900969
80995,-3.692957,1.652478
80996,-2.938128,0.142820
80997,-0.417598,-0.367711
80998,-1.849772,0.733052
80999,-3.397582,1.449729
81000,-2.119812,-0.109562
81001,-1.236955,-1.488831
81002,-1.607199,0.123490
81003,-2.810768,0.142820
81004,-2.641828,1.320914
81005,-4.000000,2.000000
81006,-1.760035,1.320914
81007,-1.833963,0.093187
81008,-3.822291,1.911146
81009,-3.826239,1.652478
81010,-3.826239,1.652478
81011,-3.652478,1.826239
81012,-3.397582,1.449729
81013,-2.700489,1.826239
81014,-3.652478,1.826239
81015,-2.899457,1.449729
81016,-0.607038,-1.488831
81017,-1.394005,0.455573
81018,-1.550062,0.900969
81019,-3.911146,1.955573
81020,-1.914041,-0.134659
81021,-3.623490,1.246980
81022,-3.694931,1.911146
81023,-3.484462,1.623490
81024,-3.427775,0.988831
81025,-2.311457,-0.722521
81026,-2.374152,1.781812
81027,-2.431855,0.900969
81028,-3.528889,1.579063
81029,-3.194833,1.652478
81030,-2.837543,1.579063
81031,-3.281713,1.826239
81032,-3.268248,1.579063
81033,-3.102206,1.246980
81034,-2.526723,-0.425270
81035,-3.397582,1.449729
81036,-3.911146,1.955573
81037,-2.347897,0.733052
81038,-2.410859,1.246980
81039,-3.326140,1.781812
81040,-3.824265,1.781812
81041,-3.434289,1.911146
81042,-3.088468,0.698220
81043,-2.100697,-0.147791
81044,-2.993868,1.030303
81045,-2.526723,-0.425270
81046,-1.557314,-0.109562
81047,-1.357582,-1.634021
81048,-2.316833,-1.233052
81049,-1.225625,-1.123490
81050,-2.371693,1.652478
81051,-3.051264,1.365341
81052,-3.152379,1.955573
81053,-3.650504,1.955573
81054,-2.742943,1.911146
81055,-2.440004,0.142820
81056,-3.692957,1.652478
81057,-1.683887,-1.977662
81058,-3.153395,0.440071
81059,-2.011910,1.320914
81060,-1.789708,1.246980
81061,-3.088468,0.698220
81062,-2.136480,0.698220
81063,-1.225625,-1.123490
81064,-3.824265,1.781812
81065,-2.730682,1.365341
81066,-2.374152,1.781812
81067,-4.000000,2.000000
81068,-1.155045,-0.914101
81069,-2.294861,-0.367711
81070,1.752343,0.698220
81071,-1.300576,-0.365341
81072,-2.337712,0.326239
81073,-1.933731,0.900969
81074,-3.484462,1.623490
81075,-3.158125,1.579063
81076,-3.563623,1.781812
81077,-1.717979,0.733052
81078,-2.256195,-0.445042
81079,-3.152379,1.955573
81080,-3.822291,1.911146
81081,-2.883745,1.030303
81082,-3.158125,1.579063
81083,-3.822291,1.911146
81084,-2.941449,0.149460
81085,-2.777479,-0.445042
81086,-2.730682,1.365341
81087,-3.822291,1.911146
81088,-2.654083,-0.425270
81089,-2.572099,-0.722521
81090,-3.826239,1.652478
81091,-0.911146,0.455573
81092,-3.911146,1.955573
81093,-1.396440,0.698220
81094,-3.826239,1.652478
81095,-2.337712,0.326239
81096,-3.911146,1.955573
81097,-3.161387,1.365341
81098,-3.824265,1.781812
81099,-1.636943,1.074730
81100,-2.899457,1.449729
81101,-2.431855,0.900969
81102,-2.872277,1.781812
81103,-3.779838,1.826239
81104,-3.692957,1.652478
81105,-3.528889,1.579063
81106,-2.518736,1.074730
81107,-3.246980,1.623490
81108,-3.268248,1.579063
81109,-3.563623,1.781812
81110,0.110414,0.266948
81111,-0.764573,0.326239
81112,-2.526723,-0.425270
81113,-3.650504,1.955573
81114,-3.427775,0.988831
81115,-0.336881,-0.826239
81116,-0.226309,-0.914101
81117,-3.656250,1.579063
81118,-3.365341,0.730682
81119,-2.337712,0.326239
81120,-2.116349,-1.634021
81121,-2.780575,0.603718
81122,-2.780575,0.603718
81123,-2.872277,1.781812
81124,-2.706235,1.449729
81125,-3.822291,1.911146
81126,-3.563623,1.781812
81127,-3.826239,1.652478
81128,-2.810768,0.142820
81129,-2.826042,1.911146
81130,-1.344281,-0.535628
81131,-3.652478,1.826239
81132,-0.151626,1.579063
81133,-2.119812,-0.109562
81134,-2.065597,-0.826239
81135,-2.563163,1.030303
81136,-3.623490,1.246980
81137,-2.873202,0.400969
81138,-3.779838,1.826239
81139,-0.322099,-0.722521
81140,-1.934194,0.777479
81141,-3.232059,0.730682
81142,-2.873202,0.400969
81143,-3.822291,1.911146
81144,-3.161387,1.365341
81145,-2.810768,0.142820
81146,-3.650504,1.955573
81147,-2.605388,-0.134659
81148,-3.324167,1.911146
81149,-3.427775,0.988831
81150,-3.158125,1.579063
81151,-3.656250,1.579063
81152,-0.609756,1.623490
81153,-3.397582,1.449729
81154,-3.824265,1.781812
81155,-0.926428,-1.721883
81156,-2.136480,0.698220
81157,-1.551012,1.781812
81158,-3.232059,0.730682
81159,-2.837543,1.579063
81160,-3.658223,1.449729
81161,-2.964384,1.191580
81162,-3.779838,1.826239
81163,-3.563623,1.781812
81164,-2.837543,1.579063
81165,-1.375695,-1.211352
81166,-1.308725,-1.123490
81167,-2.717704,0.698220
81168,-3.333174,1.320914
81169,-3.153395,0.440071
81170,-3.652478,1.826239
81171,-3.153395,0.440071
81172,-2.810768,0.142820
81173,-3.652478,1.826239
81174,-2.294861,-0.367711
81175,-2.572099,-0.722521
81176,-3.397582,1.449729
81177,-3.335148,1.191580
81178,-2.844057,0.730682
81179,-0.834695,-0.425270
81180,-2.336959,1.449729
81181,-2.336959,1.449729
81182,-2.098256,0.455573
81183,-2.810768,0.142820
81184,-1.824442,1.449729
81185,-2.431855,0.900969
81186,-2.149460,1.074730
81187,-3.563623,1.781812
81188,-2.859464,-0.147791
81189,-2.181855,0.400969
81190,-1.051938,0.900969
81191,-2.826042,1.911146
81192,-1.845869,0.988831
81193,-3.427775,0.988831
81194,-3.656250,1.579063
81195,-3.563623,1.781812
81196,-3.911146,1.955573
81197,-3.911146,1.955573
81198,-3.304955,1.652478
81199,-2.826042,1.911146
81200,-3.161387,1.365341
81201,-2.700489,1.826239
81202,-2.654083,-0.425270
81203,-2.730682,1.365341
81204,-2.518736,1.074730
81205,-2.711958,1.074730
81206,-2.336959,1.449729
81207,-3.911146,1.955573
81208,-3.123202,0.900969
81209,-2.060606,1.030303
81210,-0.586211,-0.147791
81211,-3.095692,1.320914
81212,-2.777479,-0.445042
81213,-2.149460,1.074730
81214,-2.116349,-1.634021
81215,-1.906779,-0.535628
81216,-2.383160,1.191580
81217,-3.652478,1.826239
81218,-1.914041,-0.134659
81219,-1.794458,-1.889800
81220,-1.121986,-0.722521
81221,-1.683887,-1.977662
81222,-1.303596,-1.488831
81223,-1.231001,-1.634021
81224,-2.119812,-0.109562
81225,-3.051264,1.365341
81226,-2.563163,1.030303
81227,-3.427775,0.988831
81228,-2.964384,1.191580
81229,-3.650504,1.955573
81230,-3.246980,1.623490
81231,-3.694931,1.911146
81232,-3.333174,1.320914
81233,-3.563623,1.781812
81234,-3.658223,1.449729
81235,-3.427775,0.988831
81236,-3.779838,1.826239
81237,-1.717979,0.733052
81238,-3.650504,1.955573
81239,-2.892753,0.440071
81240,-1.890808,-0.955573
81241,-2.644197,-0.445042
81242,-2.938128,0.142820
81243,-2.993868,1.030303
81244,-2.500000,-1.000000
81245,-3.434289,1.911146
81246,-1.022292,-0.658322
81247,-2.343556,-0.658322
81248,-0.985218,0.603718
81249,-3.152379,1.955573
81250,-2.272552,1.320914
81251,-2.371693,1.652478
81252,-0.367567,0.455573
81253,0.247255,-0.658322
81254,-2.349870,0.603718
81255,-3.365341,0.730682
81256,-1.849772,0.733052
81257,-3.826239,1.652478
81258,-2.730682,1.365341
81259,-3.824265,1.781812
81260,-2.374152,1.781812
81261,-2.835050,1.320914
81262,-3.824265,1.781812
81263,-1.811776,-1.721883
81264,-2.899457,1.449729
81265,-3.304955,1.652478
81266,-1.409351,-0.147791
81267,-2.717704,0.698220
81268,-3.246980,1.623490
81269,-3.335148,1.191580
81270,-3.484462,1.623490
81271,-2.431855,0.900969
81272,-3.324167,1.911146
81273,-2.717704,0.698220
81274,-2.700489,1.826239
81275,-3.656250,1.579063
81276,-3.563623,1.781812
81277,-2.654083,-0.425270
81278,-2.826042,1.911146
81279,-3.652478,1.826239
81280,-2.810768,0.142820
81281,-3.652478,1.826239
81282,-2.899457,1.449729
81283,-1.977662,0.988831
81284,-3.656250,1.579063
81285,-3.478716,2.000000
81286,-3.304955,1.652478
81287,-3.658223,1.449729
81288,-2.461033,1.955573
81289,-3.326140,1.781812
81290,-1.551584,-1.634021
81291,-3.779838,1.826239
81292,-3.528889,1.579063
81293,-3.692957,1.652478
81294,-2.892753,0.440071
81295,-2.109756,0.123490
81296,-3.434289,1.911146
81297,-2.993868,1.030303
81298,-1.254687,0.698220
81299,-2.899457,1.449729
81300,-3.528889,1.579063
81301,-3.911146,1.955573
81302,-2.349870,0.603718
81303,-2.793116,1.623490
81304,-2.374152,1.781812
81305,-3.478716,2.000000
81306,-1.261910,1.320914
81307,-2.208111,1.449729
81308,-3.158125,1.579063
81309,-3.333174,1.320914
81310,-3.563623,1.781812
81311,-2.717704,0.698220
81312,-2.337712,0.326239
81313,-2.835050,1.320914
81314,-3.333174,1.320914
81315,-2.334986,1.579063
81316,0.102598,0.123490
81317,-0.939778,-1.211352
81318,-3.824265,1.781812
81319,-2.899457,1.449729
81320,-3.232059,0.730682
81321,-2.873202,0.400969
81322,-1.921819,-1.889800
81323,-3.490208,1.246980
81324,-3.822291,1.911146
81325,-3.563623,1.781812
81326,-1.933731,0.900969
81327,-2.383160,1.191580
81328,-1.574293,-1.721883
81329,-0.939778,-1.211352
81330,-3.123202,0.900969
81331,-1.734301,-1.488831
81332,-1.171501,-0.623490
81333,-3.824265,1.781812
81334,-3.365341,0.730682
81335,-0.847680,1.246980
81336,-3.326140,1.781812
81337,-1.864156,-0.367711
81338,-2.700489,1.826239
81339,-3.563623,1.781812
81340,-2.859464,-0.147791
81341,-3.153395,0.440071
81342,-3.824265,1.781812
81343,-3.911146,1.955573
81344,-2.541119,0.733052
81345,-3.427775,0.988831
81346,-3.652478,1.826239
81347,-2.706235,1.449729
81348,-3.490208,1.246980
81349,-2.343556,-0.658322
81350,-2.941449,0.149460
81351,-1.280886,-1.400969
81352,-2.844057,0.730682
81353,-0.866720,-1.233052
81354,-3.658223,1.449729
81355,-3.152379,1.955573
81356,-3.824265,1.781812
81357,-2.347897,0.733052
81358,-2.311457,-0.722521
81359,-2.810768,0.142820
81360,-2.717704,0.698220
81361,-3.822291,1.911146
81362,-1.558067,-1.233052
81363,-1.557314,-0.109562
81364,-1.878417,-1.721883
81365,-2.883745,1.030303
81366,-3.652478,1.826239
81367,-3.563623,1.781812
81368,-3.563623,1.781812
81369,-3.824265,1.781812
81370,-2.256195,-0.445042
81371,-0.445042,0.222521
81372,-3.824265,1.781812
81373,-2.835050,1.320914
81374,-0.709394,0.440071
81375,-3.326140,1.781812
81376,-2.793116,1.623490
81377,-3.462508,1.191580
81378,-3.268248,1.579063
81379,-3.434289,1.911146
81380,-3.397582,1.449729
81381,-1.760035,1.320914
81382,-0.408062,-0.162592
81383,-0.000610,-0.162592
81384,-3.658223,1.449729
81385,-3.528889,1.579063
81386,-3.911146,1.955573
81387,-3.123202,0.900969
81388,-2.302521,1.030303
81389,-2.259209,0.777479
81390,-2.669008,0.988831
81391,-3.824265,1.781812
81392,-3.326140,1.781812
81393,-3.658223,1.449729
81394,-3.528889,1.579063
81395,-3.528889,1.579063
81396,-3.153395,0.440071
81397,-1.811776,-1.721883
81398,-1.873490,-1.123490
81399,-1.988459,-1.889800
81400,-2.892753,0.440071
81401,-0.528520,0.777479
81402,-2.374152,1.781812
81403,-2.366718,-1.000000
81404,-3.490208,1.246980
81405,-2.730682,1.365341
81406,-0.159449,-0.109562
81407,-3.167133,0.988831
81408,-3.158125,1.579063
81409,-3.215828,0.698220
81410,-3.246980,1.623490
81411,-3.158125,1.579063
81412,-3.652478,1.826239
81413,-3.215828,0.698220
81414,-3.324167,1.911146
81415,-2.383160,1.191580
81416,-2.883745,1.030303
81417,-3.152379,1.955573
81418,-3.652478,1.826239
81419,-2.654083,-0.425270
81420,-2.730682,1.365341
81421,-3.911146,1.955573
81422,-3.427775,0.988831
81423,-2.256195,-0.445042
81424,-2.256195,-0.445042
81425,-3.652478,1.826239
81426,-2.883745,1.030303
81427,-2.641828,1.320914
81428,-2.810768,0.142820
81429,-1.044797,-0.109562
81430,-2.526723,-0.425270
81431,-3.779838,1.826239
81432,-3.528889,1.579063
81433,-0.709622,0.099031
81434,1.183359,0.500000
81435,-1.551938,0.400969
81436,-1.550062,0.900969
81437,-1.574293,-1.721883
81438,-3.215828,0.698220
81439,-0.828197,0.988831
81440,-3.065499,1.781812
81441,-1.461364,0.730682
81442,-3.824265,1.781812
81443,-4.000000,2.000000
81444,-3.123202,0.900969
81445,-2.366718,-1.000000
81446,-3.824265,1.781812
81447,-3.822291,1.911146
81448,-3.652478,1.826239
81449,-2.641828,1.320914
81450,-3.324167,1.911146
81451,-0.824281,-0.162592
81452,-1.648630,-0.277479
81453,-3.955573,1.911146
81454,-2.938128,0.142820
81455,-3.153395,0.440071
81456,-3.563623,1.781812
81457,-2.576901,1.579063
81458,-1.873490,-1.123490
81459,-3.658223,1.449729
81460,-2.793116,1.623490
81461,-0.867905,1.365341
81462,-3.246980,1.623490
81463,-3.824265,1.781812
81464,-3.955573,1.911146
81465,-2.015156,0.455573
81466,-2.106074,-0.658322
81467,-1.977662,0.988831
81468,-3.692957,1.652478
81469,-1.713557,-0.535628
81470,-2.641828,1.320914
81471,-3.911146,1.955573
81472,-3.650504,1.955573
81473,-2.011910,1.320914
81474,-3.478716,2.000000
81475,-3.824265,1.781812
81476,-2.541119,0.733052
81477,-2.337712,0.326239
81478,-3.304955,1.652478
81479,-0.688917,1.781812
81480,-2.098256,0.455573
81481,-2.155959,-0.425270
81482,-2.461033,1.955573
81483,-3.158125,1.579063
81484,-2.730682,1.365341
81485,-2.730682,1.365341
81486,-3.397582,1.449729
81487,-3.158125,1.579063
81488,-3.650504,1.955573
81489,-1.300576,-0.365341
81490,-0.417598,-0.367711
81491,-2.235810,0.730682
81492,-2.837543,1.579063
81493,-3.397582,1.449729
81494,-3.694931,1.911146
81495,-3.911146,1.955573
81496,-2.272552,1.320914
81497,-3.692957,1.652478
81498,-3.326140,1.781812
81499,-3.102206,1.246980
81500,-2.184738,-0.367711
81501,-0.111339,-0.147791
81502,-2.711958,1.074730
81503,-3.563623,1.781812
81504,-2.184738,-0.367711
81505,-2.100697,-0.147791
81506,-1.170844,-1.233052
81507,-1.873490,-1.123490
81508,-2.383160,1.191580
81509,-2.859464,-0.147791
81510,-2.872277,1.781812
81511,-3.158125,1.579063
81512,-2.119812,-0.109562
81513,-0.861260,0.222521
81514,-2.883745,1.030303
81515,-3.304955,1.652478
81516,-2.711958,1.074730
81517,-3.652478,1.826239
81518,-1.236955,-1.488831
81519,-2.144490,0.326239
81520,-2.155959,-0.425270
81521,-0.272729,0.988831
81522,-2.717704,0.698220
81523,-3.563623,1.781812
81524,-3.065499,1.781812
81525,-3.095692,1.320914
81526,-2.810768,0.142820
81527,-3.152379,1.955573
81528,-3.161387,1.365341
81529,-3.123202,0.900969
81530,-2.717704,0.698220
81531,-1.933731,0.900969
81532,-1.445881,-0.074730
81533,-2.168944,1.246980
81534,-3.161387,1.365341
81535,-3.161387,1.365341
81536,-3.911146,1.955573
81537,-3.304955,1.652478
81538,-3.822291,1.911146
81539,0.744943,0.988831
81540,-2.266948,-1.466104
81541,-3.650504,1.955573
81542,-1.279149,1.191580
81543,-3.246980,1.623490
81544,-2.885719,0.900969
81545,-3.563623,1.781812
81546,-3.694931,1.911146
81547,-3.326140,1.781812
81548,-3.866718,2.000000
81549,-3.694931,1.911146
81550,-3.333174,1.320914
81551,-3.484462,1.623490
81552,-3.095692,1.320914
81553,-3.692957,1.652478
81554,-3.167133,0.988831
81555,-3.434289,1.911146
81556,-2.835050,1.320914
81557,-2.892753,0.440071
81558,-2.859464,-0.147791
81559,-2.837543,1.579063
81560,-2.899457,1.449729
81561,-3.694931,1.911146
81562,-3.563623,1.781812
81563,-1.048700,0.730682
81564,-1.789708,1.246980
81565,-1.026723,1.074730
81566,-3.528889,1.579063
81567,-2.899457,1.449729
81568,-3.824265,1.781812
81569,-3.692957,1.652478
81570,-3.065499,1.781812
81571,-3.074730,0.149460
81572,-3.911146,1.955573
81573,-3.694931,1.911146
81574,-3.824265,1.781812
81575,-3.434289,1.911146
81576,-3.051264,1.365341
81577,-3.824265,1.781812
81578,-2.899457,1.449729
81579,-1.314088,-0.074730
81580,-1.445133,0.698220
81581,-2.056191,-1.233052
81582,-0.109208,0.054604
81583,-3.563623,1.781812
81584,-3.822291,1.911146
81585,-2.706235,1.449729
81586,-1.127350,1.826239
81587,-1.824442,1.449729
81588,-3.335148,1.191580
81589,-3.652478,1.826239
81590,-1.873040,-1.211352
81591,-1.713557,-0.535628
81592,-2.518736,1.074730
81593,-3.102206,1.246980
81594,-3.065499,1.781812
81595,-2.635719,0.400969
81596,-3.088468,0.698220
81597,-1.568917,-1.211352
81598,-2.116349,-1.634021
81599,-3.824265,1.781812
81600,-2.826042,1.911146
81601,-3.324167,1.911146
81602,-2.598822,-0.147791
81603,-2.810768,0.142820
81604,-2.385621,1.030303
81605,-3.822291,1.911146
81606,-3.158125,1.579063
81607,-2.730682,1.365341
81608,-2.383160,1.191580
81609,-3.478716,2.000000
81610,-3.652478,1.826239
81611,-2.493959,1.246980
81612,-3.158125,1.579063
81613,-3.153395,0.440071
81614,-1.914041,-0.134659
81615,-3.161387,1.365341
81616,-3.563623,1.781812
81617,-3.397582,1.449729
81618,-3.658223,1.449729
81619,-3.123202,0.900969
81620,-3.335148,1.191580
81621,-3.304955,1.652478
81622,-2.730682,1.365341
81623,-2.518736,1.074730
81624,-1.717979,0.733052
81625,-3.490208,1.246980
81626,-2.266948,-1.466104
81627,-1.330319,-0.914101
81628,-2.316833,-1.233052
81629,-3.065499,1.781812
81630,-2.899457,1.449729
81631,-3.866718,2.000000
81632,-3.563623,1.781812
81633,-2.892753,0.440071
81634,-3.065499,1.781812
81635,-3.694931,1.911146
81636,-3.484462,1.623490
81637,-3.065499,1.781812
81638,-3.911146,1.955573
81639,-3.484462,1.623490
81640,-3.824265,1.781812
81641,-1.845869,0.988831
81642,-2.576901,1.579063
81643,-3.694931,1.911146
81644,-2.837543,1.579063
81645,-3.824265,1.781812
81646,-1.118740,0.142820
81647,-3.911146,1.955573
81648,-3.824265,1.781812
81649,-3.102206,1.246980
81650,-2.641828,1.320914
81651,-3.658223,1.449729
81652,-2.136480,0.698220
81653,-3.650504,1.955573
81654,-3.694931,1.911146
81655,-3.123202,0.900969
81656,-3.167133,0.988831
81657,-1.574735,-0.425270
81658,-1.977662,0.988831
81659,-2.242359,1.781812
81660,-3.065499,1.781812
81661,0.775361,1.191580
81662,-2.870469,2.000000
81663,-1.254687,0.698220
81664,-3.623490,1.246980
81665,-0.021523,0.142820
81666,-2.056191,-1.233052
81667,-3.194833,1.652478
81668,-1.349189,0.603718
81669,-3.563623,1.781812
81670,-3.397582,1.449729
81671,-1.648630,-0.277479
81672,-3.658223,1.449729
81673,-2.119812,-0.109562
81674,-3.528889,1.579063
81675,-2.038874,-1.400969
81676,-2.598822,-0.147791
81677,-3.123202,0.900969
81678,-3.397582,1.449729
81679,-1.011473,1.652478
81680,-3.650504,1.955573
81681,-3.397582,1.449729
81682,-3.563623,1.781812
81683,-1.775215,0.326239
81684,-0.447247,0.730682
81685,-3.563623,1.781812
81686,-2.374152,1.781812
81687,-2.742943,1.911146
81688,-2.964384,1.191580
81689,-3.955573,1.911146
81690,-3.528889,1.579063
81691,-1.845869,0.988831
81692,-3.911146,1.955573
81693,-3.779838,1.826239
81694,-3.051264,1.365341
81695,-1.934194,0.777479
81696,-3.123202,0.900969
81697,-3.462508,1.191580
81698,-3.528889,1.579063
81699,-0.445042,0.222521
81700,-3.866718,2.000000
81701,-3.434289,1.911146
81702,-2.641828,1.320914
81703,-3.563623,1.781812
81704,-1.849772,0.733052
81705,-3.692957,1.652478
81706,-3.246980,1.623490
81707,-3.281713,1.826239
81708,-3.326140,1.781812
81709,-2.964384,1.191580
81710,-2.015156,0.455573
81711,-1.845869,0.988831
81712,-0.642527,-0.914101
81713,-1.607199,0.123490
81714,-3.095692,1.320914
81715,-1.074632,0.054604
81716,0.247255,-0.658322
81717,-3.528889,1.579063
81718,-3.123202,0.900969
81719,-2.371693,1.652478
81720,-3.650504,1.955573
81721,-3.281713,1.826239
81722,-1.801938,0.900969
81723,-2.163198,1.623490
81724,-3.158125,1.579063
81725,-2.242359,1.781812
81726,-2.654083,-0.425270
81727,-2.711958,1.074730
81728,-2.343556,-0.658322
81729,-2.256195,-0.445042
81730,-1.690819,-1.488831
81731,-2.670453,0.603718
81732,-3.692957,1.652478
81733,-3.102206,1.246980
81734,-3.866718,2.000000
81735,-1.423694,-1.889800
81736,-1.551584,-1.634021
81737,-1.420728,1.030303
81738,-3.095692,1.320914
81739,-1.086885,-1.400969
81740,-2.349870,0.603718
81741,-3.158125,1.579063
81742,-0.864659,-0.365341
81743,-0.202183,0.733052
81744,-2.316833,-1.233052
81745,-2.641828,1.320914
81746,-2.641828,1.320914
81747,-3.095692,1.320914
81748,-2.938128,0.142820
81749,-3.779838,1.826239
81750,-3.397582,1.449729
81751,-3.955573,1.911146
81752,-3.051264,1.365341
81753,-3.694931,1.911146
81754,-3.563623,1.781812
81755,-3.658223,1.449729
81756,-3.088468,0.698220
81757,0.092933,0.142820
81758,-3.161387,1.365341
81759,-1.588247,1.365341
81760,-3.397582,1.449729
81761,-3.824265,1.781812
81762,-3.650504,1.955573
81763,-3.911146,1.955573
81764,-1.225625,-1.123490
81765,-3.658223,1.449729
81766,-2.711958,1.074730
81767,-3.333174,1.320914
81768,-2.872277,1.781812
81769,-1.419626,-1.123490
81770,-2.347897,0.733052
81771,-2.461033,1.955573
81772,-3.123202,0.900969
81773,-0.252485,-0.162592
81774,-2.337712,0.326239
81775,-3.563623,1.781812
81776,-3.232059,0.730682
81777,-2.015156,0.455573
81778,-2.563163,1.030303
81779,-2.228125,1.365341
81780,-2.899457,1.449729
81781,-3.650504,1.955573
81782,-1.601453,0.500000
81783,-1.652210,-0.658322
81784,-2.598822,-0.147791
81785,-1.413198,1.623490
81786,-3.658223,1.449729
81787,-3.563623,1.781812
81788,-0.415545,-0.535628
81789,0.775361,1.191580
81790,-2.430339,0.123490
81791,-3.333174,1.320914
81792,-3.484462,1.623490
81793,-2.711958,1.074730
81794,-1.309583,-0.955573
81795,-0.496114,1.320914
81796,-2.605388,-0.134659
81797,-0.500689,-0.365341
81798,-2.826042,1.911146
81799,-1.550062,0.900969
81800,-2.700489,1.826239
81801,-3.563623,1.781812
81802,-2.874250,1.652478
81803,-2.793116,1.623490
81804,-3.650504,1.955573
81805,-1.198511,1.030303
81806,-0.447472,-0.425270
81807,-2.136480,0.698220
81808,-0.427724,0.054604
81809,-3.232059,0.730682
81810,-3.692957,1.652478
81811,-3.866718,2.000000
81812,-1.683887,-1.977662
81813,-3.623490,1.246980
81814,-3.528889,1.579063
81815,-3.528889,1.579063
81816,-3.397582,1.449729
81817,-3.528889,1.579063
81818,-3.528889,1.579063
81819,-2.410859,1.246980
81820,-2.598822,-0.147791
81821,-1.647948,-0.445042
81822,-2.051596,1.911146
81823,-1.762918,-1.211352
81824,-2.056191,-1.233052
81825,-3.268248,1.579063
81826,-2.873202,0.400969
81827,-3.650504,1.955573
81828,-3.650504,1.955573
81829,-2.670453,0.603718
81830,-2.374152,1.781812
81831,-0.275215,1.826239
81832,-3.153395,0.440071
81833,-3.397582,1.449729
81834,-3.484462,1.623490
81835,-3.528889,1.579063
81836,-3.434289,1.911146
81837,-3.866718,2.000000
81838,-2.541119,0.733052
81839,-2.366718,-1.000000
81840,-1.309583,-0.955573
81841,-1.207436,0.603718
81842,-2.641828,1.320914
81843,-3.333174,1.320914
81844,-1.864156,-0.367711
81845,-2.144490,0.326239
81846,-1.690819,-1.488831
81847,-3.088468,0.698220
81848,-3.779838,1.826239
81849,-3.824265,1.781812
81850,-2.136480,0.698220
81851,-3.333174,1.320914
81852,-3.095692,1.320914
81853,-3.246980,1.623490
81854,-0.880142,0.440071
81855,-1.420728,1.030303
81856,-3.434289,1.911146
81857,-3.911146,1.955573
81858,-3.462508,1.191580
81859,-3.427775,0.988831
81860,-3.065499,1.781812
81861,-1.349578,0.500000
81862,-2.553446,0.149460
81863,-3.434289,1.911146
81864,-3.779838,1.826239
81865,-3.650504,1.955573
81866,-3.911146,1.955573
81867,-3.333174,1.320914
81868,-3.427775,0.988831
81869,-3.650504,1.955573
81870,-3.528889,1.579063
81871,-1.977662,0.988831
81872,-3.462508,1.191580
81873,-3.563623,1.781812
81874,-3.911146,1.955573
81875,-3.955573,1.911146
81876,-2.015156,0.455573
81877,-1.200484,0.900969
81878,0.437420,0.400969
81879,-1.864156,-0.367711
81880,-2.654083,-0.425270
81881,-3.478716,2.000000
81882,-3.658223,1.449729
81883,-3.158125,1.579063
81884,-2.872277,1.781812
81885,-2.793116,1.623490
81886,-3.824265,1.781812
81887,-3.824265,1.781812
81888,-3.656250,1.579063
81889,-3.158125,1.579063
81890,-2.872277,1.781812
81891,-3.397582,1.449729
81892,-3.658223,1.449729
81893,-3.365341,0.730682
81894,-2.883745,1.030303
81895,-3.563623,1.781812
81896,-2.874250,1.652478
81897,-0.824281,-0.162592
81898,-2.060606,1.030303
81899,-1.088404,-0.914101
81900,-2.261572,-0.955573
81901,-3.158125,1.579063
81902,-2.810768,0.142820
81903,-1.475625,-0.623490
81904,-3.490208,1.246980
81905,-0.246980,0.123490
81906,-0.383765,0.603718
81907,-3.484462,1.623490
81908,-2.311457,-0.722521
81909,-2.374152,1.781812
81910,-3.658223,1.449729
81911,-1.849772,0.733052
81912,-1.027479,-0.277479
81913,-1.254687,0.698220
81914,-3.650504,1.955573
81915,-3.824265,1.781812
81916,-3.194833,1.652478
81917,-3.484462,1.623490
81918,-0.669220,1.781812
81919,-3.824265,1.781812
81920,-3.152379,1.955573
81921,-2.873202,0.400969
81922,-3.246980,1.623490
81923,-3.152379,1.955573
81924,-2.136480,0.698220
81925,-1.121986,-0.722521
81926,-3.088468,0.698220
81927,-1.933731,0.900969
81928,-3.563623,1.781812
81929,-3.051264,1.365341
81930,-1.384971,1.449729
81931,-1.155045,-0.914101
81932,-3.167133,0.988831
81933,-1.200484,0.900969
81934,-0.787833,-0.623490
81935,0.149460,-0.074730
81936,-3.824265,1.781812
81937,-3.822291,1.911146
81938,-3.656250,1.579063
81939,-2.717704,0.698220
81940,-3.161387,1.365341
81941,-2.181855,0.400969
81942,-3.652478,1.826239
81943,-2.065597,-0.826239
81944,-2.669008,0.988831
81945,-3.281713,1.826239
81946,-3.866718,2.000000
81947,-3.051264,1.365341
81948,-3.779838,1.826239
81949,-2.885719,0.900969
81950,-3.779838,1.826239
81951,-3.694931,1.911146
81952,-2.136480,0.698220
81953,-1.960449,1.826239
81954,-3.623490,1.246980
81955,-2.337712,0.326239
81956,-2.015156,0.455573
81957,-3.650504,1.955573
81958,-1.568917,-1.211352
81959,-1.945199,0.149460
81960,0.127258,0.149460
81961,1.068779,-0.162592
81962,-3.246980,1.623490
81963,-3.268248,1.579063
81964,-2.181855,0.400969
81965,-1.960449,1.826239
81966,-2.302521,1.030303
81967,-2.641828,1.320914
81968,-3.563623,1.781812
81969,-3.911146,1.955573
81970,-3.397582,1.449729
81971,-1.551938,0.400969
81972,0.447527,0.440071
81973,-0.821489,0.440071
81974,-3.490208,1.246980
81975,-2.383160,1.191580
81976,-3.123202,0.900969
81977,-3.484462,1.623490
81978,-2.383160,1.191580
81979,-1.000000,0.500000
81980,-1.801938,0.900969
81981,-2.541119,0.733052
81982,-2.717704,0.698220
81983,-2.056191,-1.233052
81984,-2.941449,0.149460
81985,-2.883745,1.030303
81986,-3.152379,1.955573
81987,-3.652478,1.826239
81988,-3.822291,1.911146
81989,-3.822291,1.911146
81990,-3.335148,1.191580
81991,-2.572099,-0.722521
81992,-3.326140,1.781812
81993,-3.826239,1.652478
81994,-3.304955,1.652478
81995,-3.095692,1.320914
81996,-3.158125,1.579063
81997,-2.885719,0.900969
81998,-2.873202,0.400969
81999,-3.246980,1.623490
82000,-2.810768,0.142820
82001,-3.824265,1.781812
82002,-1.652210,-0.658322
82003,-0.784266,0.900969
82004,-1.413198,1.623490
82005,-2.163198,1.623490
82006,-2.742943,1.911146
82007,-3.102206,1.246980
82008,-2.144490,0.326239
82009,-3.397582,1.449729
82010,-3.650504,1.955573
82011,-3.955573,1.911146
82012,-2.065597,-0.826239
82013,-1.928302,-1.488831
82014,-1.551584,-1.634021
82015,-3.650504,1.955573
82016,-3.074730,0.149460
82017,-2.272552,1.320914
82018,-3.692957,1.652478
82019,-2.563163,1.030303
82020,-2.669008,0.988831
82021,-3.528889,1.579063
82022,-3.955573,1.911146
82023,-2.899457,1.449729
82024,-1.154522,0.988831
82025,-1.003761,1.579063
82026,-2.149460,1.074730
82027,-3.824265,1.781812
82028,-3.102206,1.246980
82029,-2.106074,-0.658322
82030,-1.637893,1.955573
82031,-2.235810,0.730682
82032,-3.102206,1.246980
82033,-3.658223,1.449729
82034,-0.458468,1.320914
82035,-1.170844,-1.233052
82036,-1.811776,-1.721883
82037,-0.712714,0.222521
82038,-2.742943,1.911146
82039,-3.051264,1.365341
82040,-2.793116,1.623490
82041,-2.793116,1.623490
82042,-3.333174,1.320914
82043,-2.711958,1.074730
82044,-3.153395,0.440071
82045,-3.563623,1.781812
82046,-1.801938,0.900969
82047,-3.911146,1.955573
82048,-1.978621,0.733052
82049,-1.551584,-1.634021
82050,-3.095692,1.320914
82051,-1.849772,0.733052
82052,-2.526723,-0.425270
82053,-2.228125,1.365341
82054,-2.136480,0.698220
82055,-3.051264,1.365341
82056,-3.528889,1.579063
82057,-2.371693,1.652478
82058,-2.163198,1.623490
82059,-3.528889,1.579063
82060,-2.696708,1.652478
82061,-3.692957,1.652478
82062,-3.102206,1.246980
82063,-3.694931,1.911146
82064,-2.742943,1.911146
82065,-3.955573,1.911146
82066,-3.281713,1.826239
82067,-2.410859,1.246980
82068,-0.563340,0.698220
82069,-1.794458,-1.889800
82070,-2.343556,-0.658322
82071,-3.065499,1.781812
82072,-3.563623,1.781812
82073,-3.434289,1.911146
82074,-2.872277,1.781812
82075,-3.692957,1.652478
82076,-3.563623,1.781812
82077,-3.779838,1.826239
82078,-3.427775,0.988831
82079,-3.462508,1.191580
82080,-3.397582,1.449729
82081,-2.163198,1.623490
82082,-3.281713,1.826239
82083,-2.347897,0.733052
82084,-1.072099,0.777479
82085,-3.152379,1.955573
82086,-3.246980,1.623490
82087,-3.658223,1.449729
82088,-1.420728,1.030303
82089,-2.141244,1.191580
82090,-1.914041,-0.134659
82091,-3.167133,0.988831
82092,-2.466259,1.191580
82093,-3.692957,1.652478
82094,-3.326140,1.781812
82095,-3.694931,1.911146
82096,-0.816833,0.266948
82097,-0.001669,-0.445042
82098,-1.624178,-1.488831
82099,-3.158125,1.579063
82100,-3.824265,1.781812
82101,-1.849772,0.733052
82102,-3.824265,1.781812
82103,-2.873202,0.400969
82104,-2.730682,1.365341
82105,-4.000000,2.000000
82106,-3.123202,0.900969
82107,-3.158125,1.579063
82108,-3.478716,2.000000
82109,-2.641828,1.320914
82110,-2.872277,1.781812
82111,-2.294861,-0.367711
82112,-3.652478,1.826239
82113,-0.534266,0.400969
82114,-3.333174,1.320914
82115,-2.793116,1.623490
82116,-3.152379,1.955573
82117,-2.163198,1.623490
82118,-3.563623,1.781812
82119,-3.158125,1.579063
82120,-2.383160,1.191580
82121,-3.324167,1.911146
82122,-2.100697,-0.147791
82123,-2.730682,1.365341
82124,-3.911146,1.955573
82125,-2.941449,0.149460
82126,-3.123202,0.900969
82127,-3.333174,1.320914
82128,-2.654083,-0.425270
82129,-2.700489,1.826239
82130,-2.383160,1.191580
82131,-3.824265,1.781812
82132,-3.650504,1.955573
82133,-1.275116,0.455573
82134,-2.431855,0.900969
82135,-1.773241,0.455573
82136,-3.095692,1.320914
82137,-1.593993,0.988831
82138,-2.242359,1.781812
82139,-2.899457,1.449729
82140,-3.397582,1.449729
82141,-3.658223,1.449729
82142,-3.652478,1.826239
82143,-1.397882,0.603718
82144,-0.544316,-0.722521
82145,0.043404,0.400969
82146,-2.964384,1.191580
82147,-2.696708,1.652478
82148,-3.427775,0.988831
82149,-1.120429,-1.721883
82150,-3.866718,2.000000
82151,-3.528889,1.579063
82152,-3.623490,1.246980
82153,-3.095692,1.320914
82154,-3.194833,1.652478
82155,-3.434289,1.911146
82156,-3.563623,1.781812
82157,-3.123202,0.900969
82158,-3.563623,1.781812
82159,-3.694931,1.911146
82160,-3.281713,1.826239
82161,-2.711958,1.074730
82162,-3.911146,1.955573
82163,-2.141244,1.191580
82164,-3.088468,0.698220
82165,-3.152379,1.955573
82166,-3.779838,1.826239
82167,-3.528889,1.579063
82168,-0.722906,-0.365341
82169,-2.343556,-0.658322
82170,-3.694931,1.911146
82171,-3.484462,1.623490
82172,-0.252485,-0.162592
82173,-1.928302,-1.488831
82174,-3.623490,1.246980
82175,-2.598822,-0.147791
82176,-2.261572,-0.955573
82177,-2.119812,-0.109562
82178,-0.787833,-0.623490
82179,-1.873040,-1.211352
82180,-1.864156,-0.367711
82181,-2.461033,1.955573
82182,-1.836861,1.579063
82183,-0.983246,-1.000000
82184,-3.484462,1.623490
82185,-3.326140,1.781812
82186,-1.717979,0.733052
82187,-2.349870,0.603718
82188,-3.335148,1.191580
82189,-2.844057,0.730682
82190,-2.349870,0.603718
82191,-2.605388,-0.134659
82192,-2.717704,0.698220
82193,-2.635719,0.400969
82194,-3.822291,1.911146
82195,-2.518736,1.074730
82196,-3.563623,1.781812
82197,-3.326140,1.781812
82198,-3.656250,1.579063
82199,-3.822291,1.911146
82200,-2.155959,-0.425270
82201,-1.944528,-1.977662
82202,-3.650504,1.955573
82203,-3.123202,0.900969
82204,-2.859464,-0.147791
82205,-1.022292,-0.658322
82206,-2.730682,1.365341
82207,-2.100697,-0.147791
82208,-0.533896,0.266948
82209,-3.397582,1.449729
82210,-3.333174,1.320914
82211,-2.394628,0.440071
82212,-3.246980,1.623490
82213,-3.324167,1.911146
82214,-1.731816,1.652478
82215,-1.074632,0.054604
82216,-2.885719,0.900969
82217,-1.878417,-1.721883
82218,-2.136480,0.698220
82219,-2.837543,1.579063
82220,-2.670453,0.603718
82221,-2.461033,1.955573
82222,-1.349189,0.603718
82223,-1.394005,0.455573
82224,-2.526723,-0.425270
82225,-2.466259,1.191580
82226,-2.337712,0.326239
82227,-0.534124,-0.134659
82228,-1.210838,0.222521
82229,-2.780575,0.603718
82230,-3.065499,1.781812
82231,-4.000000,2.000000
82232,-3.335148,1.191580
82233,-2.394628,0.440071
82234,-3.335148,1.191580
82235,-3.153395,0.440071
82236,-1.683887,-1.977662
82237,-2.242359,1.781812
82238,-2.181855,0.400969
82239,-1.231001,-1.634021
82240,-0.765763,0.730682
82241,-3.153395,0.440071
82242,-2.669008,0.988831
82243,-1.314088,-0.074730
82244,-1.070127,-0.826239
82245,-3.658223,1.449729
82246,-3.051264,1.365341
82247,-2.993868,1.030303
82248,-0.569543,-0.955573
82249,-1.934194,0.777479
82250,-1.224190,2.000000
82251,-2.670453,0.603718
82252,-2.837543,1.579063
82253,-2.696708,1.652478
82254,-3.123202,0.900969
82255,-3.397582,1.449729
82256,-1.244415,0.988831
82257,-2.793116,1.623490
82258,-3.397582,1.449729
82259,-2.711958,1.074730
82260,-2.163198,1.623490
82261,-2.099031,-1.801938
82262,-3.563623,1.781812
82263,-3.528889,1.579063
82264,-3.152379,1.955573
82265,-2.149460,1.074730
82266,-2.500000,-1.000000
82267,-2.635719,0.400969
82268,-2.149460,1.074730
82269,-2.208111,1.449729
82270,-3.779838,1.826239
82271,-3.779838,1.826239
82272,-1.026723,1.074730
82273,-2.553446,0.149460
82274,-2.119812,-0.109562
82275,-2.605388,-0.134659
82276,-2.347897,0.733052
82277,-2.837543,1.579063
82278,-2.899457,1.449729
82279,-2.635719,0.400969
82280,-2.669008,0.988831
82281,-2.964384,1.191580
82282,-1.813332,-0.722521
82283,-3.281713,1.826239
82284,-2.272552,1.320914
82285,-3.326140,1.781812
82286,-1.717542,-0.914101
82287,-0.066833,-1.233052
82288,-2.844057,0.730682
82289,-3.563623,1.781812
82290,-3.650504,1.955573
82291,-3.335148,1.191580
82292,-3.658223,1.449729
82293,-3.326140,1.781812
82294,-3.246980,1.623490
82295,-3.652478,1.826239
82296,-2.872277,1.781812
82297,-3.304955,1.652478
82298,-2.892753,0.440071
82299,-2.461033,1.955573
82300,-3.427775,0.988831
82301,-2.518736,1.074730
82302,-3.652478,1.826239
82303,-1.977662,0.988831
82304,-2.810768,0.142820
82305,-3.215828,0.698220
82306,-2.383160,1.191580
82307,-0.087490,0.011169
82308,0.786998,0.400969
82309,-0.149926,-0.367711
82310,-3.326140,1.781812
82311,-2.872277,1.781812
82312,-1.890808,-0.955573
82313,-3.528889,1.579063
82314,-3.281713,1.826239
82315,-3.528889,1.579063
82316,-3.333174,1.320914
82317,-3.528889,1.579063
82318,-1.492359,1.781812
82319,-1.121986,-0.722521
82320,-1.977662,0.988831
82321,-1.713557,-0.535628
82322,-2.810768,0.142820
82323,-2.641828,1.320914
82324,-3.824265,1.781812
82325,-3.650504,1.955573
82326,-2.431855,0.900969
82327,-1.171501,-0.623490
82328,-1.773241,0.455573
82329,-3.095692,1.320914
82330,-2.168944,1.246980
82331,-0.854474,-0.623490
82332,-2.810768,0.142820
82333,-3.652478,1.826239
82334,-1.978621,0.733052
82335,-2.605388,-0.134659
82336,-1.762918,-1.211352
82337,-2.670453,0.603718
82338,-2.641828,1.320914
82339,-3.232059,0.730682
82340,-2.964384,1.191580
82341,-2.136480,0.698220
82342,-3.326140,1.781812
82343,-2.793116,1.623490
82344,-2.518736,1.074730
82345,-3.462508,1.191580
82346,-1.794458,-1.889800
82347,0.325184,-0.162592
82348,-0.153316,0.142820
82349,-1.977662,0.988831
82350,-3.824265,1.781812
82351,-3.246980,1.623490
82352,-3.152379,1.955573
82353,-1.762918,-1.211352
82354,-2.669008,0.988831
82355,-3.333174,1.320914
82356,-3.427775,0.988831
82357,-3.065499,1.781812
82358,-3.326140,1.781812
82359,-3.051264,1.365341
82360,-1.643120,1.191580
82361,-1.394005,0.455573
82362,-1.855707,-1.634021
82363,-1.661706,-1.634021
82364,-3.397582,1.449729
82365,-2.261572,-0.955573
82366,-1.773241,0.455573
82367,-3.826239,1.652478
82368,-2.272552,1.320914
82369,-1.088404,-0.914101
82370,-1.253943,-1.233052
82371,-3.824265,1.781812
82372,-2.885719,0.900969
82373,-2.706235,1.449729
82374,-2.670453,0.603718
82375,-1.413198,1.623490
82376,-2.859464,-0.147791
82377,-0.149926,-0.367711
82378,-2.899457,1.449729
82379,-2.711958,1.074730
82380,-2.576901,1.579063
82381,-2.993868,1.030303
82382,-2.837543,1.579063
82383,-2.670453,0.603718
82384,-1.574735,-0.425270
82385,-1.647948,-0.445042
82386,-3.779838,1.826239
82387,-2.576901,1.579063
82388,-3.281713,1.826239
82389,-3.650504,1.955573
82390,-3.955573,1.911146
82391,-3.268248,1.579063
82392,-1.643120,1.191580
82393,-2.106074,-0.658322
82394,-2.163198,1.623490
82395,-2.899457,1.449729
82396,-2.844057,0.730682
82397,-1.945199,0.149460
82398,-3.065499,1.781812
82399,-3.158125,1.579063
82400,-1.801938,0.900969
82401,-3.652478,1.826239
82402,-2.835050,1.320914
82403,-3.167133,0.988831
82404,-2.038874,-1.400969
82405,-0.926428,-1.721883
82406,-1.906779,-0.535628
82407,-2.635719,0.400969
82408,-2.541119,0.733052
82409,-3.822291,1.911146
82410,-3.822291,1.911146
82411,-1.557314,-0.109562
82412,-1.977662,0.988831
82413,-3.158125,1.579063
82414,-2.835050,1.320914
82415,-2.430339,0.123490
82416,-3.065499,1.781812
82417,-3.779838,1.826239
82418,-3.563623,1.781812
82419,-3.123202,0.900969
82420,-1.507653,-1.721883
82421,-3.326140,1.781812
82422,-3.528889,1.579063
82423,-2.835050,1.320914
82424,-3.281713,1.826239
82425,-2.015156,0.455573
82426,-0.628209,0.455573
82427,-0.462714,-0.277479
82428,-2.385621,1.030303
82429,-0.609756,1.623490
82430,-3.281713,1.826239
82431,-1.121986,-0.722521
82432,-3.563623,1.781812
82433,-3.911146,1.955573
82434,-1.801938,0.900969
82435,-2.466259,1.191580
82436,-3.692957,1.652478
82437,-2.899457,1.449729
82438,-2.116349,-1.634021
82439,-3.161387,1.365341
82440,-2.835050,1.320914
82441,-2.835050,1.320914
82442,-2.892753,0.440071
82443,-2.347897,0.733052
82444,-3.911146,1.955573
82445,-2.349870,0.603718
82446,-2.242359,1.781812
82447,-1.813332,-0.722521
82448,-1.557314,-0.109562
82449,-0.599578,-1.000000
82450,-3.095692,1.320914
82451,-2.641828,1.320914
82452,-2.096023,2.000000
82453,-3.656250,1.579063
82454,-3.161387,1.365341
82455,-3.158125,1.579063
82456,-2.711958,1.074730
82457,-3.123202,0.900969
82458,-2.780575,0.603718
82459,-3.563623,1.781812
82460,-2.700489,1.826239
82461,-3.652478,1.826239
82462,-3.304955,1.652478
82463,-3.826239,1.652478
82464,-1.550062,0.900969
82465,-2.100697,-0.147791
82466,-1.773241,0.455573
82467,-2.106074,-0.658322
82468,-3.161387,1.365341
82469,0.269318,-0.134659
82470,-2.700489,1.826239
82471,-2.272552,1.320914
82472,-2.844057,0.730682
82473,-3.563623,1.781812
82474,-2.844057,0.730682
82475,-3.650504,1.955573
82476,-3.123202,0.900969
82477,-3.161387,1.365341
82478,-3.335148,1.191580
82479,-3.246980,1.623490
82480,-3.822291,1.911146
82481,-3.152379,1.955573
82482,-3.563623,1.781812
82483,-3.911146,1.955573
82484,-3.484462,1.623490
82485,-1.733246,0.500000
82486,-3.065499,1.781812
82487,-3.478716,2.000000
82488,-3.365341,0.730682
82489,-1.955475,-0.826239
82490,-1.773241,0.455573
82491,-1.873490,-1.123490
82492,-0.966034,-0.162592
82493,-2.837543,1.579063
82494,-3.194833,1.652478
82495,-2.259209,0.777479
82496,-2.367905,-0.134659
82497,-3.563623,1.781812
82498,-3.824265,1.781812
82499,-2.711958,1.074730
82500,-3.427775,0.988831
82501,-2.272552,1.320914
82502,-2.899457,1.449729
82503,-2.605388,-0.134659
82504,-3.658223,1.449729
82505,-3.658223,1.449729
82506,-2.964384,1.191580
82507,-3.623490,1.246980
82508,-2.440004,0.142820
82509,-3.563623,1.781812
82510,-3.434289,1.911146
82511,-2.500000,-1.000000
82512,-3.911146,1.955573
82513,-1.592048,0.093187
82514,-1.801938,0.900969
82515,-1.120429,-1.721883
82516,-1.442336,-1.211352
82517,-0.913353,-0.365341
82518,-0.860591,0.400969
82519,-1.988459,-1.889800
82520,-2.383160,1.191580
82521,-3.824265,1.781812
82522,-2.430339,0.123490
82523,-3.161387,1.365341
82524,-1.813332,-0.722521
82525,-2.098256,0.455573
82526,-2.717704,0.698220
82527,-2.316833,-1.233052
82528,-1.462714,0.222521
82529,-2.844057,0.730682
82530,-2.430339,0.123490
82531,-2.892753,0.440071
82532,-3.652478,1.826239
82533,-2.872277,1.781812
82534,-3.123202,0.900969
82535,-3.563623,1.781812
82536,-3.215828,0.698220
82537,-3.650504,1.955573
82538,-3.911146,1.955573
82539,-3.652478,1.826239
82540,-3.824265,1.781812
82541,-1.396440,0.698220
82542,-3.824265,1.781812
82543,-3.911146,1.955573
82544,-3.397582,1.449729
82545,-3.158125,1.579063
82546,-3.484462,1.623490
82547,-3.656250,1.579063
82548,-3.427775,0.988831
82549,-1.977662,0.988831
82550,-2.872277,1.781812
82551,-2.700489,1.826239
82552,-2.149460,1.074730
82553,-2.874250,1.652478
82554,-2.493959,1.246980
82555,-3.335148,1.191580
82556,-2.541119,0.733052
82557,-1.557314,-0.109562
82558,-1.926590,-0.109562
82559,-2.938128,0.142820
82560,-3.528889,1.579063
82561,-1.648630,-0.277479
82562,-1.574735,-0.425270
82563,-1.845869,0.988831
82564,-3.281713,1.826239
82565,-2.347897,0.733052
82566,-1.636943,1.074730
82567,-3.911146,1.955573
82568,-3.051264,1.365341
82569,-3.955573,1.911146
82570,-3.268248,1.579063
82571,-2.181855,0.400969
82572,-2.938128,0.142820
82573,-3.563623,1.781812
82574,-3.563623,1.781812
82575,-3.123202,0.900969
82576,-1.914041,-0.134659
82577,-2.872277,1.781812
82578,-3.051264,1.365341
82579,-0.237965,1.579063
82580,-2.837543,1.579063
82581,-2.228125,1.365341
82582,-3.281713,1.826239
82583,-3.528889,1.579063
82584,-1.681370,1.030303
82585,-3.658223,1.449729
82586,-3.692957,1.652478
82587,-1.233709,-0.623490
82588,-1.006419,-1.211352
82589,-1.762918,-1.211352
82590,-0.938334,-0.826239
82591,0.369625,0.093187
82592,-1.773241,0.455573
82593,-2.176109,0.777479
82594,-1.593993,0.988831
82595,-3.652478,1.826239
82596,-3.161387,1.365341
82597,-3.167133,0.988831
82598,-2.334986,1.579063
82599,-3.335148,1.191580
82600,-3.484462,1.623490
82601,-0.311666,0.326239
82602,-2.641828,1.320914
82603,-1.462714,0.222521
82604,-1.198511,1.030303
82605,-2.349870,0.603718
82606,-0.168606,-0.033258
82607,-1.361599,-0.367711
82608,-3.692957,1.652478
82609,-1.977662,0.988831
82610,-2.993868,1.030303
82611,-3.779838,1.826239
82612,-2.835050,1.320914
82613,-2.859464,-0.147791
82614,-1.171501,-0.623490
82615,-3.563623,1.781812
82616,-3.462508,1.191580
82617,-3.281713,1.826239
82618,-3.528889,1.579063
82619,-2.892753,0.440071
82620,-3.658223,1.449729
82621,-3.528889,1.579063
82622,-0.197601,-0.033258
82623,-3.232059,0.730682
82624,-1.977662,0.988831
82625,-3.563623,1.781812
82626,-3.326140,1.781812
82627,-3.563623,1.781812
82628,-2.011910,1.320914
82629,-2.461033,1.955573
82630,-2.461033,1.955573
82631,-3.333174,1.320914
82632,-2.872277,1.781812
82633,-2.899457,1.449729
82634,-3.123202,0.900969
82635,-1.926590,-0.109562
82636,-3.563623,1.781812
82637,-3.694931,1.911146
82638,-3.824265,1.781812
82639,-2.696708,1.652478
82640,-2.337712,0.326239
82641,-3.692957,1.652478
82642,-1.713557,-0.535628
82643,-3.623490,1.246980
82644,-2.553446,0.149460
82645,-2.873202,0.400969
82646,-2.899457,1.449729
82647,-3.051264,1.365341
82648,-2.899457,1.449729
82649,-2.242359,1.781812
82650,-3.779838,1.826239
82651,-3.462508,1.191580
82652,-1.086885,-1.400969
82653,-0.107192,-1.977662
82654,-2.311457,-0.722521
82655,-2.110972,-1.123490
82656,-2.056191,-1.233052
82657,-3.215828,0.698220
82658,-3.822291,1.911146
82659,-3.484462,1.623490
82660,-2.176109,0.777479
82661,-3.335148,1.191580
82662,-3.656250,1.579063
82663,-3.365341,0.730682
82664,-3.652478,1.826239
82665,-2.711958,1.074730
82666,-3.826239,1.652478
82667,-3.158125,1.579063
82668,-2.859464,-0.147791
82669,-0.098933,1.030303
82670,-0.974766,1.579063
82671,-3.652478,1.826239
82672,-3.652478,1.826239
82673,-2.343556,-0.658322
82674,-1.789708,1.246980
82675,-2.228125,1.365341
82676,-2.259209,0.777479
82677,-2.336959,1.449729
82678,-1.926590,-0.109562
82679,-3.333174,1.320914
82680,-2.141244,1.191580
82681,-3.281713,1.826239
82682,-2.163198,1.623490
82683,-3.194833,1.652478
82684,-1.027479,-0.277479
82685,-3.232059,0.730682
82686,-3.194833,1.652478
82687,-2.670453,0.603718
82688,-2.163198,1.623490
82689,-2.181855,0.400969
82690,-1.849772,0.733052
82691,-3.281713,1.826239
82692,-2.038874,-1.400969
82693,-1.634892,-0.826239
82694,-3.333174,1.320914
82695,-1.574735,-0.425270
82696,-2.837543,1.579063
82697,-3.088468,0.698220
82698,-2.793116,1.623490
82699,-0.932879,0.054604
82700,0.166219,-1.000000
82701,-2.383160,1.191580
82702,-3.656250,1.579063
82703,-2.874250,1.652478
82704,-3.333174,1.320914
82705,-2.168944,1.246980
82706,-3.158125,1.579063
82707,-3.652478,1.826239
82708,-2.669008,0.988831
82709,-2.155959,-0.425270
82710,-3.824265,1.781812
82711,-1.275116,0.455573
82712,-3.123202,0.900969
82713,-1.492359,1.781812
82714,-3.652478,1.826239
82715,-1.280886,-1.400969
82716,-3.102206,1.246980
82717,-2.343556,-0.658322
82718,-3.333174,1.320914
82719,-2.706235,1.449729
82720,-2.015156,0.455573
82721,-3.152379,1.955573
82722,-3.650504,1.955573
82723,-3.246980,1.623490
82724,-1.349189,0.603718
82725,-2.899457,1.449729
82726,-3.658223,1.449729
82727,0.042115,1.191580
82728,-3.650504,1.955573
82729,-3.779838,1.826239
82730,-2.644197,-0.445042
82731,-3.623490,1.246980
82732,-3.911146,1.955573
82733,-3.074730,0.149460
82734,-2.144490,0.326239
82735,-0.637763,-0.535628
82736,-2.717704,0.698220
82737,-1.921819,-1.889800
82738,-3.194833,1.652478
82739,-3.427775,0.988831
82740,-2.144490,0.326239
82741,-2.149460,1.074730
82742,-2.541119,0.733052
82743,-1.933731,0.900969
82744,-1.229497,0.266948
82745,-2.872277,1.781812
82746,-2.700489,1.826239
82747,-1.836861,1.579063
82748,-1.070127,-0.826239
82749,-3.335148,1.191580
82750,-2.383160,1.191580
82751,-2.883745,1.030303
82752,-2.149460,1.074730
82753,-2.883745,1.030303
82754,-3.490208,1.246980
82755,-3.335148,1.191580
82756,-3.824265,1.781812
82757,-3.824265,1.781812
82758,-3.656250,1.579063
82759,-3.824265,1.781812
82760,-3.158125,1.579063
82761,-3.652478,1.826239
82762,-2.060606,1.030303
82763,-2.349870,0.603718
82764,-3.824265,1.781812
82765,-2.780575,0.603718
82766,-3.397582,1.449729
82767,-2.334986,1.579063
82768,-3.652478,1.826239
82769,-3.563623,1.781812
82770,-3.826239,1.652478
82771,-3.656250,1.579063
82772,-1.413419,-0.914101
82773,-0.241532,0.054604
82774,-3.623490,1.246980
82775,-2.885719,0.900969
82776,-2.899457,1.449729
82777,-3.658223,1.449729
82778,-3.866718,2.000000
82779,-1.977662,0.988831
82780,-2.337712,0.326239
82781,-3.824265,1.781812
82782,-2.563163,1.030303
82783,-3.462508,1.191580
82784,-2.938128,0.142820
82785,-3.434289,1.911146
82786,-3.623490,1.246980
82787,-3.051264,1.365341
82788,-3.911146,1.955573
82789,-3.434289,1.911146
82790,-2.837543,1.579063
82791,-3.152379,1.955573
82792,-2.336959,1.449729
82793,0.382628,-0.277479
82794,-2.367905,-0.134659
82795,-1.027479,-0.277479
82796,-1.072099,0.777479
82797,-2.964384,1.191580
82798,-3.167133,0.988831
82799,-3.694931,1.911146
82800,-2.141244,1.191580
82801,-2.669008,0.988831
82802,-0.434577,-0.109562
82803,-2.149460,1.074730
82804,-0.583781,0.500000
82805,-1.719513,1.246980
82806,-1.978621,0.733052
82807,-3.462508,1.191580
82808,-3.563623,1.781812
82809,-3.824265,1.781812
82810,-0.985218,0.603718
82811,-3.528889,1.579063
82812,-2.038874,-1.400969
82813,-0.709394,0.440071
82814,-3.650504,1.955573
82815,-3.826239,1.652478
82816,-2.941449,0.149460
82817,-3.563623,1.781812
82818,-2.874250,1.652478
82819,0.638373,0.698220
82820,-2.706235,1.449729
82821,-3.333174,1.320914
82822,-3.484462,1.623490
82823,-3.051264,1.365341
82824,-2.837543,1.579063
82825,-3.333174,1.320914
82826,-3.911146,1.955573
82827,-2.938128,0.142820
82828,-3.281713,1.826239
82829,-3.051264,1.365341
82830,-3.911146,1.955573
82831,-2.964384,1.191580
82832,-2.635719,0.400969
82833,-2.964384,1.191580
82834,-0.288960,0.149460
82835,-2.394628,0.440071
82836,-3.281713,1.826239
82837,-3.246980,1.623490
82838,-2.742943,1.911146
82839,-2.011910,1.320914
82840,-2.598822,-0.147791
82841,-3.779838,1.826239
82842,-3.824265,1.781812
82843,-2.696708,1.652478
82844,-3.326140,1.781812
82845,-1.926590,-0.109562
82846,-2.065597,-0.826239
82847,-1.926590,-0.109562
82848,-2.349870,0.603718
82849,-3.158125,1.579063
82850,-3.650504,1.955573
82851,-3.326140,1.781812
82852,-3.397582,1.449729
82853,-3.158125,1.579063
82854,-3.563623,1.781812
82855,-1.462714,0.222521
82856,-2.109756,0.123490
82857,-2.526723,-0.425270
82858,-1.683887,-1.977662
82859,-3.528889,1.579063
82860,-1.445133,0.698220
82861,-3.528889,1.579063
82862,-2.109756,0.123490
82863,-2.669008,0.988831
82864,-2.388932,-0.955573
82865,-1.978716,-1.000000
82866,-2.885719,0.900969
82867,-3.074730,0.149460
82868,-3.563623,1.781812
82869,-2.964384,1.191580
82870,-3.427775,0.988831
82871,-2.208111,1.449729
82872,-1.409351,-0.147791
82873,-3.779838,1.826239
82874,-1.845869,0.988831
82875,-2.870469,2.000000
82876,-2.670453,0.603718
82877,-3.484462,1.623490
82878,-2.899457,1.449729
82879,-3.326140,1.781812
82880,-1.550062,0.900969
82881,-2.141244,1.191580
82882,-1.420728,1.030303
82883,-2.371693,1.652478
82884,-2.302521,1.030303
82885,-3.326140,1.781812
82886,-3.955573,1.911146
82887,-3.484462,1.623490
82888,-3.911146,1.955573
82889,-3.167133,0.988831
82890,-3.095692,1.320914
82891,-3.955573,1.911146
82892,-3.779838,1.826239
82893,-3.281713,1.826239
82894,-3.694931,1.911146
82895,-2.440004,0.142820
82896,-3.397582,1.449729
82897,-3.694931,1.911146
82898,-3.326140,1.781812
82899,-3.563623,1.781812
82900,-3.866718,2.000000
82901,-3.167133,0.988831
82902,-3.434289,1.911146
82903,-2.870469,2.000000
82904,-2.302521,1.030303
82905,-1.928302,-1.488831
82906,-1.713557,-0.535628
82907,-2.872277,1.781812
82908,-1.637893,1.955573
82909,-1.594507,0.222521
82910,-2.941449,0.149460
82911,-2.883745,1.030303
82912,-3.911146,1.955573
82913,-3.333174,1.320914
82914,-2.810768,0.142820
82915,-3.563623,1.781812
82916,-2.349870,0.603718
82917,-2.899457,1.449729
82918,-3.304955,1.652478
82919,-1.314088,-0.074730
82920,-0.057971,0.603718
82921,-2.060606,1.030303
82922,-3.911146,1.955573
82923,-2.872277,1.781812
82924,-2.835050,1.320914
82925,-0.851453,-1.000000
82926,-2.644197,-0.445042
82927,-1.607199,0.123490
82928,-0.604474,-1.123490
82929,-0.712635,-0.074730
82930,-1.200484,0.900969
82931,-3.692957,1.652478
82932,-3.281713,1.826239
82933,-2.337712,0.326239
82934,-2.572099,-0.722521
82935,-2.366718,-1.000000
82936,-2.518736,1.074730
82937,-3.652478,1.826239
82938,-2.859464,-0.147791
82939,-3.326140,1.781812
82940,-2.367905,-0.134659
82941,-1.849772,0.733052
82942,-1.652210,-0.658322
82943,-1.118740,0.142820
82944,-3.563623,1.781812
82945,-2.870469,2.000000
82946,-3.095692,1.320914
82947,-2.051596,1.911146
82948,-2.563163,1.030303
82949,-2.576901,1.579063
82950,-2.149460,1.074730
82951,-2.576901,1.579063
82952,-1.550062,0.900969
82953,-2.641828,1.320914
82954,-2.541119,0.733052
82955,-3.397582,1.449729
82956,-3.692957,1.652478
82957,-3.065499,1.781812
82958,-3.427775,0.988831
82959,-3.650504,1.955573
82960,-2.892753,0.440071
82961,-3.623490,1.246980
82962,-1.420728,1.030303
82963,-1.643120,1.191580
82964,-1.419626,-1.123490
82965,-1.601453,0.500000
82966,-0.801938,0.400969
82967,-2.065597,-0.826239
82968,-3.152379,1.955573
82969,-2.641828,1.320914
82970,-3.232059,0.730682
82971,-2.872277,1.781812
82972,-2.669008,0.988831
82973,-2.899457,1.449729
82974,-2.892753,0.440071
82975,-3.563623,1.781812
82976,-2.964384,1.191580
82977,-3.232059,0.730682
82978,-2.208111,1.449729
82979,-2.742943,1.911146
82980,-3.095692,1.320914
82981,-3.779838,1.826239
82982,-3.153395,0.440071
82983,-2.141244,1.191580
82984,-1.643120,1.191580
82985,-1.394005,0.455573
82986,-2.899457,1.449729
82987,-2.540461,0.123490
82988,-1.695108,1.579063
82989,-2.576901,1.579063
82990,-3.397582,1.449729
82991,-3.824265,1.781812
82992,-3.911146,1.955573
82993,-2.837543,1.579063
82994,-3.153395,0.440071
82995,-0.967322,0.123490
82996,-1.643120,1.191580
82997,-0.722906,-0.365341
82998,-1.873490,-1.123490
82999,-1.462714,0.222521
83000,-2.717704,0.698220
83001,-3.427775,0.988831
83002,-3.158125,1.579063
83003,-3.822291,1.911146
83004,-3.095692,1.320914
83005,-2.711958,1.074730
83006,-3.246980,1.623490
83007,-3.822291,1.911146
83008,-3.335148,1.191580
83009,-2.872277,1.781812
83010,-3.563623,1.781812
83011,-2.730682,1.365341
83012,-2.116349,-1.634021
83013,-3.652478,1.826239
83014,-1.801938,0.900969
83015,-3.911146,1.955573
83016,-3.650504,1.955573
83017,-0.911146,0.455573
83018,-0.928928,-1.233052
83019,-2.493959,1.246980
83020,-2.835050,1.320914
83021,-3.152379,1.955573
83022,-3.650504,1.955573
83023,-2.336959,1.449729
83024,-3.478716,2.000000
83025,-3.484462,1.623490
83026,-3.826239,1.652478
83027,-2.316833,-1.233052
83028,-3.656250,1.579063
83029,-3.152379,1.955573
83030,-3.158125,1.579063
83031,-3.650504,1.955573
83032,-2.056191,-1.233052
83033,-3.095692,1.320914
83034,-3.397582,1.449729
83035,-3.333174,1.320914
83036,-0.186374,0.093187
83037,-1.492359,1.781812
83038,-1.811776,-1.721883
83039,-2.899457,1.449729
83040,-3.335148,1.191580
83041,-3.658223,1.449729
83042,-3.484462,1.623490
83043,-1.524320,-0.914101
83044,-3.326140,1.781812
83045,-3.490208,1.246980
83046,-3.824265,1.781812
83047,-3.563623,1.781812
83048,-1.396440,0.698220
83049,-3.826239,1.652478
83050,-3.650504,1.955573
83051,-2.711958,1.074730
83052,-2.730682,1.365341
83053,0.588389,0.099031
83054,-1.170753,0.149460
83055,-2.793116,1.623490
83056,0.196404,0.011169
83057,-2.526723,-0.425270
83058,0.159941,0.123490
83059,-1.185762,-1.977662
83060,-3.326140,1.781812
83061,-2.598822,-0.147791
83062,-3.095692,1.320914
83063,-3.246980,1.623490
83064,-1.593993,0.988831
83065,-0.688917,1.781812
83066,-3.268248,1.579063
83067,-1.445881,-0.074730
83068,-2.837543,1.579063
83069,-3.563623,1.781812
83070,-2.371693,1.652478
83071,-1.847313,0.603718
83072,-2.302521,1.030303
83073,-2.899457,1.449729
83074,-3.462508,1.191580
83075,-3.074730,0.149460
83076,-2.576901,1.579063
83077,-2.641828,1.320914
83078,-3.824265,1.781812
83079,-2.837543,1.579063
83080,-1.926590,-0.109562
83081,-2.316833,-1.233052
83082,-1.088404,-0.914101
83083,-0.156636,0.149460
83084,-1.461364,0.730682
83085,-3.427775,0.988831
83086,-2.261572,-0.955573
83087,-2.874250,1.652478
83088,-1.229497,0.266948
83089,-2.780575,0.603718
83090,-3.656250,1.579063
83091,-3.652478,1.826239
83092,-3.397582,1.449729
83093,-2.874250,1.652478
83094,-1.978621,0.733052
83095,-2.005777,-1.721883
83096,-3.051264,1.365341
83097,-3.484462,1.623490
83098,-3.397582,1.449729
83099,-1.775215,0.326239
83100,-2.100697,-0.147791
83101,-3.563623,1.781812
83102,-3.167133,0.988831
83103,-3.650504,1.955573
83104,-3.326140,1.781812
83105,-3.911146,1.955573
83106,-1.928302,-1.488831
83107,-1.864156,-0.367711
83108,-3.326140,1.781812
83109,-1.557314,-0.109562
83110,-0.880142,0.440071
83111,-2.136480,0.698220
83112,-3.866718,2.000000
83113,-3.779838,1.826239
83114,-0.729953,0.093187
83115,-3.563623,1.781812
83116,-3.528889,1.579063
83117,-2.706235,1.449729
83118,-2.526723,-0.425270
83119,-2.669008,0.988831
83120,-2.343556,-0.658322
83121,-1.394005,0.455573
83122,-3.281713,1.826239
83123,-0.039708,-1.123490
83124,-2.015156,0.455573
83125,-0.346845,-1.400969
83126,-2.383160,1.191580
83127,-3.911146,1.955573
83128,-2.826042,1.911146
83129,-2.892753,0.440071
83130,-2.440004,0.142820
83131,-1.254687,0.698220
83132,-0.521367,-0.277479
83133,-2.859464,-0.147791
83134,-3.652478,1.826239
83135,-3.304955,1.652478
83136,-2.885719,0.900969
83137,-1.762918,-1.211352
83138,-2.388932,-0.955573
83139,-2.133667,-1.466104
83140,-1.303596,-1.488831
83141,-2.518736,1.074730
83142,-2.576901,1.579063
83143,-3.484462,1.623490
83144,-2.938128,0.142820
83145,-0.880142,0.440071
83146,-2.466259,1.191580
83147,-2.526723,-0.425270
83148,-3.427775,0.988831
83149,-1.934194,0.777479
83150,-2.228125,1.365341
83151,-2.837543,1.579063
83152,-3.194833,1.652478
83153,-3.694931,1.911146
83154,-3.167133,0.988831
83155,-0.771367,0.222521
83156,-1.550062,0.900969
83157,-3.051264,1.365341
83158,-3.779838,1.826239
83159,-3.246980,1.623490
83160,-2.859464,-0.147791
83161,-3.123202,0.900969
83162,-3.123202,0.900969
83163,-3.478716,2.000000
83164,-3.246980,1.623490
83165,-3.652478,1.826239
83166,-2.430339,0.123490
83167,-3.335148,1.191580
83168,-3.397582,1.449729
83169,-2.242359,1.781812
83170,-2.242359,1.781812
83171,-3.652478,1.826239
83172,0.171965,-0.623490
83173,-3.215828,0.698220
83174,-2.717704,0.698220
83175,-1.762008,1.191580
83176,-3.326140,1.781812
83177,-2.810768,0.142820
83178,-3.335148,1.191580
83179,-2.700489,1.826239
83180,-1.594507,0.222521
83181,-3.656250,1.579063
83182,-3.563623,1.781812
83183,-2.844057,0.730682
83184,1.316644,-0.658322
83185,-2.605388,-0.134659
83186,-3.158125,1.579063
83187,-2.883745,1.030303
83188,-2.461033,1.955573
83189,-2.518736,1.074730
83190,-1.849772,0.733052
83191,-2.859464,-0.147791
83192,-3.324167,1.911146
83193,-0.974766,1.579063
83194,-1.855707,-1.634021
83195,-3.153395,0.440071
83196,-3.563623,1.781812
83197,-1.229497,0.266948
83198,-2.431855,0.900969
83199,-1.445133,0.698220
83200,-3.911146,1.955573
83201,-3.779838,1.826239
83202,-1.022292,-0.658322
83203,-2.670453,0.603718
83204,-3.692957,1.652478
83205,-3.694931,1.911146
83206,-2.208111,1.449729
83207,-3.955573,1.911146
83208,-1.713557,-0.535628
83209,-3.692957,1.652478
83210,-3.281713,1.826239
83211,-2.466259,1.191580
83212,-2.336959,1.449729
83213,-2.208111,1.449729
83214,-3.167133,0.988831
83215,-3.333174,1.320914
83216,-2.302521,1.030303
83217,-2.938128,0.142820
83218,-3.102206,1.246980
83219,-3.484462,1.623490
83220,-3.955573,1.911146
83221,-3.650504,1.955573
83222,-3.281713,1.826239
83223,-2.208111,1.449729
83224,-3.427775,0.988831
83225,-0.828209,-0.535628
83226,-2.598822,-0.147791
83227,-3.822291,1.911146
83228,-1.624178,-1.488831
83229,-1.652210,-0.658322
83230,-3.246980,1.623490
83231,-2.717704,0.698220
83232,-3.324167,1.911146
83233,-2.730682,1.365341
83234,-1.588247,1.365341
83235,-1.155045,-0.914101
83236,-3.397582,1.449729
83237,-2.993868,1.030303
83238,-3.824265,1.781812
83239,-3.434289,1.911146
83240,0.192876,1.781812
83241,-1.000000,0.500000
83242,-3.065499,1.781812
83243,-3.167133,0.988831
83244,-2.563163,1.030303
83245,-1.637893,1.955573
83246,-2.336959,1.449729
83247,-3.658223,1.449729
83248,-0.932879,0.054604
83249,-1.960449,1.826239
83250,-3.102206,1.246980
83251,-2.964384,1.191580
83252,-0.686069,-0.722521
83253,-2.430339,0.123490
83254,-3.650504,1.955573
83255,-2.385621,1.030303
83256,-2.208111,1.449729
83257,-2.149460,1.074730
83258,-1.760035,1.320914
83259,-3.656250,1.579063
83260,-3.158125,1.579063
83261,-3.822291,1.911146
83262,-2.883745,1.030303
83263,-0.700307,0.733052
83264,-2.430339,0.123490
83265,-3.824265,1.781812
83266,-2.641828,1.320914
83267,-3.652478,1.826239
83268,-3.824265,1.781812
83269,-3.656250,1.579063
83270,-1.906779,-0.535628
83271,1.061745,1.246980
83272,-2.885719,0.900969
83273,-2.885719,0.900969
83274,-3.397582,1.449729
83275,-2.641828,1.320914
83276,-2.837543,1.579063
83277,-3.528889,1.579063
83278,-3.123202,0.900969
83279,-3.658223,1.449729
83280,-3.152379,1.955573
83281,-3.281713,1.826239
83282,-3.434289,1.911146
83283,-2.109756,0.123490
83284,-2.337712,0.326239
83285,-1.727818,-1.889800
83286,-2.431855,0.900969
83287,-1.474108,-1.400969
83288,-2.141244,1.191580
83289,-3.824265,1.781812
83290,-2.337712,0.326239
83291,1.407007,1.652478
83292,-0.854474,-0.623490
83293,-1.965750,-1.801938
83294,-2.366718,-1.000000
83295,-2.367905,-0.134659
83296,-1.977662,0.988831
83297,-2.635719,0.400969
83298,-3.652478,1.826239
83299,-3.822291,1.911146
83300,-3.123202,0.900969
83301,0.102598,0.123490
83302,-3.563623,1.781812
83303,-1.423694,-1.889800
83304,-1.681370,1.030303
83305,-2.706235,1.449729
83306,-1.574735,-0.425270
83307,0.192876,1.781812
83308,-0.296416,-0.074730
83309,-3.824265,1.781812
83310,-2.163198,1.623490
83311,-2.605388,-0.134659
83312,-2.835050,1.320914
83313,-3.158125,1.579063
83314,-3.826239,1.652478
83315,-3.335148,1.191580
83316,-2.874250,1.652478
83317,-2.641828,1.320914
83318,-3.161387,1.365341
83319,-3.246980,1.623490
83320,-3.335148,1.191580
83321,-3.167133,0.988831
83322,-2.730682,1.365341
83323,-3.478716,2.000000
83324,-2.793116,1.623490
83325,-2.056191,-1.233052
83326,-0.039708,-1.123490
83327,-3.692957,1.652478
83328,-3.088468,0.698220
83329,-2.440004,0.142820
83330,-3.434289,1.911146
83331,-2.885719,0.900969
83332,-2.440004,0.142820
83333,-2.670453,0.603718
83334,-3.650504,1.955573
83335,-1.977662,0.988831
83336,-3.779838,1.826239
83337,-3.051264,1.365341
83338,-3.152379,1.955573
83339,-3.268248,1.579063
83340,-2.835050,1.320914
83341,-3.333174,1.320914
83342,-2.696708,1.652478
83343,-3.102206,1.246980
83344,-3.434289,1.911146
83345,-2.371693,1.652478
83346,-2.466259,1.191580
83347,-2.136480,0.698220
83348,-2.038874,-1.400969
83349,-3.911146,1.955573
83350,-2.696708,1.652478
83351,-3.779838,1.826239
83352,-1.236955,-1.488831
83353,-1.423694,-1.889800
83354,0.420441,-1.211352
83355,-0.065885,-0.147791
83356,-0.349031,0.400969
83357,-1.813332,-0.722521
83358,-1.717979,0.733052
83359,-2.899457,1.449729
83360,-3.397582,1.449729
83361,-2.302521,1.030303
83362,-2.993868,1.030303
83363,-3.065499,1.781812
83364,-3.427775,0.988831
83365,-2.553446,0.149460
83366,-3.563623,1.781812
83367,-3.434289,1.911146
83368,-2.837543,1.579063
83369,-2.598822,-0.147791
83370,-3.427775,0.988831
83371,-0.828197,0.988831
83372,-0.063347,0.093187
83373,-2.885719,0.900969
83374,-2.669008,0.988831
83375,-1.207436,0.603718
83376,-1.922262,1.652478
83377,-1.236955,-1.488831
83378,-1.462714,0.222521
83379,0.253099,0.326239
83380,-1.300576,-0.365341
83381,-1.643120,1.191580
83382,-3.692957,1.652478
83383,-2.892753,0.440071
83384,-0.734763,-0.722521
83385,-3.335148,1.191580
83386,-2.605388,-0.134659
83387,-3.824265,1.781812
83388,-0.445042,0.222521
83389,-3.652478,1.826239
83390,-3.161387,1.365341
83391,-1.811776,-1.721883
83392,-2.780575,0.603718
83393,-2.700489,1.826239
83394,-3.911146,1.955573
83395,-1.262697,0.326239
83396,-3.167133,0.988831
83397,-2.835050,1.320914
83398,-2.730682,1.365341
83399,-3.656250,1.579063
83400,-2.347897,0.733052
83401,-2.669008,0.988831
83402,-1.864156,-0.367711
83403,-1.442336,-1.211352
83404,-2.383160,1.191580
83405,-2.706235,1.449729
83406,-2.541119,0.733052
83407,-2.383160,1.191580
83408,-2.810768,0.142820
83409,-1.978621,0.733052
83410,-2.793116,1.623490
83411,-2.883745,1.030303
83412,-3.822291,1.911146
83413,-2.717704,0.698220
83414,-3.658223,1.449729
83415,-1.977662,0.988831
83416,-3.304955,1.652478
83417,-3.397582,1.449729
83418,-2.635719,0.400969
83419,-1.168783,-0.365341
83420,-0.399093,-1.400969
83421,-1.551584,-1.634021
83422,-3.051264,1.365341
83423,-3.694931,1.911146
83424,-3.088468,0.698220
83425,-3.397582,1.449729
83426,-1.072099,0.777479
83427,-3.304955,1.652478
83428,-2.337712,0.326239
83429,-3.824265,1.781812
83430,-3.824265,1.781812
83431,-2.334986,1.579063
83432,-2.826042,1.911146
83433,-0.146901,-0.134659
83434,-0.383765,0.603718
83435,-0.916907,-0.365341
83436,-0.434577,-0.109562
83437,-2.136480,0.698220
83438,-3.281713,1.826239
83439,-3.955573,1.911146
83440,-3.694931,1.911146
83441,-0.669220,1.781812
83442,-0.250000,-1.000000
83443,0.080769,0.326239
83444,-2.700489,1.826239
83445,-1.039051,0.266948
83446,-0.911611,-1.400969
83447,-1.330319,-0.914101
83448,-2.576901,1.579063
83449,-3.167133,0.988831
83450,-1.845869,0.988831
83451,-2.316833,-1.233052
83452,-0.437586,-0.445042
83453,-3.102206,1.246980
83454,-3.658223,1.449729
83455,-2.696708,1.652478
83456,-2.938128,0.142820
83457,-3.528889,1.579063
83458,-3.167133,0.988831
83459,-1.977662,0.988831
83460,-1.170844,-1.233052
83461,-2.526723,-0.425270
83462,-3.692957,1.652478
83463,-1.051938,0.900969
83464,-2.899457,1.449729
83465,-3.281713,1.826239
83466,-2.235810,0.730682
83467,-3.692957,1.652478
83468,-2.899457,1.449729
83469,-0.061373,0.222521
83470,-0.186388,-1.721883
83471,-0.728444,-1.634021
83472,-2.110972,-1.123490
83473,-1.794458,-1.889800
83474,-3.051264,1.365341
83475,-2.440004,0.142820
83476,-2.964384,1.191580
83477,-3.692957,1.652478
83478,-3.333174,1.320914
83479,-3.779838,1.826239
83480,-1.394005,0.455573
83481,-2.526723,-0.425270
83482,-3.088468,0.698220
83483,-2.343556,-0.658322
83484,-2.553446,0.149460
83485,-3.167133,0.988831
83486,-3.051264,1.365341
83487,-2.461033,1.955573
83488,-3.692957,1.652478
83489,-2.181855,0.400969
83490,-3.088468,0.698220
83491,-2.563163,1.030303
83492,-3.194833,1.652478
83493,-3.779838,1.826239
83494,-3.102206,1.246980
83495,-3.694931,1.911146
83496,-2.793116,1.623490
83497,1.061745,1.246980
83498,-3.911146,1.955573
83499,-3.065499,1.781812
83500,-2.793116,1.623490
83501,-2.163198,1.623490
83502,-1.824442,1.449729
83503,-2.015156,0.455573
83504,-1.375695,-1.211352
83505,-3.822291,1.911146
83506,-2.572099,-0.722521
83507,-1.309583,-0.955573
83508,0.632862,-0.162592
83509,-2.700489,1.826239
83510,-0.490512,-1.721883
83511,-0.084999,-0.109562
83512,-3.434289,1.911146
83513,-2.641828,1.320914
83514,-1.551012,1.781812
83515,-3.779838,1.826239
83516,-3.333174,1.320914
83517,-3.194833,1.652478
83518,-1.244415,0.988831
83519,-3.333174,1.320914
83520,-3.779838,1.826239
83521,-3.528889,1.579063
83522,-2.100697,-0.147791
83523,-2.056191,-1.233052
83524,-2.859464,-0.147791
83525,-2.885719,0.900969
83526,-2.261572,-0.955573
83527,-3.397582,1.449729
83528,-0.368582,0.440071
83529,-2.874250,1.652478
83530,-2.885719,0.900969
83531,-2.110972,-1.123490
83532,-1.210838,0.222521
83533,-3.824265,1.781812
83534,-3.484462,1.623490
83535,-3.434289,1.911146
83536,-0.091484,0.149460
83537,-1.717979,0.733052
83538,-2.374152,1.781812
83539,-2.670453,0.603718
83540,-3.955573,1.911146
83541,-3.692957,1.652478
83542,-3.281713,1.826239
83543,-3.824265,1.781812
83544,-1.507653,-1.721883
83545,-3.427775,0.988831
83546,-2.385621,1.030303
83547,-3.822291,1.911146
83548,-3.427775,0.988831
83549,-2.844057,0.730682
83550,-0.735570,1.191580
83551,-3.652478,1.826239
83552,-3.826239,1.652478
83553,-2.641828,1.320914
83554,-3.656250,1.579063
83555,-3.490208,1.246980
83556,-3.478716,2.000000
83557,-3.123202,0.900969
83558,-2.518736,1.074730
83559,-2.060606,1.030303
83560,-2.793116,1.623490
83561,-2.874250,1.652478
83562,-0.538874,0.099031
83563,-4.000000,2.000000
83564,-3.652478,1.826239
83565,-1.801938,0.900969
83566,-2.060606,1.030303
83567,-1.733246,0.500000
83568,-3.335148,1.191580
83569,-3.158125,1.579063
83570,-1.978621,0.733052
83571,-3.153395,0.440071
83572,-3.123202,0.900969
83573,-2.635719,0.400969
83574,-2.810768,0.142820
83575,-3.826239,1.652478
83576,-0.371614,-0.623490
83577,-0.346845,-1.400969
83578,-3.246980,1.623490
83579,-3.335148,1.191580
83580,-3.650504,1.955573
83581,-2.541119,0.733052
83582,-3.304955,1.652478
83583,-3.824265,1.781812
83584,-3.335148,1.191580
83585,-3.650504,1.955573
83586,-3.324167,1.911146
83587,-3.563623,1.781812
83588,-3.158125,1.579063
83589,-3.158125,1.579063
83590,-3.656250,1.579063
83591,-2.835050,1.320914
83592,-2.730682,1.365341
83593,-1.965750,-1.801938
83594,-3.304955,1.652478
83595,-2.337712,0.326239
83596,-1.921819,-1.889800
83597,-1.409351,-0.147791
83598,-3.102206,1.246980
83599,-2.859464,-0.147791
83600,-2.440004,0.142820
83601,-2.109756,0.123490
83602,-2.563163,1.030303
83603,-1.965750,-1.801938
83604,-3.652478,1.826239
83605,-3.824265,1.781812
83606,-3.650504,1.955573
83607,-3.652478,1.826239
83608,-2.711958,1.074730
83609,-2.374152,1.781812
83610,-1.357582,-1.634021
83611,-1.878417,-1.721883
83612,-1.690819,-1.488831
83613,-2.730682,1.365341
83614,-3.153395,0.440071
83615,-1.928302,-1.488831
83616,-2.119812,-0.109562
83617,-3.528889,1.579063
83618,-2.993868,1.030303
83619,-1.070127,-0.826239
83620,0.238315,-0.033258
83621,-1.279149,1.191580
83622,-2.155959,-0.425270
83623,-1.928302,-1.488831
83624,-3.065499,1.781812
83625,-3.095692,1.320914
83626,-3.335148,1.191580
83627,-1.878417,-1.721883
83628,-1.965750,-1.801938
83629,-1.717979,0.733052
83630,-1.733246,0.500000
83631,-1.681370,1.030303
83632,-3.095692,1.320914
83633,-0.609756,1.623490
83634,-2.563163,1.030303
83635,-2.870469,2.000000
83636,-1.026723,1.074730
83637,-2.410859,1.246980
83638,-2.526723,-0.425270
83639,-1.690819,-1.488831
83640,-1.624178,-1.488831
83641,-3.123202,0.900969
83642,-2.711958,1.074730
83643,-1.824442,1.449729
83644,0.231673,-0.134659
83645,-3.167133,0.988831
83646,-3.335148,1.191580
83647,-3.123202,0.900969
83648,-1.179763,1.911146
83649,-1.836861,1.579063
83650,-2.669008,0.988831
83651,-2.641828,1.320914
83652,-3.158125,1.579063
83653,-2.883745,1.030303
83654,-0.609756,1.623490
83655,-3.065499,1.781812
83656,-2.885719,0.900969
83657,-3.304955,1.652478
83658,-3.563623,1.781812
83659,-3.490208,1.246980
83660,-3.427775,0.988831
83661,-1.717542,-0.914101
83662,-1.574293,-1.721883
83663,-2.598822,-0.147791
83664,-2.461033,1.955573
83665,-2.826042,1.911146
83666,-2.810768,0.142820
83667,-1.833963,0.093187
83668,-1.588247,1.365341
83669,-1.833963,0.093187
83670,-1.933731,0.900969
83671,-1.988459,-1.889800
83672,-3.365341,0.730682
83673,-3.652478,1.826239
83674,-3.158125,1.579063
83675,-3.658223,1.449729
83676,-3.824265,1.781812
83677,-3.335148,1.191580
83678,-3.826239,1.652478
83679,-3.324167,1.911146
83680,-3.652478,1.826239
83681,-2.385621,1.030303
83682,-2.899457,1.449729
83683,-2.706235,1.449729
83684,-2.859464,-0.147791
83685,0.001504,0.400969
83686,-2.155959,-0.425270
83687,-2.859464,-0.147791
83688,-1.878417,-1.721883
83689,-0.700386,1.030303
83690,-3.822291,1.911146
83691,-2.461033,1.955573
83692,-3.652478,1.826239
83693,-2.060606,1.030303
83694,-2.366718,-1.000000
83695,-3.365341,0.730682
83696,-2.256195,-0.445042
83697,-1.170844,-1.233052
83698,-2.367905,-0.134659
83699,-1.683887,-1.977662
83700,-1.370469,-1.000000
83701,-1.734301,-1.488831
83702,-1.086885,-1.400969
83703,-2.540461,0.123490
83704,-3.123202,0.900969
83705,-1.212812,0.093187
83706,-1.132335,-0.826239
83707,-2.700489,1.826239
83708,-3.563623,1.781812
83709,0.304958,0.222521
83710,-1.977662,0.988831
83711,-2.334986,1.579063
83712,-3.324167,1.911146
83713,-3.484462,1.623490
83714,-2.730682,1.365341
83715,-3.335148,1.191580
83716,-2.598822,-0.147791
83717,-2.572099,-0.722521
83718,-3.397582,1.449729
83719,-3.822291,1.911146
83720,-2.367905,-0.134659
83721,-3.246980,1.623490
83722,-2.116349,-1.634021
83723,-3.095692,1.320914
83724,-3.658223,1.449729
83725,-1.229693,-1.889800
83726,-1.988459,-1.889800
83727,-1.648630,-0.277479
83728,-3.955573,1.911146
83729,-2.051596,1.911146
83730,-3.623490,1.246980
83731,-3.397582,1.449729
83732,-3.167133,0.988831
83733,-1.928302,-1.488831
83734,-2.540461,0.123490
83735,-3.623490,1.246980
83736,-2.669008,0.988831
83737,-3.427775,0.988831
83738,-3.462508,1.191580
83739,-1.507653,-1.721883
83740,-2.272552,1.320914
83741,-1.960449,1.826239
83742,-3.326140,1.781812
83743,-2.431855,0.900969
83744,-1.643120,1.191580
83745,-3.563623,1.781812
83746,-2.837543,1.579063
83747,-2.670453,0.603718
83748,-2.540461,0.123490
83749,-2.892753,0.440071
83750,-1.855707,-1.634021
83751,-0.146901,-0.134659
83752,-1.207436,0.603718
83753,-3.652478,1.826239
83754,-3.065499,1.781812
83755,-3.215828,0.698220
83756,-2.144490,0.326239
83757,-2.208111,1.449729
83758,-1.423694,-1.889800
83759,-3.824265,1.781812
83760,-3.158125,1.579063
83761,-3.333174,1.320914
83762,-3.335148,1.191580
83763,-2.706235,1.449729
83764,-2.256195,-0.445042
83765,-2.605388,-0.134659
83766,-3.152379,1.955573
83767,-3.650504,1.955573
83768,-3.397582,1.449729
83769,-3.826239,1.652478
83770,-3.652478,1.826239
83771,-3.824265,1.781812
83772,-2.181855,0.400969
83773,-2.493959,1.246980
83774,-3.158125,1.579063
83775,-3.326140,1.781812
83776,-1.926590,-0.109562
83777,-2.011169,-1.977662
83778,-0.911611,-1.400969
83779,-0.538346,-1.889800
83780,-1.661706,-1.634021
83781,-1.624178,-1.488831
83782,-1.551938,0.400969
83783,-2.598822,-0.147791
83784,-3.268248,1.579063
83785,-3.694931,1.911146
83786,-3.528889,1.579063
83787,-3.866718,2.000000
83788,-2.696708,1.652478
83789,1.752343,0.698220
83790,-1.574293,-1.721883
83791,-3.563623,1.781812
83792,-3.095692,1.320914
83793,-3.652478,1.826239
83794,-2.336959,1.449729
83795,-1.397882,0.603718
83796,-1.314088,-0.074730
83797,-0.600619,0.222521
83798,-1.214222,1.449729
83799,-3.955573,1.911146
83800,-3.650504,1.955573
83801,-3.462508,1.191580
83802,-2.302521,1.030303
83803,-2.837543,1.579063
83804,-2.835050,1.320914
83805,-3.563623,1.781812
83806,-3.911146,1.955573
83807,-2.793116,1.623490
83808,-3.658223,1.449729
83809,-3.779838,1.826239
83810,-2.371693,1.652478
83811,0.775361,1.191580
83812,-2.576901,1.579063
83813,-1.717542,-0.914101
83814,-1.574293,-1.721883
83815,-2.256195,-0.445042
83816,-2.826042,1.911146
83817,-3.478716,2.000000
83818,-2.337712,0.326239
83819,-1.524320,-0.914101
83820,-3.652478,1.826239
83821,-3.304955,1.652478
83822,-2.343556,-0.658322
83823,-3.158125,1.579063
83824,-1.858780,0.142820
83825,-3.065499,1.781812
83826,-3.397582,1.449729
83827,-2.144490,0.326239
83828,-3.335148,1.191580
83829,-1.032469,0.698220
83830,-3.153395,0.440071
83831,-2.859464,-0.147791
83832,-3.123202,0.900969
83833,-3.335148,1.191580
83834,-2.717704,0.698220
83835,-3.158125,1.579063
83836,-2.706235,1.449729
83837,-1.762008,1.191580
83838,-3.824265,1.781812
83839,-2.430339,0.123490
83840,-2.717704,0.698220
83841,-1.396440,0.698220
83842,-3.824265,1.781812
83843,-3.824265,1.781812
83844,-3.158125,1.579063
83845,-3.822291,1.911146
83846,-3.397582,1.449729
83847,-2.163198,1.623490
83848,-3.650504,1.955573
83849,-2.343556,-0.658322
83850,-1.601453,0.500000
83851,-3.335148,1.191580
83852,-3.152379,1.955573
83853,-2.336959,1.449729
83854,-4.000000,2.000000
83855,-3.822291,1.911146
83856,-3.152379,1.955573
83857,-2.430339,0.123490
83858,-2.374152,1.781812
83859,-2.700489,1.826239
83860,-3.484462,1.623490
83861,-1.636943,1.074730
83862,-2.294861,-0.367711
83863,-1.634892,-0.826239
83864,-3.658223,1.449729
83865,-2.576901,1.579063
83866,-1.934194,0.777479
83867,-3.434289,1.911146
83868,-2.563163,1.030303
83869,-1.044797,-0.109562
83870,-2.644197,-0.445042
83871,-2.641828,1.320914
83872,-3.462508,1.191580
83873,-2.837543,1.579063
83874,-3.658223,1.449729
83875,-0.867905,1.365341
83876,-1.123325,0.054604
83877,-3.692957,1.652478
83878,-3.051264,1.365341
83879,-3.911146,1.955573
83880,-0.197601,-0.033258
83881,-1.890808,-0.955573
83882,-1.231001,-1.634021
83883,1.279663,1.074730
83884,-2.336959,1.449729
83885,-1.466104,0.733052
83886,0.426559,-0.365341
83887,-3.528889,1.579063
83888,-3.563623,1.781812
83889,-1.132335,-0.826239
83890,-2.106074,-0.658322
83891,-0.669220,1.781812
83892,-3.304955,1.652478
83893,-2.383160,1.191580
83894,-3.065499,1.781812
83895,-2.385621,1.030303
83896,-2.780575,0.603718
83897,-3.158125,1.579063
83898,-2.208111,1.449729
83899,-3.656250,1.579063
83900,-3.365341,0.730682
83901,-3.427775,0.988831
83902,-0.729953,0.093187
83903,-2.184738,-0.367711
83904,-1.592048,0.093187
83905,-2.696708,1.652478
83906,-0.563340,0.698220
83907,-3.167133,0.988831
83908,-3.528889,1.579063
83909,-2.261572,-0.955573
83910,-1.492359,1.781812
83911,-2.256195,-0.445042
83912,-1.794458,-1.889800
83913,-1.727818,-1.889800
83914,-3.563623,1.781812
83915,-3.656250,1.579063
83916,-3.563623,1.781812
83917,-2.883745,1.030303
83918,-3.658223,1.449729
83919,-3.123202,0.900969
83920,-1.323809,0.455573
83921,-3.326140,1.781812
83922,-2.461033,1.955573
83923,-2.011910,1.320914
83924,-1.824442,1.449729
83925,-3.563623,1.781812
83926,-1.695108,1.579063
83927,-0.229775,0.011169
83928,-1.849772,0.733052
83929,-3.462508,1.191580
83930,-3.102206,1.246980
83931,-0.756100,1.955573
83932,-3.102206,1.246980
83933,-1.934194,0.777479
83934,-2.116349,-1.634021
83935,-0.854474,-0.623490
83936,-3.095692,1.320914
83937,-3.650504,1.955573
83938,-1.607199,0.123490
83939,-3.563623,1.781812
83940,-3.652478,1.826239
83941,-3.397582,1.449729
83942,-2.272552,1.320914
83943,-2.844057,0.730682
83944,-2.383160,1.191580
83945,-1.475625,-0.623490
83946,-3.246980,1.623490
83947,-3.652478,1.826239
83948,-3.563623,1.781812
83949,-1.551012,1.781812
83950,-2.669008,0.988831
83951,-3.158125,1.579063
83952,-3.652478,1.826239
83953,-3.304955,1.652478
83954,-3.427775,0.988831
83955,-3.167133,0.988831
83956,-3.161387,1.365341
83957,-3.123202,0.900969
83958,-3.911146,1.955573
83959,-3.658223,1.449729
83960,-0.544620,-0.277479
83961,-2.144490,0.326239
83962,-3.065499,1.781812
83963,-2.654083,-0.425270
83964,-3.161387,1.365341
83965,-3.824265,1.781812
83966,-1.977662,0.988831
83967,-1.461364,0.730682
83968,-3.152379,1.955573
83969,-3.826239,1.652478
83970,-3.427775,0.988831
83971,-2.730682,1.365341
83972,-2.176109,0.777479
83973,-3.911146,1.955573
83974,-3.095692,1.320914
83975,-2.349870,0.603718
83976,-3.658223,1.449729
83977,-1.914041,-0.134659
83978,-3.652478,1.826239
83979,-2.873202,0.400969
83980,-3.478716,2.000000
83981,-4.000000,2.000000
83982,-3.397582,1.449729
83983,-2.641828,1.320914
83984,-2.883745,1.030303
83985,-3.656250,1.579063
83986,-1.988459,-1.889800
83987,-0.195054,-1.801938
83988,-2.576901,1.579063
83989,-3.955573,1.911146
83990,-3.102206,1.246980
83991,-0.201525,0.123490
83992,-0.176865,-0.074730
83993,-2.272552,1.320914
83994,-3.335148,1.191580
83995,-1.601453,0.500000
83996,-1.877888,-1.977662
83997,-2.605388,-0.134659
83998,-2.336959,1.449729
83999,-3.194833,1.652478
84000,-3.232059,0.730682
84001,-3.955573,1.911146
84002,-2.163198,1.623490
84003,-3.095692,1.320914
84004,-2.440004,0.142820
84005,-3.095692,1.320914
84006,-1.855707,-1.634021
84007,-2.941449,0.149460
84008,-3.822291,1.911146
84009,-3.563623,1.781812
84010,-3.333174,1.320914
84011,-0.476251,-0.367711
84012,-1.474108,-1.400969
84013,-2.518736,1.074730
84014,-3.779838,1.826239
84015,-3.650504,1.955573
84016,-3.911146,1.955573
84017,-3.102206,1.246980
84018,-3.427775,0.988831
84019,-1.044797,-0.109562
84020,-3.167133,0.988831
84021,-2.837543,1.579063
84022,-0.966034,-0.162592
84023,-1.169803,1.911146
84024,0.669968,0.266948
84025,-2.343556,-0.658322
84026,-2.598822,-0.147791
84027,-0.159449,-0.109562
84028,-1.022292,-0.658322
84029,-1.420728,1.030303
84030,-1.132335,-0.826239
84031,-1.668109,-1.400969
84032,-1.762918,-1.211352
84033,-1.695108,1.579063
84034,-3.167133,0.988831
84035,-2.598822,-0.147791
84036,-3.153395,0.440071
84037,-3.397582,1.449729
84038,-1.890808,-0.955573
84039,-1.978716,-1.000000
84040,-1.713557,-0.535628
84041,-2.367905,-0.134659
84042,-0.728444,-1.634021
84043,-3.095692,1.320914
84044,-1.824442,1.449729
84045,-3.335148,1.191580
84046,-3.911146,1.955573
84047,-3.911146,1.955573
84048,-2.717704,0.698220
84049,-3.911146,1.955573
84050,-3.153395,0.440071
84051,-3.658223,1.449729
84052,-3.563623,1.781812
84053,-2.872277,1.781812
84054,-0.834695,-0.425270
84055,-2.873202,0.400969
84056,-1.413419,-0.914101
84057,-0.145365,0.011169
84058,-1.344281,-0.535628
84059,-2.100697,-0.147791
84060,-3.152379,1.955573
84061,-3.326140,1.781812
84062,-3.434289,1.911146
84063,-2.793116,1.623490
84064,-1.717542,-0.914101
84065,-1.833963,0.093187
84066,-2.885719,0.900969
84067,-3.652478,1.826239
84068,-1.760035,1.320914
84069,-1.127350,1.826239
84070,-2.242359,1.781812
84071,0.080769,0.326239
84072,0.454332,0.698220
84073,-2.011910,1.320914
84074,-2.873202,0.400969
84075,-2.371693,1.652478
84076,-3.779838,1.826239
84077,-3.326140,1.781812
84078,-3.051264,1.365341
84079,-3.051264,1.365341
84080,-3.484462,1.623490
84081,-2.136480,0.698220
84082,-2.670453,0.603718
84083,-3.102206,1.246980
84084,-3.911146,1.955573
84085,-2.964384,1.191580
84086,-2.706235,1.449729
84087,-3.434289,1.911146
84088,-3.051264,1.365341
84089,-2.563163,1.030303
84090,-2.518736,1.074730
84091,-2.872277,1.781812
84092,-1.681370,1.030303
84093,-3.692957,1.652478
84094,-3.281713,1.826239
84095,-0.493902,-1.211352
84096,-2.873202,0.400969
84097,-3.397582,1.449729
84098,-3.484462,1.623490
84099,-2.941449,0.149460
84100,-3.158125,1.579063
84101,-0.140335,-0.147791
84102,-1.890808,-0.955573
84103,-1.306849,1.246980
84104,-3.824265,1.781812
84105,-2.294861,-0.367711
84106,-2.493959,1.246980
84107,-2.385621,1.030303
84108,-4.000000,2.000000
84109,-3.326140,1.781812
84110,-2.844057,0.730682
84111,-3.650504,1.955573
84112,-2.941449,0.149460
84113,-2.038874,-1.400969
84114,-1.185762,-1.977662
84115,-1.988459,-1.889800
84116,-1.507653,-1.721883
84117,-2.872277,1.781812
84118,-3.102206,1.246980
84119,-2.181855,0.400969
84120,-3.528889,1.579063
84121,-2.711958,1.074730
84122,-3.051264,1.365341
84123,-1.960449,1.826239
84124,-2.899457,1.449729
84125,2.400969,-1.801938
84126,-2.316833,-1.233052
84127,-1.445881,-0.074730
84128,-3.158125,1.579063
84129,-3.304955,1.652478
84130,-3.478716,2.000000
84131,-0.810020,1.191580
84132,-3.652478,1.826239
84133,-2.780575,0.603718
84134,0.179425,-0.134659
84135,-0.336881,-0.826239
84136,-2.885719,0.900969
84137,-1.574735,-0.425270
84138,-2.964384,1.191580
84139,-2.011910,1.320914
84140,-2.302521,1.030303
84141,-2.644197,-0.445042
84142,-3.167133,0.988831
84143,-2.670453,0.603718
84144,-3.333174,1.320914
84145,-3.088468,0.698220
84146,-1.855707,-1.634021
84147,-2.181855,0.400969
84148,-2.859464,-0.147791
84149,-3.462508,1.191580
84150,-2.038874,-1.400969
84151,-1.039051,0.266948
84152,-1.648630,-0.277479
84153,-0.576416,-0.658322
84154,-3.158125,1.579063
84155,-2.334986,1.579063
84156,-2.294861,-0.367711
84157,-0.285935,0.123490
84158,-1.955475,-0.826239
84159,-2.098256,0.455573
84160,-2.098256,0.455573
84161,-2.349870,0.603718
84162,-1.906779,-0.535628
84163,-1.127350,1.826239
84164,-1.588247,1.365341
84165,-2.899457,1.449729
84166,-1.309583,-0.955573
84167,-1.717542,-0.914101
84168,-1.717979,0.733052
84169,-2.060606,1.030303
84170,-2.654083,-0.425270
84171,-3.824265,1.781812
84172,-3.911146,1.955573
84173,-3.650504,1.955573
84174,-1.977662,0.988831
84175,-2.899457,1.449729
84176,-3.652478,1.826239
84177,-2.826042,1.911146
84178,-3.911146,1.955573
84179,-2.810768,0.142820
84180,-3.324167,1.911146
84181,-2.635719,0.400969
84182,-2.261572,-0.955573
84183,-3.065499,1.781812
84184,-3.652478,1.826239
84185,-3.652478,1.826239
84186,-3.652478,1.826239
84187,-1.179763,1.911146
84188,-2.056191,-1.233052
84189,-2.272552,1.320914
84190,-2.844057,0.730682
84191,-3.158125,1.579063
84192,-2.793116,1.623490
84193,-2.859464,-0.147791
84194,-1.396440,0.698220
84195,-0.709622,0.099031
84196,-1.309583,-0.955573
84197,-3.304955,1.652478
84198,-2.872277,1.781812
84199,-3.158125,1.579063
84200,-0.534124,-0.134659
84201,-2.166234,-1.400969
84202,-3.304955,1.652478
84203,-2.669008,0.988831
84204,-2.181855,0.400969
84205,-3.824265,1.781812
84206,-0.260824,0.093187
84207,-1.442336,-1.211352
84208,-3.065499,1.781812
84209,-3.333174,1.320914
84210,-2.706235,1.449729
84211,-3.822291,1.911146
84212,-3.158125,1.579063
84213,-3.095692,1.320914
84214,-3.158125,1.579063
84215,-3.167133,0.988831
84216,-1.492359,1.781812
84217,-0.834695,-0.425270
84218,-3.215828,0.698220
84219,-3.304955,1.652478
84220,-2.730682,1.365341
84221,-1.731816,1.652478
84222,-2.899457,1.449729
84223,-3.158125,1.579063
84224,-3.397582,1.449729
84225,-2.272552,1.320914
84226,-3.490208,1.246980
84227,-1.713557,-0.535628
84228,-0.438255,-0.623490
84229,-2.700489,1.826239
84230,-2.730682,1.365341
84231,-3.563623,1.781812
84232,-1.762008,1.191580
84233,-2.938128,0.142820
84234,-1.978621,0.733052
84235,-2.892753,0.440071
84236,-3.484462,1.623490
84237,-2.641828,1.320914
84238,-1.557314,-0.109562
84239,-1.280886,-1.400969
84240,-3.158125,1.579063
84241,-3.326140,1.781812
84242,-2.844057,0.730682
84243,-3.335148,1.191580
84244,-1.396440,0.698220
84245,-1.945199,0.149460
84246,-3.427775,0.988831
84247,-3.304955,1.652478
84248,-3.656250,1.579063
84249,-1.607199,0.123490
84250,-1.878417,-1.721883
84251,-1.551584,-1.634021
84252,-2.242359,1.781812
84253,-3.822291,1.911146
84254,-3.158125,1.579063
84255,-3.658223,1.449729
84256,-3.658223,1.449729
84257,-3.397582,1.449729
84258,-3.563623,1.781812
84259,-2.874250,1.652478
84260,-2.430339,0.123490
84261,-0.186374,0.093187
84262,-2.493959,1.246980
84263,-3.822291,1.911146
84264,-2.892753,0.440071
84265,-3.656250,1.579063
84266,-1.445881,-0.074730
84267,-2.730682,1.365341
84268,-0.490512,-1.721883
84269,-0.190819,0.011169
84270,-3.102206,1.246980
84271,-2.410859,1.246980
84272,-3.326140,1.781812
84273,0.042115,1.191580
84274,-1.261910,1.320914
84275,-1.574735,-0.425270
84276,-3.167133,0.988831
84277,-3.563623,1.781812
84278,-2.106074,-0.658322
84279,-2.541119,0.733052
84280,-2.899457,1.449729
84281,-3.528889,1.579063
84282,-3.911146,1.955573
84283,-3.484462,1.623490
84284,-3.333174,1.320914
84285,-3.528889,1.579063
84286,-3.911146,1.955573
84287,-3.692957,1.652478
84288,-3.326140,1.781812
84289,-3.563623,1.781812
84290,-0.831764,-0.535628
84291,-2.367905,-0.134659
84292,0.546495,0.777479
84293,-3.822291,1.911146
84294,-3.123202,0.900969
84295,-1.409351,-0.147791
84296,-2.810768,0.142820
84297,-2.347897,0.733052
84298,-4.000000,2.000000
84299,-3.158125,1.579063
84300,-2.272552,1.320914
84301,-3.563623,1.781812
84302,-2.873202,0.400969
84303,-2.899457,1.449729
84304,-1.550062,0.900969
84305,-2.133667,-1.466104
84306,-3.281713,1.826239
84307,-3.281713,1.826239
84308,-3.268248,1.579063
84309,-3.232059,0.730682
84310,-2.899457,1.449729
84311,-3.246980,1.623490
84312,-3.051264,1.365341
84313,-3.528889,1.579063
84314,-3.692957,1.652478
84315,-3.866718,2.000000
84316,-3.692957,1.652478
84317,0.087252,-0.074730
84318,-2.730682,1.365341
84319,-1.231001,-1.634021
84320,-3.246980,1.623490
84321,-2.015156,0.455573
84322,-2.311457,-0.722521
84323,-1.771749,-1.801938
84324,0.144005,-0.955573
84325,-2.883745,1.030303
84326,-2.572099,-0.722521
84327,-2.844057,0.730682
84328,-3.658223,1.449729
84329,-3.095692,1.320914
84330,-3.656250,1.579063
84331,-3.123202,0.900969
84332,-1.944528,-1.977662
84333,-2.859464,-0.147791
84334,-3.102206,1.246980
84335,-0.246980,0.123490
84336,-1.926590,-0.109562
84337,-3.650504,1.955573
84338,-2.349870,0.603718
84339,-2.096023,2.000000
84340,-2.430339,0.123490
84341,-4.000000,2.000000
84342,-2.717704,0.698220
84343,-2.899457,1.449729
84344,-2.272552,1.320914
84345,-3.158125,1.579063
84346,-2.116349,-1.634021
84347,-1.717542,-0.914101
84348,-2.641828,1.320914
84349,-1.121986,-0.722521
84350,-3.281713,1.826239
84351,-2.011910,1.320914
84352,-3.434289,1.911146
84353,-3.333174,1.320914
84354,-3.692957,1.652478
84355,-3.911146,1.955573
84356,-3.694931,1.911146
84357,-3.194833,1.652478
84358,-3.528889,1.579063
84359,-2.461033,1.955573
84360,-3.824265,1.781812
84361,-3.051264,1.365341
84362,-3.281713,1.826239
84363,-1.120429,-1.721883
84364,-2.576901,1.579063
84365,-2.835050,1.320914
84366,-2.706235,1.449729
84367,-2.518736,1.074730
84368,-3.955573,1.911146
84369,-3.123202,0.900969
84370,-3.692957,1.652478
84371,-2.228125,1.365341
84372,-2.837543,1.579063
84373,-1.643120,1.191580
84374,-3.268248,1.579063
84375,-0.787833,-0.623490
84376,-0.371614,-0.623490
84377,-3.779838,1.826239
84378,-3.462508,1.191580
84379,-3.694931,1.911146
84380,-1.558725,-0.623490
84381,-3.911146,1.955573
84382,-3.692957,1.652478
84383,-2.051596,1.911146
84384,-3.650504,1.955573
84385,-0.201525,0.123490
84386,-1.330319,-0.914101
84387,-1.928302,-1.488831
84388,-0.549693,-1.233052
84389,0.259051,-0.074730
84390,-3.824265,1.781812
84391,0.038027,-0.109562
84392,-1.314088,-0.074730
84393,-3.123202,0.900969
84394,-2.872277,1.781812
84395,-2.371693,1.652478
84396,-1.960449,1.826239
84397,-2.371693,1.652478
84398,-2.038874,-1.400969
84399,0.050350,0.123490
84400,-1.731730,-0.277479
84401,-1.731730,-0.277479
84402,-1.349578,0.500000
84403,-2.873202,0.400969
84404,-3.563623,1.781812
84405,-3.656250,1.579063
84406,-2.349870,0.603718
84407,-2.431855,0.900969
84408,-3.656250,1.579063
84409,-2.493959,1.246980
84410,-3.563623,1.781812
84411,-3.215828,0.698220
84412,-2.717704,0.698220
84413,-3.333174,1.320914
84414,-2.706235,1.449729
84415,-2.347897,0.733052
84416,-3.335148,1.191580
84417,-3.365341,0.730682
84418,-3.826239,1.652478
84419,-2.873202,0.400969
84420,-2.883745,1.030303
84421,-2.874250,1.652478
84422,-2.717704,0.698220
84423,-3.484462,1.623490
84424,-3.822291,1.911146
84425,-3.822291,1.911146
84426,-2.873202,0.400969
84427,-3.826239,1.652478
84428,-2.311457,-0.722521
84429,-0.417598,-0.367711
84430,-1.200484,0.900969
84431,-2.430339,0.123490
84432,-2.155959,-0.425270
84433,-0.650969,0.099031
84434,-2.641828,1.320914
84435,-3.324167,1.911146
84436,-3.158125,1.579063
84437,-2.700489,1.826239
84438,-3.824265,1.781812
84439,-2.941449,0.149460
84440,0.554958,-0.277479
84441,-3.333174,1.320914
84442,-3.434289,1.911146
84443,-3.088468,0.698220
84444,-3.484462,1.623490
84445,-3.824265,1.781812
84446,-3.563623,1.781812
84447,-2.141244,1.191580
84448,-1.279149,1.191580
84449,-3.779838,1.826239
84450,-3.563623,1.781812
84451,-2.540461,0.123490
84452,-3.153395,0.440071
84453,-2.541119,0.733052
84454,-3.824265,1.781812
84455,-1.637893,1.955573
84456,-3.528889,1.579063
84457,-3.123202,0.900969
84458,-2.302521,1.030303
84459,-3.779838,1.826239
84460,-2.964384,1.191580
84461,-3.333174,1.320914
84462,-2.711958,1.074730
84463,-2.228125,1.365341
84464,-3.281713,1.826239
84465,-3.779838,1.826239
84466,-3.246980,1.623490
84467,0.420083,1.030303
84468,-1.006419,-1.211352
84469,-2.336959,1.449729
84470,-3.088468,0.698220
84471,-2.837543,1.579063
84472,-2.553446,0.149460
84473,-3.623490,1.246980
84474,-3.427775,0.988831
84475,-1.551012,1.781812
84476,-2.899457,1.449729
84477,-2.100697,-0.147791
84478,-2.993868,1.030303
84479,-2.837543,1.579063
84480,-3.528889,1.579063
84481,-3.563623,1.781812
84482,-3.658223,1.449729
84483,-2.410859,1.246980
84484,-3.051264,1.365341
84485,-3.484462,1.623490
84486,-1.314088,-0.074730
84487,-2.873202,0.400969
84488,-0.447472,-0.425270
84489,-1.070127,-0.826239
84490,-2.119812,-0.109562
84491,-2.844057,0.730682
84492,-2.835050,1.320914
84493,-2.883745,1.030303
84494,-2.700489,1.826239
84495,-2.635719,0.400969
84496,-3.822291,1.911146
84497,-1.466104,0.733052
84498,-2.334986,1.579063
84499,-2.242359,1.781812
84500,-2.859464,-0.147791
84501,-2.334986,1.579063
84502,-1.624178,-1.488831
84503,-2.106074,-0.658322
84504,-3.333174,1.320914
84505,-3.692957,1.652478
84506,-1.225625,-1.123490
84507,-3.167133,0.988831
84508,-3.563623,1.781812
84509,-3.563623,1.781812
84510,-3.658223,1.449729
84511,-1.836861,1.579063
84512,-3.652478,1.826239
84513,-2.149460,1.074730
84514,-2.518736,1.074730
84515,-3.824265,1.781812
84516,-1.801938,0.900969
84517,-1.864156,-0.367711
84518,-1.833963,0.093187
84519,-3.822291,1.911146
84520,-2.835050,1.320914
84521,-2.383160,1.191580
84522,-3.652478,1.826239
84523,-3.822291,1.911146
84524,-3.158125,1.579063
84525,-3.246980,1.623490
84526,-2.100697,-0.147791
84527,-3.658223,1.449729
84528,-3.123202,0.900969
84529,-3.656250,1.579063
84530,-2.367905,-0.134659
84531,-3.158125,1.579063
84532,-3.650504,1.955573
84533,-3.652478,1.826239
84534,-2.826042,1.911146
84535,-1.836861,1.579063
84536,-2.110972,-1.123490
84537,-1.624178,-1.488831
84538,-1.080402,-1.801938
84539,-1.624178,-1.488831
84540,-2.899457,1.449729
84541,-2.119812,-0.109562
84542,-2.873202,0.400969
84543,-0.756100,1.955573
84544,-3.650504,1.955573
84545,-0.712714,0.222521
84546,-0.476251,-0.367711
84547,-0.880142,0.440071
84548,-1.003761,1.579063
84549,-3.779838,1.826239
84550,-3.824265,1.781812
84551,-1.051938,0.900969
84552,-0.538874,0.099031
84553,-3.563623,1.781812
84554,-3.824265,1.781812
84555,-1.922262,1.652478
84556,-3.822291,1.911146
84557,-2.347897,0.733052
84558,-3.158125,1.579063
84559,-2.394628,0.440071
84560,-2.383160,1.191580
84561,-2.266948,-1.466104
84562,-2.835050,1.320914
84563,-1.978621,0.733052
84564,-2.717704,0.698220
84565,-2.899457,1.449729
84566,-3.911146,1.955573
84567,-2.885719,0.900969
84568,-2.711958,1.074730
84569,-3.335148,1.191580
84570,-3.822291,1.911146
84571,-1.928302,-1.488831
84572,-2.859464,-0.147791
84573,-2.717704,0.698220
84574,-0.911146,0.455573
84575,-1.681370,1.030303
84576,-3.650504,1.955573
84577,-3.152379,1.955573
84578,-1.086885,-1.400969
84579,-3.528889,1.579063
84580,-3.246980,1.623490
84581,-1.681370,1.030303
84582,-0.609756,1.623490
84583,-2.302521,1.030303
84584,-2.208111,1.449729
84585,-3.268248,1.579063
84586,-2.563163,1.030303
84587,-3.658223,1.449729
84588,-3.866718,2.000000
84589,-3.658223,1.449729
84590,-3.528889,1.579063
84591,-3.528889,1.579063
84592,-3.911146,1.955573
84593,-2.635719,0.400969
84594,-2.793116,1.623490
84595,-2.742943,1.911146
84596,-2.870469,2.000000
84597,-3.281713,1.826239
84598,-2.598822,-0.147791
84599,0.179425,-0.134659
84600,-1.593993,0.988831
84601,-3.779838,1.826239
84602,-2.410859,1.246980
84603,-3.051264,1.365341
84604,-3.462508,1.191580
84605,-3.692957,1.652478
84606,-3.123202,0.900969
84607,-3.911146,1.955573
84608,-3.563623,1.781812
84609,-2.109756,0.123490
84610,-1.801938,0.900969
84611,-1.594507,0.222521
84612,-2.964384,1.191580
84613,-3.462508,1.191580
84614,-3.281713,1.826239
84615,-1.977662,0.988831
84616,-3.658223,1.449729
84617,-1.978621,0.733052
84618,-2.371693,1.652478
84619,-3.484462,1.623490
84620,-1.890808,-0.955573
84621,-1.168783,-0.365341
84622,-3.123202,0.900969
84623,-3.822291,1.911146
84624,-3.215828,0.698220
84625,-2.641828,1.320914
84626,-1.384971,1.449729
84627,-3.152379,1.955573
84628,-2.065597,-0.826239
84629,-3.911146,1.955573
84630,-3.232059,0.730682
84631,-1.507653,-1.721883
84632,-3.335148,1.191580
84633,-0.102415,-0.074730
84634,0.175093,0.093187
84635,-1.254687,0.698220
84636,-1.906779,-0.535628
84637,-1.592048,0.093187
84638,-3.866718,2.000000
84639,-3.658223,1.449729
84640,-3.232059,0.730682
84641,-0.338389,0.900969
84642,-0.256645,0.142820
84643,-2.500000,-1.000000
84644,-2.873202,0.400969
84645,-3.232059,0.730682
84646,-0.215380,0.266948
84647,-1.719513,1.246980
84648,-1.349189,0.603718
84649,-1.719513,1.246980
84650,-3.153395,0.440071
84651,-3.051264,1.365341
84652,-3.167133,0.988831
84653,-1.794458,-1.889800
84654,-2.110972,-1.123490
84655,-1.801938,0.900969
84656,-2.742943,1.911146
84657,-2.899457,1.449729
84658,-2.837543,1.579063
84659,-3.911146,1.955573
84660,-3.281713,1.826239
84661,-3.528889,1.579063
84662,-1.180804,0.266948
84663,-1.643120,1.191580
84664,-2.141244,1.191580
84665,-1.873490,-1.123490
84666,-2.500000,-1.000000
84667,-0.766862,-0.658322
84668,-1.420728,1.030303
84669,-3.563623,1.781812
84670,-1.960449,1.826239
84671,-3.911146,1.955573
84672,-3.779838,1.826239
84673,-2.374152,1.781812
84674,-2.670453,0.603718
84675,-2.208111,1.449729
84676,-3.333174,1.320914
84677,-1.917063,0.093187
84678,-2.938128,0.142820
84679,-2.038874,-1.400969
84680,-2.835050,1.320914
84681,-2.235810,0.730682
84682,-3.427775,0.988831
84683,-3.650504,1.955573
84684,-3.528889,1.579063
84685,0.096577,1.781812
84686,-3.095692,1.320914
84687,-3.088468,0.698220
84688,-2.711958,1.074730
84689,-2.993868,1.030303
84690,-2.184738,-0.367711
84691,-2.038874,-1.400969
84692,-2.367905,-0.134659
84693,-3.434289,1.911146
84694,-2.859464,-0.147791
84695,-3.333174,1.320914
84696,-1.977662,0.988831
84697,-2.964384,1.191580
84698,-3.434289,1.911146
84699,-3.281713,1.826239
84700,-1.551012,1.781812
84701,-3.152379,1.955573
84702,-2.337712,0.326239
84703,-2.873202,0.400969
84704,-2.374152,1.781812
84705,-3.281713,1.826239
84706,-3.824265,1.781812
84707,-3.462508,1.191580
84708,-3.194833,1.652478
84709,-2.461033,1.955573
84710,-2.461033,1.955573
84711,-2.541119,0.733052
84712,-3.326140,1.781812
84713,-3.232059,0.730682
84714,-3.528889,1.579063
84715,-3.650504,1.955573
84716,-3.153395,0.440071
84717,-2.644197,-0.445042
84718,-3.484462,1.623490
84719,-2.899457,1.449729
84720,-3.281713,1.826239
84721,-2.576901,1.579063
84722,-3.779838,1.826239
84723,-3.824265,1.781812
84724,-3.434289,1.911146
84725,-0.167082,0.054604
84726,-2.793116,1.623490
84727,-3.955573,1.911146
84728,-2.410859,1.246980
84729,-3.692957,1.652478
84730,-2.872277,1.781812
84731,-1.695108,1.579063
84732,-2.336959,1.449729
84733,-3.779838,1.826239
84734,-3.484462,1.623490
84735,-2.242359,1.781812
84736,-3.074730,0.149460
84737,-3.397582,1.449729
84738,-1.934194,0.777479
84739,0.239354,-0.074730
84740,-3.246980,1.623490
84741,-3.563623,1.781812
84742,-2.899457,1.449729
84743,-2.873202,0.400969
84744,-3.051264,1.365341
84745,-3.152379,1.955573
84746,-2.181855,0.400969
84747,-3.824265,1.781812
84748,-1.349189,0.603718
84749,-3.824265,1.781812
84750,-1.574735,-0.425270
84751,-2.011169,-1.977662
84752,-3.478716,2.000000
84753,-2.899457,1.449729
84754,-0.207561,-0.033258
84755,-0.861260,0.222521
84756,-2.793116,1.623490
84757,-3.427775,0.988831
84758,-3.911146,1.955573
84759,-3.528889,1.579063
84760,-3.650504,1.955573
84761,-3.658223,1.449729
84762,-3.694931,1.911146
84763,-3.326140,1.781812
84764,-3.462508,1.191580
84765,-3.333174,1.320914
84766,-3.051264,1.365341
84767,-3.779838,1.826239
84768,-0.241532,0.054604
84769,-2.541119,0.733052
84770,-3.051264,1.365341
84771,-2.641828,1.320914
84772,-3.911146,1.955573
84773,-2.576901,1.579063
84774,-1.349578,0.500000
84775,-2.598822,-0.147791
84776,-3.427775,0.988831
84777,-3.152379,1.955573
84778,-2.872277,1.781812
84779,-0.102415,-0.074730
84780,-1.370469,-1.000000
84781,-0.702281,0.603718
84782,0.284793,-1.889800
84783,-3.161387,1.365341
84784,-2.883745,1.030303
84785,-3.324167,1.911146
84786,-3.650504,1.955573
84787,-3.397582,1.449729
84788,-2.431855,0.900969
84789,-2.700489,1.826239
84790,-3.246980,1.623490
84791,-3.826239,1.652478
84792,-1.836861,1.579063
84793,-3.158125,1.579063
84794,-2.002903,1.911146
84795,-3.911146,1.955573
84796,-3.652478,1.826239
84797,-2.874250,1.652478
84798,-2.810768,0.142820
84799,-3.822291,1.911146
84800,-3.822291,1.911146
84801,-2.826042,1.911146
84802,-2.272552,1.320914
84803,-2.730682,1.365341
84804,-3.333174,1.320914
84805,-3.826239,1.652478
84806,-3.065499,1.781812
84807,-1.858780,0.142820
84808,-3.563623,1.781812
84809,-2.883745,1.030303
84810,-2.208111,1.449729
84811,-2.144490,0.326239
84812,-2.700489,1.826239
84813,-3.427775,0.988831
84814,-3.652478,1.826239
84815,-2.011910,1.320914
84816,-2.383160,1.191580
84817,-3.911146,1.955573
84818,-3.335148,1.191580
84819,-3.427775,0.988831
84820,-3.490208,1.246980
84821,-1.652210,-0.658322
84822,-2.874250,1.652478
84823,-1.524320,-0.914101
84824,-3.167133,0.988831
84825,-3.397582,1.449729
84826,-3.158125,1.579063
84827,-3.484462,1.623490
84828,-3.161387,1.365341
84829,-2.176109,0.777479
84830,-3.563623,1.781812
84831,-2.717704,0.698220
84832,-0.246980,0.123490
84833,-3.095692,1.320914
84834,-3.824265,1.781812
84835,-2.872277,1.781812
84836,-3.822291,1.911146
84837,-2.669008,0.988831
84838,-1.127350,1.826239
84839,-2.334986,1.579063
84840,-3.563623,1.781812
84841,-3.822291,1.911146
84842,-3.333174,1.320914
84843,-0.043581,-1.233052
84844,-2.056191,-1.233052
84845,-1.773241,0.455573
84846,-3.158125,1.579063
84847,-2.706235,1.449729
84848,-2.431855,0.900969
84849,-2.119812,-0.109562
84850,-1.762008,1.191580
84851,-3.650504,1.955573
84852,-2.711958,1.074730
84853,-3.326140,1.781812
84854,-2.780575,0.603718
84855,-3.911146,1.955573
84856,-3.246980,1.623490
84857,-3.123202,0.900969
84858,-2.493959,1.246980
84859,-2.518736,1.074730
84860,-1.397882,0.603718
84861,-0.861260,0.222521
84862,-2.383160,1.191580
84863,-3.652478,1.826239
84864,-3.158125,1.579063
84865,-2.572099,-0.722521
84866,-2.700489,1.826239
84867,-2.060606,1.030303
84868,-3.304955,1.652478
84869,-3.911146,1.955573
84870,-1.801938,0.900969
84871,-3.822291,1.911146
84872,-2.941449,0.149460
84873,-1.624178,-1.488831
84874,-2.793116,1.623490
84875,-2.883745,1.030303
84876,-2.641828,1.320914
84877,-1.394005,0.455573
84878,-3.692957,1.652478
84879,-2.873202,0.400969
84880,-1.349189,0.603718
84881,-3.326140,1.781812
84882,-2.885719,0.900969
84883,-3.167133,0.988831
84884,-3.779838,1.826239
84885,-3.866718,2.000000
84886,-3.528889,1.579063
84887,-2.563163,1.030303
84888,-3.779838,1.826239
84889,-3.194833,1.652478
84890,-2.711958,1.074730
84891,-0.586211,-0.147791
84892,-1.275116,0.455573
84893,-1.396440,0.698220
84894,-2.431855,0.900969
84895,-2.116349,-1.634021
84896,-1.921819,-1.889800
84897,-3.335148,1.191580
84898,-2.700489,1.826239
84899,0.284793,-1.889800
84900,-2.116349,-1.634021
84901,-3.490208,1.246980
84902,-3.652478,1.826239
84903,-3.824265,1.781812
84904,-3.304955,1.652478
84905,-2.337712,0.326239
84906,-2.155959,-0.425270
84907,-1.637893,1.955573
84908,0.269318,-0.134659
84909,-1.442336,-1.211352
84910,-1.300576,-0.365341
84911,-3.194833,1.652478
84912,-2.374152,1.781812
84913,-2.993868,1.030303
84914,-3.563623,1.781812
84915,-3.694931,1.911146
84916,-3.650504,1.955573
84917,-2.793116,1.623490
84918,-2.873202,0.400969
84919,-3.065499,1.781812
84920,-3.397582,1.449729
84921,-0.749532,0.698220
84922,-1.254687,0.698220
84923,-3.152379,1.955573
84924,-1.977662,0.988831
84925,-3.955573,1.911146
84926,-3.194833,1.652478
84927,-3.397582,1.449729
84928,-3.563623,1.781812
84929,-2.136480,0.698220
84930,-1.634892,-0.826239
84931,-1.643120,1.191580
84932,-1.254687,0.698220
84933,-3.563623,1.781812
84934,-3.123202,0.900969
84935,-2.228125,1.365341
84936,-2.892753,0.440071
84937,-3.563623,1.781812
84938,-2.669008,0.988831
84939,-1.558067,-1.233052
84940,-3.123202,0.900969
84941,-0.496114,1.320914
84942,-1.643120,1.191580
84943,-3.268248,1.579063
84944,-2.466259,1.191580
84945,-3.563623,1.781812
84946,-2.669008,0.988831
84947,-2.337712,0.326239
84948,-3.563623,1.781812
84949,-3.866718,2.000000
84950,-2.885719,0.900969
84951,-0.985218,0.603718
84952,-1.965750,-1.801938
84953,-1.624178,-1.488831
84954,-0.399093,-1.400969
84955,-2.166234,-1.400969
84956,-2.885719,0.900969
84957,-2.431855,0.900969
84958,-2.294861,-0.367711
84959,-3.826239,1.652478
84960,-3.161387,1.365341
84961,-3.563623,1.781812
84962,-2.440004,0.142820
84963,-2.892753,0.440071
84964,-2.576901,1.579063
84965,-3.152379,1.955573
84966,-2.541119,0.733052
84967,-3.462508,1.191580
84968,-3.484462,1.623490
84969,-2.526723,-0.425270
84970,-2.235810,0.730682
84971,-3.563623,1.781812
84972,-2.670453,0.603718
84973,-2.228125,1.365341
84974,-2.938128,0.142820
84975,-2.106074,-0.658322
84976,-1.419626,-1.123490
84977,-1.824442,1.449729
84978,-2.780575,0.603718
84979,-2.518736,1.074730
84980,-3.326140,1.781812
84981,-2.367905,-0.134659
84982,-2.883745,1.030303
84983,-2.844057,0.730682
84984,-0.212537,0.054604
84985,-3.397582,1.449729
84986,-2.872277,1.781812
84987,-2.892753,0.440071
84988,-1.466104,0.733052
84989,-3.656250,1.579063
84990,-3.652478,1.826239
84991,-1.171501,-0.623490
84992,-1.926590,-0.109562
84993,-3.650504,1.955573
84994,-2.993868,1.030303
84995,-2.388932,-0.955573
84996,-3.694931,1.911146
84997,-1.224190,2.000000
84998,-2.540461,0.123490
84999,-2.051596,1.911146
85000,-2.742943,1.911146
85001,-2.885719,0.900969
85002,-3.911146,1.955573
85003,-3.824265,1.781812
85004,-0.985218,0.603718
85005,-3.563623,1.781812
85006,-2.440004,0.142820
85007,-2.259209,0.777479
85008,-2.641828,1.320914
85009,-2.899457,1.449729
85010,-3.088468,0.698220
85011,-2.899457,1.449729
85012,-3.194833,1.652478
85013,-2.872277,1.781812
85014,-2.870469,2.000000
85015,-2.964384,1.191580
85016,-1.284124,-0.134659
85017,1.445042,-0.722521
85018,-1.005460,-0.955573
85019,-0.130454,-0.109562
85020,-3.335148,1.191580
85021,-3.563623,1.781812
85022,-2.256195,-0.445042
85023,-1.132335,-0.826239
85024,-3.822291,1.911146
85025,-2.349870,0.603718
85026,-1.833963,0.093187
85027,-2.941449,0.149460
85028,-2.810768,0.142820
85029,-3.822291,1.911146
85030,-3.563623,1.781812
85031,-2.899457,1.449729
85032,-3.365341,0.730682
85033,-2.892753,0.440071
85034,-2.873202,0.400969
85035,-2.641828,1.320914
85036,-3.652478,1.826239
85037,-3.326140,1.781812
85038,-2.242359,1.781812
85039,-2.383160,1.191580
85040,-3.397582,1.449729
85041,-2.493959,1.246980
85042,-3.484462,1.623490
85043,-3.822291,1.911146
85044,-2.717704,0.698220
85045,-2.874250,1.652478
85046,-3.656250,1.579063
85047,-2.334986,1.579063
85048,-3.246980,1.623490
85049,-1.588247,1.365341
85050,-3.658223,1.449729
85051,-3.304955,1.652478
85052,-3.656250,1.579063
85053,-3.246980,1.623490
85054,-2.598822,-0.147791
85055,-3.824265,1.781812
85056,0.272408,-0.445042
85057,-1.475625,-0.623490
85058,-3.658223,1.449729
85059,-3.324167,1.911146
85060,-2.181855,0.400969
85061,-2.430339,0.123490
85062,-2.885719,0.900969
85063,-3.427775,0.988831
85064,-3.158125,1.579063
85065,-3.427775,0.988831
85066,-3.822291,1.911146
85067,-3.335148,1.191580
85068,-2.149460,1.074730
85069,-1.308725,-1.123490
85070,-3.824265,1.781812
85071,-3.824265,1.781812
85072,-1.977662,0.988831
85073,-3.911146,1.955573
85074,-1.086885,-1.400969
85075,-1.229497,0.266948
85076,-3.826239,1.652478
85077,-2.493959,1.246980
85078,-3.123202,0.900969
85079,-2.163198,1.623490
85080,-3.563623,1.781812
85081,-2.343556,-0.658322
85082,-2.261572,-0.955573
85083,-3.478716,2.000000
85084,-3.563623,1.781812
85085,-3.484462,1.623490
85086,-3.304955,1.652478
85087,-3.065499,1.781812
85088,-3.652478,1.826239
85089,-2.060606,1.030303
85090,-2.777479,-0.445042
85091,-3.911146,1.955573
85092,-1.873040,-1.211352
85093,-1.155045,-0.914101
85094,-2.641828,1.320914
85095,-3.650504,1.955573
85096,-2.872277,1.781812
85097,-0.560521,1.449729
85098,-2.993868,1.030303
85099,-3.167133,0.988831
85100,-3.123202,0.900969
85101,-1.719513,1.246980
85102,-1.906779,-0.535628
85103,-1.394005,0.455573
85104,-2.706235,1.449729
85105,-3.779838,1.826239
85106,-2.605388,-0.134659
85107,-3.153395,0.440071
85108,-2.235810,0.730682
85109,0.938944,0.988831
85110,-3.095692,1.320914
85111,-3.158125,1.579063
85112,-3.333174,1.320914
85113,-3.158125,1.579063
85114,-3.335148,1.191580
85115,-3.563623,1.781812
85116,-3.333174,1.320914
85117,-3.153395,0.440071
85118,-2.635719,0.400969
85119,-0.983709,-1.123490
85120,-3.304955,1.652478
85121,-2.334986,1.579063
85122,-3.650504,1.955573
85123,-2.181855,0.400969
85124,-3.152379,1.955573
85125,-3.822291,1.911146
85126,-2.347897,0.733052
85127,-2.873202,0.400969
85128,-3.563623,1.781812
85129,-3.658223,1.449729
85130,-1.955475,-0.826239
85131,-0.810020,1.191580
85132,-3.167133,0.988831
85133,-1.557314,-0.109562
85134,-2.228125,1.365341
85135,-1.933731,0.900969
85136,-3.246980,1.623490
85137,-3.123202,0.900969
85138,-0.275975,0.123490
85139,-3.692957,1.652478
85140,-3.911146,1.955573
85141,0.525215,-0.826239
85142,-0.496114,1.320914
85143,-3.304955,1.652478
85144,-3.824265,1.781812
85145,-2.899457,1.449729
85146,-3.095692,1.320914
85147,-3.822291,1.911146
85148,-0.686458,-0.826239
85149,-1.132335,-0.826239
85150,-1.762008,1.191580
85151,-3.652478,1.826239
85152,-3.397582,1.449729
85153,-2.717704,0.698220
85154,-2.810768,0.142820
85155,-2.316833,-1.233052
85156,-1.944528,-1.977662
85157,-1.507653,-1.721883
85158,0.646711,-1.721883
85159,-1.200484,0.900969
85160,-1.745664,-1.466104
85161,-2.873202,0.400969
85162,-3.397582,1.449729
85163,-1.858780,0.142820
85164,-3.490208,1.246980
85165,-2.374152,1.781812
85166,-1.396440,0.698220
85167,-1.637893,1.955573
85168,-1.760035,1.320914
85169,-1.921819,-1.889800
85170,-2.859464,-0.147791
85171,-3.694931,1.911146
85172,-3.692957,1.652478
85173,-2.835050,1.320914
85174,-2.711958,1.074730
85175,-2.899457,1.449729
85176,-1.420728,1.030303
85177,-1.003761,1.579063
85178,-1.262697,0.326239
85179,-3.528889,1.579063
85180,-3.246980,1.623490
85181,-2.466259,1.191580
85182,-2.576901,1.579063
85183,-1.254687,0.698220
85184,-2.598822,-0.147791
85185,-3.528889,1.579063
85186,-3.484462,1.623490
85187,-3.333174,1.320914
85188,-2.371693,1.652478
85189,-1.524320,-0.914101
85190,-1.280886,-1.400969
85191,-0.317668,1.911146
85192,-3.822291,1.911146
85193,-2.700489,1.826239
85194,-3.215828,0.698220
85195,-2.899457,1.449729
85196,-2.261572,-0.955573
85197,-3.563623,1.781812
85198,-2.311457,-0.722521
85199,-1.284124,-0.134659
85200,-2.711958,1.074730
85201,-2.859464,-0.147791
85202,-3.153395,0.440071
85203,-3.397582,1.449729
85204,-2.793116,1.623490
85205,-2.605388,-0.134659
85206,-3.153395,0.440071
85207,-3.088468,0.698220
85208,-3.281713,1.826239
85209,-1.824442,1.449729
85210,-3.102206,1.246980
85211,-2.526723,-0.425270
85212,-1.593993,0.988831
85213,-2.899457,1.449729
85214,-2.576901,1.579063
85215,-3.102206,1.246980
85216,-3.528889,1.579063
85217,-3.528889,1.579063
85218,-2.641828,1.320914
85219,-1.072099,0.777479
85220,-3.268248,1.579063
85221,-3.088468,0.698220
85222,-3.434289,1.911146
85223,-3.694931,1.911146
85224,-3.304955,1.652478
85225,-3.911146,1.955573
85226,-3.335148,1.191580
85227,-2.430339,0.123490
85228,-2.336959,1.449729
85229,-2.635719,0.400969
85230,-3.365341,0.730682
85231,-3.824265,1.781812
85232,-2.518736,1.074730
85233,-1.922262,1.652478
85234,-3.911146,1.955573
85235,-3.822291,1.911146
85236,-1.039051,0.266948
85237,-2.431855,0.900969
85238,-3.563623,1.781812
85239,-3.652478,1.826239
85240,-1.836861,1.579063
85241,-3.161387,1.365341
85242,-3.652478,1.826239
85243,-1.773241,0.455573
85244,-3.822291,1.911146
85245,-3.161387,1.365341
85246,-1.406715,-0.277479
85247,-1.551584,-1.634021
85248,-1.233709,-0.623490
85249,-2.056191,-1.233052
85250,-2.228125,1.365341
85251,-3.268248,1.579063
85252,-2.873202,0.400969
85253,-3.158125,1.579063
85254,-3.650504,1.955573
85255,-3.911146,1.955573
85256,-3.650504,1.955573
85257,-3.824265,1.781812
85258,-2.883745,1.030303
85259,-2.810768,0.142820
85260,-3.490208,1.246980
85261,-3.650504,1.955573
85262,-3.650504,1.955573
85263,-3.563623,1.781812
85264,-2.717704,0.698220
85265,-2.885719,0.900969
85266,-3.123202,0.900969
85267,-1.207436,0.603718
85268,-2.700489,1.826239
85269,-2.844057,0.730682
85270,-3.563623,1.781812
85271,-1.731730,-0.277479
85272,-2.518736,1.074730
85273,-3.652478,1.826239
85274,-2.163198,1.623490
85275,-3.658223,1.449729
85276,-2.899457,1.449729
85277,-2.181855,0.400969
85278,-2.810768,0.142820
85279,-1.734301,-1.488831
85280,-2.730682,1.365341
85281,-1.039051,0.266948
85282,-3.326140,1.781812
85283,-2.493959,1.246980
85284,-3.826239,1.652478
85285,-3.478716,2.000000
85286,-3.427775,0.988831
85287,-2.717704,0.698220
85288,-3.656250,1.579063
85289,-3.824265,1.781812
85290,-3.656250,1.579063
85291,-3.152379,1.955573
85292,-3.652478,1.826239
85293,-3.822291,1.911146
85294,-3.822291,1.911146
85295,-3.095692,1.320914
85296,-2.874250,1.652478
85297,-3.563623,1.781812
85298,-3.656250,1.579063
85299,-2.181855,0.400969
85300,-3.652478,1.826239
85301,-3.658223,1.449729
85302,-3.824265,1.781812
85303,-2.810768,0.142820
85304,-2.242359,1.781812
85305,-3.652478,1.826239
85306,-2.242359,1.781812
85307,-1.977662,0.988831
85308,-2.347897,0.733052
85309,-2.261572,-0.955573
85310,-2.810768,0.142820
85311,-3.484462,1.623490
85312,-3.161387,1.365341
85313,-3.478716,2.000000
85314,-3.335148,1.191580
85315,-2.056191,-1.233052
85316,-1.858780,0.142820
85317,-1.554958,0.777479
85318,-1.558067,-1.233052
85319,-1.668109,-1.400969
85320,-3.563623,1.781812
85321,-3.650504,1.955573
85322,-3.427775,0.988831
85323,-3.095692,1.320914
85324,-3.658223,1.449729
85325,-2.261572,-0.955573
85326,-0.861260,0.222521
85327,-1.849772,0.733052
85328,-1.357582,-1.634021
85329,-3.333174,1.320914
85330,-3.692957,1.652478
85331,-3.268248,1.579063
85332,-3.281713,1.826239
85333,-3.153395,0.440071
85334,-2.051596,1.911146
85335,-3.694931,1.911146
85336,-3.194833,1.652478
85337,-2.706235,1.449729
85338,-2.337712,0.326239
85339,-1.169803,1.911146
85340,-3.824265,1.781812
85341,-2.149460,1.074730
85342,-2.572099,-0.722521
85343,-1.977662,0.988831
85344,-2.166234,-1.400969
85345,-3.123202,0.900969
85346,-2.526723,-0.425270
85347,-2.461033,1.955573
85348,0.180972,-0.033258
85349,-1.960449,1.826239
85350,-3.397582,1.449729
85351,-2.259209,0.777479
85352,-2.669008,0.988831
85353,-3.779838,1.826239
85354,-1.801938,0.900969
85355,-3.281713,1.826239
85356,-3.779838,1.826239
85357,-3.232059,0.730682
85358,-0.709168,-0.914101
85359,-3.911146,1.955573
85360,-3.528889,1.579063
85361,-3.074730,0.149460
85362,-3.167133,0.988831
85363,-3.281713,1.826239
85364,-3.152379,1.955573
85365,-3.232059,0.730682
85366,-2.711958,1.074730
85367,-3.194833,1.652478
85368,-1.003761,1.579063
85369,-2.892753,0.440071
85370,-2.964384,1.191580
85371,-1.594507,0.222521
85372,-2.343556,-0.658322
85373,-2.302521,1.030303
85374,-3.326140,1.781812
85375,-2.641828,1.320914
85376,-3.824265,1.781812
85377,-3.427775,0.988831
85378,-3.427775,0.988831
85379,-3.281713,1.826239
85380,-2.706235,1.449729
85381,-1.413198,1.623490
85382,-3.955573,1.911146
85383,-3.779838,1.826239
85384,-3.650504,1.955573
85385,-2.644197,-0.445042
85386,-0.201525,0.123490
85387,0.089613,0.149460
85388,-3.304955,1.652478
85389,-3.246980,1.623490
85390,-1.466104,0.733052
85391,0.269318,-0.134659
85392,-1.550062,0.900969
85393,-2.272552,1.320914
85394,-1.801938,0.900969
85395,-4.000000,2.000000
85396,-3.652478,1.826239
85397,-3.650504,1.955573
85398,-3.911146,1.955573
85399,-3.822291,1.911146
85400,-0.926428,-1.721883
85401,0.057142,-0.147791
85402,-1.254687,0.698220
85403,-2.641828,1.320914
85404,-2.431855,0.900969
85405,-2.938128,0.142820
85406,-3.281713,1.826239
85407,-1.003761,1.579063
85408,-3.955573,1.911146
85409,-3.779838,1.826239
85410,-3.563623,1.781812
85411,-3.694931,1.911146
85412,-3.528889,1.579063
85413,-3.434289,1.911146
85414,-2.793116,1.623490
85415,-3.095692,1.320914
85416,-2.605388,-0.134659
85417,-2.541119,0.733052
85418,-3.281713,1.826239
85419,-3.911146,1.955573
85420,-2.669008,0.988831
85421,-2.136480,0.698220
85422,-1.133363,0.455573
85423,-0.201525,0.123490
85424,-2.563163,1.030303
85425,-2.347897,0.733052
85426,-3.955573,1.911146
85427,-3.167133,0.988831
85428,-3.095692,1.320914
85429,-3.065499,1.781812
85430,-2.461033,1.955573
85431,-3.563623,1.781812
85432,-2.228125,1.365341
85433,-3.563623,1.781812
85434,-3.692957,1.652478
85435,-3.427775,0.988831
85436,-3.484462,1.623490
85437,-3.824265,1.781812
85438,-3.911146,1.955573
85439,-0.652478,0.326239
85440,-3.088468,0.698220
85441,-2.553446,0.149460
85442,-2.837543,1.579063
85443,-1.133363,0.455573
85444,-0.202183,0.733052
85445,-1.330319,-0.914101
85446,-2.837543,1.579063
85447,-2.011910,1.320914
85448,-3.650504,1.955573
85449,-3.824265,1.781812
85450,-3.692957,1.652478
85451,-1.262697,0.326239
85452,-3.528889,1.579063
85453,-2.347897,0.733052
85454,-2.711958,1.074730
85455,-2.938128,0.142820
85456,-3.563623,1.781812
85457,-3.326140,1.781812
85458,-3.462508,1.191580
85459,-3.528889,1.579063
85460,-2.837543,1.579063
85461,-2.242359,1.781812
85462,-3.824265,1.781812
85463,-3.088468,0.698220
85464,-2.669008,0.988831
85465,-2.885719,0.900969
85466,-3.824265,1.781812
85467,-3.326140,1.781812
85468,-3.281713,1.826239
85469,-2.440004,0.142820
85470,-3.694931,1.911146
85471,-2.899457,1.449729
85472,-2.526723,-0.425270
85473,-0.445042,0.222521
85474,-0.231828,0.093187
85475,-3.268248,1.579063
85476,-3.779838,1.826239
85477,0.044302,0.011169
85478,-1.593993,0.988831
85479,-3.652478,1.826239
85480,-3.490208,1.246980
85481,-3.652478,1.826239
85482,-1.926590,-0.109562
85483,-2.711958,1.074730
85484,-0.534124,-0.134659
85485,-2.208111,1.449729
85486,-1.914041,-0.134659
85487,-1.275116,0.455573
85488,-1.442336,-1.211352
85489,-3.484462,1.623490
85490,-1.229497,0.266948
85491,-1.072099,0.777479
85492,-3.123202,0.900969
85493,-0.084999,-0.109562
85494,-1.601453,0.500000
85495,-3.268248,1.579063
85496,-1.934194,0.777479
85497,-3.194833,1.652478
85498,-2.899457,1.449729
85499,-3.650504,1.955573
85500,-3.694931,1.911146
85501,-2.563163,1.030303
85502,-3.650504,1.955573
85503,-3.281713,1.826239
85504,-3.462508,1.191580
85505,-3.911146,1.955573
85506,-3.462508,1.191580
85507,-3.824265,1.781812
85508,-3.123202,0.900969
85509,-0.928928,-1.233052
85510,-1.344281,-0.535628
85511,-3.123202,0.900969
85512,-1.955475,-0.826239
85513,-3.158125,1.579063
85514,-3.158125,1.579063
85515,-0.211190,0.142820
85516,-2.810768,0.142820
85517,-2.347897,0.733052
85518,-3.065499,1.781812
85519,-1.551012,1.781812
85520,-3.822291,1.911146
85521,-1.703282,0.440071
85522,-1.185762,-1.977662
85523,-0.983709,-1.123490
85524,-2.100697,-0.147791
85525,-1.280886,-1.400969
85526,-1.127350,1.826239
85527,-1.955475,-0.826239
85528,-2.155959,-0.425270
85529,-3.095692,1.320914
85530,-3.911146,1.955573
85531,-3.123202,0.900969
85532,-3.652478,1.826239
85533,-1.384971,1.449729
85534,-3.484462,1.623490
85535,-3.822291,1.911146
85536,-3.826239,1.652478
85537,-2.385621,1.030303
85538,-2.717704,0.698220
85539,-2.700489,1.826239
85540,-3.822291,1.911146
85541,-3.652478,1.826239
85542,-1.306849,1.246980
85543,-1.906779,-0.535628
85544,-1.762918,-1.211352
85545,-2.598822,-0.147791
85546,-3.484462,1.623490
85547,-3.955573,1.911146
85548,-3.246980,1.623490
85549,-3.650504,1.955573
85550,-3.427775,0.988831
85551,-3.911146,1.955573
85552,-2.635719,0.400969
85553,-3.656250,1.579063
85554,-3.650504,1.955573
85555,-3.652478,1.826239
85556,-0.847680,1.246980
85557,-3.826239,1.652478
85558,-3.652478,1.826239
85559,-3.911146,1.955573
85560,-1.955475,-0.826239
85561,-2.337712,0.326239
85562,-2.605388,-0.134659
85563,-3.656250,1.579063
85564,-2.883745,1.030303
85565,-3.563623,1.781812
85566,-1.978621,0.733052
85567,-3.153395,0.440071
85568,-2.835050,1.320914
85569,-3.911146,1.955573
85570,-3.824265,1.781812
85571,-3.822291,1.911146
85572,-1.858780,0.142820
85573,-3.656250,1.579063
85574,-3.153395,0.440071
85575,-3.335148,1.191580
85576,-3.656250,1.579063
85577,-0.834695,-0.425270
85578,-3.652478,1.826239
85579,-3.490208,1.246980
85580,-2.394628,0.440071
85581,-2.711958,1.074730
85582,-3.656250,1.579063
85583,-0.131104,1.365341
85584,-2.883745,1.030303
85585,-2.669008,0.988831
85586,-3.324167,1.911146
85587,-2.605388,-0.134659
85588,-2.859464,-0.147791
85589,-1.877888,-1.977662
85590,-1.890808,-0.955573
85591,-2.261572,-0.955573
85592,-1.396440,0.698220
85593,-1.643120,1.191580
85594,1.793293,1.579063
85595,-3.484462,1.623490
85596,-3.333174,1.320914
85597,-3.563623,1.781812
85598,-3.268248,1.579063
85599,-3.824265,1.781812
85600,-2.119812,-0.109562
85601,-3.563623,1.781812
85602,-2.964384,1.191580
85603,-3.281713,1.826239
85604,-2.394628,0.440071
85605,-3.779838,1.826239
85606,-3.326140,1.781812
85607,-3.650504,1.955573
85608,-2.641828,1.320914
85609,-1.978621,0.733052
85610,-3.692957,1.652478
85611,-3.650504,1.955573
85612,-1.890808,-0.955573
85613,-2.706235,1.449729
85614,-2.641828,1.320914
85615,-1.824442,1.449729
85616,-3.088468,0.698220
85617,-2.670453,0.603718
85618,-2.208111,1.449729
85619,0.860426,-0.445042
85620,-2.605388,-0.134659
85621,-2.272552,1.320914
85622,-3.484462,1.623490
85623,-1.668109,-1.400969
85624,-1.928302,-1.488831
85625,-1.558067,-1.233052
85626,-1.397882,0.603718
85627,-1.977662,0.988831
85628,-2.163198,1.623490
85629,-3.324167,1.911146
85630,-2.844057,0.730682
85631,-2.872277,1.781812
85632,-3.822291,1.911146
85633,-1.731816,1.652478
85634,-1.731816,1.652478
85635,-2.883745,1.030303
85636,-2.641828,1.320914
85637,-2.730682,1.365341
85638,-2.116349,-1.634021
85639,-2.316833,-1.233052
85640,-2.294861,-0.367711
85641,-3.158125,1.579063
85642,-3.158125,1.579063
85643,-3.824265,1.781812
85644,-3.335148,1.191580
85645,-3.158125,1.579063
85646,-2.711958,1.074730
85647,-3.652478,1.826239
85648,-1.731730,-0.277479
85649,-1.361599,-0.367711
85650,-2.144490,0.326239
85651,-3.694931,1.911146
85652,-3.194833,1.652478
85653,-3.051264,1.365341
85654,-0.801938,0.400969
85655,-3.333174,1.320914
85656,-3.692957,1.652478
85657,-1.849772,0.733052
85658,-3.268248,1.579063
85659,-3.281713,1.826239
85660,-2.892753,0.440071
85661,-2.563163,1.030303
85662,-2.149460,1.074730
85663,-2.793116,1.623490
85664,-1.168783,-0.365341
85665,-1.873490,-1.123490
85666,-2.706235,1.449729
85667,-3.656250,1.579063
85668,-3.152379,1.955573
85669,-3.484462,1.623490
85670,-3.911146,1.955573
85671,-2.835050,1.320914
85672,-2.430339,0.123490
85673,-2.844057,0.730682
85674,-3.161387,1.365341
85675,-3.123202,0.900969
85676,-2.885719,0.900969
85677,-3.911146,1.955573
85678,-1.845869,0.988831
85679,-0.860591,0.400969
85680,-2.334986,1.579063
85681,-1.717979,0.733052
85682,-3.335148,1.191580
85683,-3.824265,1.781812
85684,-2.700489,1.826239
85685,-4.000000,2.000000
85686,-2.181855,0.400969
85687,-2.208111,1.449729
85688,-3.095692,1.320914
85689,-2.002903,1.911146
85690,0.685235,0.500000
85691,-1.051938,0.900969
85692,-2.349870,0.603718
85693,-3.304955,1.652478
85694,-1.212812,0.093187
85695,-3.161387,1.365341
85696,-3.123202,0.900969
85697,-3.652478,1.826239
85698,-3.333174,1.320914
85699,-3.822291,1.911146
85700,-2.885719,0.900969
85701,-2.119812,-0.109562
85702,-2.669008,0.988831
85703,-3.652478,1.826239
85704,-4.000000,2.000000
85705,-2.388932,-0.955573
85706,-3.484462,1.623490
85707,-2.272552,1.320914
85708,-3.563623,1.781812
85709,-2.466259,1.191580
85710,-2.011910,1.320914
85711,-2.242359,1.781812
85712,-3.528889,1.579063
85713,-2.711958,1.074730
85714,-3.326140,1.781812
85715,-3.692957,1.652478
85716,-3.123202,0.900969
85717,-3.427775,0.988831
85718,-3.692957,1.652478
85719,-2.899457,1.449729
85720,-3.051264,1.365341
85721,-3.484462,1.623490
85722,-2.563163,1.030303
85723,-3.694931,1.911146
85724,-3.824265,1.781812
85725,-1.855707,-1.634021
85726,-2.964384,1.191580
85727,-3.281713,1.826239
85728,0.276467,-0.109562
85729,-0.237965,1.579063
85730,-2.242359,1.781812
85731,-3.911146,1.955573
85732,-2.371693,1.652478
85733,-2.711958,1.074730
85734,-2.005777,-1.721883
85735,-2.844057,0.730682
85736,-2.730682,1.365341
85737,-3.652478,1.826239
85738,-3.158125,1.579063
85739,-2.780575,0.603718
85740,-3.563623,1.781812
85741,-1.229693,-1.889800
85742,-1.634892,-0.826239
85743,-1.695108,1.579063
85744,-3.528889,1.579063
85745,-1.978716,-1.000000
85746,-1.717542,-0.914101
85747,-3.158125,1.579063
85748,-2.383160,1.191580
85749,-2.899457,1.449729
85750,-1.200484,0.900969
85751,-3.490208,1.246980
85752,-3.822291,1.911146
85753,-3.246980,1.623490
85754,-2.810768,0.142820
85755,0.238315,-0.033258
85756,-2.144490,0.326239
85757,0.776140,0.054604
85758,-3.215828,0.698220
85759,-3.656250,1.579063
85760,-3.158125,1.579063
85761,-2.730682,1.365341
85762,-0.272292,-0.658322
85763,-1.051938,0.900969
85764,-1.760035,1.320914
85765,-0.528520,0.777479
85766,-0.916907,-0.365341
85767,-2.711958,1.074730
85768,-3.650504,1.955573
85769,-3.652478,1.826239
85770,-3.826239,1.652478
85771,-1.801938,0.900969
85772,-3.563623,1.781812
85773,-2.730682,1.365341
85774,-2.060606,1.030303
85775,-1.275116,0.455573
85776,-2.605388,-0.134659
85777,-1.945199,0.149460
85778,-1.926590,-0.109562
85779,-2.810768,0.142820
85780,-3.652478,1.826239
85781,-2.892753,0.440071
85782,-2.060606,1.030303
85783,-2.168944,1.246980
85784,-3.478716,2.000000
85785,-2.343556,-0.658322
85786,-3.333174,1.320914
85787,-2.343556,-0.658322
85788,-1.858780,0.142820
85789,-2.385621,1.030303
85790,-3.911146,1.955573
85791,-1.801938,0.900969
85792,-3.158125,1.579063
85793,-1.588247,1.365341
85794,-2.899457,1.449729
85795,-3.652478,1.826239
85796,-3.484462,1.623490
85797,-2.730682,1.365341
85798,-3.911146,1.955573
85799,-3.563623,1.781812
85800,-3.563623,1.781812
85801,-3.563623,1.781812
85802,-3.215828,0.698220
85803,-3.215828,0.698220
85804,-1.466104,0.733052
85805,-0.567329,-0.365341
85806,-1.120429,-1.721883
85807,-1.690819,-1.488831
85808,-2.116349,-1.634021
85809,-1.811776,-1.721883
85810,-2.141244,1.191580
85811,-3.246980,1.623490
85812,-3.268248,1.579063
85813,-2.964384,1.191580
85814,-3.692957,1.652478
85815,-3.333174,1.320914
85816,-2.644197,-0.445042
85817,-1.361599,-0.367711
85818,-2.993868,1.030303
85819,-2.837543,1.579063
85820,-1.643120,1.191580
85821,-1.120429,-1.721883
85822,-1.760035,1.320914
85823,-1.574735,-0.425270
85824,-2.837543,1.579063
85825,-2.119812,-0.109562
85826,-2.461033,1.955573
85827,-3.326140,1.781812
85828,-2.670453,0.603718
85829,-2.316833,-1.233052
85830,-3.153395,0.440071
85831,-2.461033,1.955573
85832,-1.026723,1.074730
85833,-2.466259,1.191580
85834,-2.518736,1.074730
85835,-3.088468,0.698220
85836,-2.742943,1.911146
85837,-2.394628,0.440071
85838,-3.232059,0.730682
85839,-2.228125,1.365341
85840,-0.881639,-1.977662
85841,-3.490208,1.246980
85842,-0.560521,1.449729
85843,-1.713557,-0.535628
85844,-3.563623,1.781812
85845,-2.899457,1.449729
85846,-1.462714,0.222521
85847,-1.824442,1.449729
85848,-3.333174,1.320914
85849,-3.866718,2.000000
85850,-1.551012,1.781812
85851,-2.964384,1.191580
85852,-2.302521,1.030303
85853,-3.563623,1.781812
85854,-3.528889,1.579063
85855,-3.484462,1.623490
85856,-2.208111,1.449729
85857,-1.637893,1.955573
85858,-0.779516,-0.535628
85859,-1.648630,-0.277479
85860,-3.268248,1.579063
85861,-3.779838,1.826239
85862,-3.911146,1.955573
85863,-2.780575,0.603718
85864,-2.700489,1.826239
85865,-3.490208,1.246980
85866,-2.826042,1.911146
85867,-3.490208,1.246980
85868,-3.158125,1.579063
85869,-0.880142,0.440071
85870,-2.669008,0.988831
85871,-1.396440,0.698220
85872,-3.656250,1.579063
85873,-2.730682,1.365341
85874,-3.095692,1.320914
85875,-2.641828,1.320914
85876,-2.899457,1.449729
85877,-0.578811,-0.162592
85878,-2.256195,-0.445042
85879,-2.334986,1.579063
85880,-2.493959,1.246980
85881,-2.208111,1.449729
85882,-3.656250,1.579063
85883,-3.650504,1.955573
85884,-3.158125,1.579063
85885,-2.730682,1.365341
85886,-3.335148,1.191580
85887,-2.711958,1.074730
85888,-1.492359,1.781812
85889,-3.911146,1.955573
85890,-2.644197,-0.445042
85891,-2.440004,0.142820
85892,-3.434289,1.911146
85893,-3.528889,1.579063
85894,-3.528889,1.579063
85895,-2.885719,0.900969
85896,-3.232059,0.730682
85897,-1.133363,0.455573
85898,-2.553446,0.149460
85899,-2.367905,-0.134659
85900,-1.323809,0.455573
85901,-1.703282,0.440071
85902,-3.563623,1.781812
85903,-3.955573,1.911146
85904,-2.669008,0.988831
85905,-2.343556,-0.658322
85906,1.551761,-1.233052
85907,-3.692957,1.652478
85908,-2.431855,0.900969
85909,-3.152379,1.955573
85910,-3.484462,1.623490
85911,-3.955573,1.911146
85912,-2.431855,0.900969
85913,-1.934194,0.777479
85914,-2.669008,0.988831
85915,-3.824265,1.781812
85916,-3.623490,1.246980
85917,2.429650,-1.488831
85918,-2.060606,1.030303
85919,-3.656250,1.579063
85920,-2.700489,1.826239
85921,-1.309583,-0.955573
85922,0.486254,-1.400969
85923,-0.583781,0.500000
85924,-2.144490,0.326239
85925,-3.911146,1.955573
85926,-2.837543,1.579063
85927,-2.793116,1.623490
85928,-2.374152,1.781812
85929,-2.885719,0.900969
85930,-2.742943,1.911146
85931,-3.563623,1.781812
85932,-3.692957,1.652478
85933,-3.326140,1.781812
85934,-3.650504,1.955573
85935,-2.899457,1.449729
85936,-3.246980,1.623490
85937,-3.051264,1.365341
85938,-3.694931,1.911146
85939,-2.440004,0.142820
85940,-3.563623,1.781812
85941,-3.462508,1.191580
85942,-2.051596,1.911146
85943,-3.462508,1.191580
85944,-3.658223,1.449729
85945,-3.779838,1.826239
85946,-2.964384,1.191580
85947,-2.576901,1.579063
85948,-3.102206,1.246980
85949,-2.711958,1.074730
85950,-2.336959,1.449729
85951,-3.658223,1.449729
85952,-0.186825,-0.074730
85953,-1.074632,0.054604
85954,-2.336959,1.449729
85955,-3.658223,1.449729
85956,-3.656250,1.579063
85957,-3.158125,1.579063
85958,-2.885719,0.900969
85959,-2.155959,-0.425270
85960,-0.823226,0.326239
85961,-1.397882,0.603718
85962,-3.158125,1.579063
85963,-2.899457,1.449729
85964,-3.652478,1.826239
85965,-2.883745,1.030303
85966,-3.822291,1.911146
85967,-1.475625,-0.623490
85968,-1.955475,-0.826239
85969,-3.161387,1.365341
85970,-0.285935,0.123490
85971,-3.304955,1.652478
85972,-2.572099,-0.722521
85973,-2.337712,0.326239
85974,-2.605388,-0.134659
85975,-1.762008,1.191580
85976,-0.202183,0.733052
85977,-4.000000,2.000000
85978,-3.826239,1.652478
85979,-2.343556,-0.658322
85980,0.263556,-0.955573
85981,-0.821489,0.440071
85982,-3.656250,1.579063
85983,-3.335148,1.191580
85984,-2.294861,-0.367711
85985,-2.366718,-1.000000
85986,-2.334986,1.579063
85987,-0.779516,-0.535628
85988,-3.650504,1.955573
85989,-3.153395,0.440071
85990,-2.837543,1.579063
85991,-2.872277,1.781812
85992,-3.484462,1.623490
85993,-1.960449,1.826239
85994,-0.043581,-1.233052
85995,-1.637893,1.955573
85996,-2.793116,1.623490
85997,-3.779838,1.826239
85998,-3.911146,1.955573
85999,-0.560521,1.449729
86000,-3.102206,1.246980
86001,-3.462508,1.191580
86002,-3.911146,1.955573
86003,-3.563623,1.781812
86004,-3.281713,1.826239
86005,-2.235810,0.730682
86006,-0.366526,-1.466104
86007,-0.195042,-0.277479
86008,-3.095692,1.320914
86009,-3.822291,1.911146
86010,-3.652478,1.826239
86011,-3.333174,1.320914
86012,-3.779838,1.826239
86013,-2.011910,1.320914
86014,-3.528889,1.579063
86015,-2.518736,1.074730
86016,-1.568917,-1.211352
86017,-1.681370,1.030303
86018,-3.268248,1.579063
86019,-0.583781,0.500000
86020,-3.779838,1.826239
86021,-2.337712,0.326239
86022,-1.683887,-1.977662
86023,-1.300576,-0.365341
86024,-2.272552,1.320914
86025,-3.911146,1.955573
86026,-0.102430,-1.889800
86027,-1.873490,-1.123490
86028,-2.440004,0.142820
86029,-2.163198,1.623490
86030,-0.288960,0.149460
86031,-1.185762,-1.977662
86032,-1.558067,-1.233052
86033,-2.810768,0.142820
86034,-3.153395,0.440071
86035,-1.760035,1.320914
86036,-3.822291,1.911146
86037,-2.793116,1.623490
86038,-2.872277,1.781812
86039,-3.650504,1.955573
86040,-3.652478,1.826239
86041,-1.384971,1.449729
86042,-3.304955,1.652478
86043,-2.635719,0.400969
86044,-3.427775,0.988831
86045,-0.789708,-1.123490
86046,-1.914041,-0.134659
86047,-2.394628,0.440071
86048,-3.326140,1.781812
86049,-3.152379,1.955573
86050,-3.478716,2.000000
86051,-1.474108,-1.400969
86052,-2.141244,1.191580
86053,-3.563623,1.781812
86054,-3.484462,1.623490
86055,-2.598822,-0.147791
86056,-1.423694,-1.889800
86057,1.661791,1.074730
86058,-2.892753,0.440071
86059,-2.780575,0.603718
86060,-3.652478,1.826239
86061,-3.326140,1.781812
86062,-1.396440,0.698220
86063,-4.000000,2.000000
86064,-3.652478,1.826239
86065,-2.669008,0.988831
86066,-1.977662,0.988831
86067,-2.810768,0.142820
86068,-3.484462,1.623490
86069,-2.311457,-0.722521
86070,0.137041,0.054604
86071,-0.373022,1.074730
86072,-2.899457,1.449729
86073,-0.151626,1.579063
86074,-3.822291,1.911146
86075,-2.383160,1.191580
86076,-1.207436,0.603718
86077,-3.911146,1.955573
86078,-2.541119,0.733052
86079,-2.810768,0.142820
86080,-2.394628,0.440071
86081,-3.650504,1.955573
86082,-3.658223,1.449729
86083,-2.208111,1.449729
86084,-2.155959,-0.425270
86085,-2.096023,2.000000
86086,-1.601453,0.500000
86087,-0.821489,0.440071
86088,-3.365341,0.730682
86089,-2.844057,0.730682
86090,-3.650504,1.955573
86091,-1.945199,0.149460
86092,-3.158125,1.579063
86093,-2.334986,1.579063
86094,-4.000000,2.000000
86095,-2.941449,0.149460
86096,-2.810768,0.142820
86097,-2.294861,-0.367711
86098,-2.349870,0.603718
86099,-2.641828,1.320914
86100,-3.167133,0.988831
86101,-3.153395,0.440071
86102,-2.872277,1.781812
86103,-3.824265,1.781812
86104,-3.652478,1.826239
86105,-2.793116,1.623490
86106,-0.801938,0.400969
86107,-1.406715,-0.277479
86108,-1.794458,-1.889800
86109,-1.088404,-0.914101
86110,-1.088404,-0.914101
86111,-3.484462,1.623490
86112,-2.941449,0.149460
86113,-2.873202,0.400969
86114,-3.333174,1.320914
86115,-3.397582,1.449729
86116,-2.730682,1.365341
86117,-3.563623,1.781812
86118,-2.654083,-0.425270
86119,-3.911146,1.955573
86120,-3.333174,1.320914
86121,-3.822291,1.911146
86122,-3.822291,1.911146
86123,-0.349031,0.400969
86124,-2.518736,1.074730
86125,-2.100697,-0.147791
86126,-2.385621,1.030303
86127,-3.158125,1.579063
86128,-2.641828,1.320914
86129,-2.493959,1.246980
86130,-3.650504,1.955573
86131,-1.466104,0.733052
86132,-1.836861,1.579063
86133,-2.110972,-1.123490
86134,-0.496901,0.326239
86135,-3.490208,1.246980
86136,-1.461364,0.730682
86137,-2.106074,-0.658322
86138,-2.133667,-1.466104
86139,-2.563163,1.030303
86140,-3.484462,1.623490
86141,-3.051264,1.365341
86142,-3.051264,1.365341
86143,-2.109756,0.123490
86144,-3.088468,0.698220
86145,-3.866718,2.000000
86146,-3.694931,1.911146
86147,-3.095692,1.320914
86148,-3.268248,1.579063
86149,-3.563623,1.781812
86150,-3.694931,1.911146
86151,-2.938128,0.142820
86152,-3.484462,1.623490
86153,-2.873202,0.400969
86154,-1.303596,-1.488831
86155,-3.153395,0.440071
86156,-3.563623,1.781812
86157,-2.641828,1.320914
86158,-2.116349,-1.634021
86159,-2.793116,1.623490
86160,-3.826239,1.652478
86161,-1.760035,1.320914
86162,-3.652478,1.826239
86163,-3.824265,1.781812
86164,-2.431855,0.900969
86165,-3.911146,1.955573
86166,-2.859464,-0.147791
86167,-3.563623,1.781812
86168,-3.095692,1.320914
86169,-2.883745,1.030303
86170,-3.304955,1.652478
86171,-1.824442,1.449729
86172,-2.110972,-1.123490
86173,-2.316833,-1.233052
86174,-3.335148,1.191580
86175,-3.652478,1.826239
86176,-3.158125,1.579063
86177,-3.246980,1.623490
86178,-3.333174,1.320914
86179,-2.367905,-0.134659
86180,-3.650504,1.955573
86181,-3.824265,1.781812
86182,-3.123202,0.900969
86183,-1.762008,1.191580
86184,-3.065499,1.781812
86185,-3.123202,0.900969
86186,-3.326140,1.781812
86187,-2.700489,1.826239
86188,-2.635719,0.400969
86189,-3.158125,1.579063
86190,-2.383160,1.191580
86191,-2.334986,1.579063
86192,-3.478716,2.000000
86193,-1.200484,0.900969
86194,-0.130454,-0.109562
86195,-0.153316,0.142820
86196,-1.978621,0.733052
86197,-2.563163,1.030303
86198,-2.938128,0.142820
86199,-3.650504,1.955573
86200,-2.938128,0.142820
86201,-3.866718,2.000000
86202,-2.711958,1.074730
86203,-3.462508,1.191580
86204,-0.823226,0.326239
86205,-2.144490,0.326239
86206,-2.540461,0.123490
86207,-1.717979,0.733052
86208,-2.670453,0.603718
86209,-3.911146,1.955573
86210,-3.563623,1.781812
86211,-1.917063,0.093187
86212,-2.670453,0.603718
86213,-2.440004,0.142820
86214,-2.316833,-1.233052
86215,-2.964384,1.191580
86216,-3.824265,1.781812
86217,-2.431855,0.900969
86218,-0.207561,-0.033258
86219,0.100765,-0.365341
86220,-1.955475,-0.826239
86221,-3.158125,1.579063
86222,-3.158125,1.579063
86223,-2.149460,1.074730
86224,-1.588247,1.365341
86225,-3.397582,1.449729
86226,-3.650504,1.955573
86227,-3.335148,1.191580
86228,-2.176109,0.777479
86229,-3.563623,1.781812
86230,-2.777479,-0.445042
86231,-2.844057,0.730682
86232,-2.493959,1.246980
86233,-4.000000,2.000000
86234,-2.272552,1.320914
86235,-2.367905,-0.134659
86236,-2.859464,-0.147791
86237,-1.977662,0.988831
86238,-2.885719,0.900969
86239,-2.144490,0.326239
86240,-2.155959,-0.425270
86241,-1.717979,0.733052
86242,-1.762008,1.191580
86243,-3.123202,0.900969
86244,-1.551584,-1.634021
86245,-1.811776,-1.721883
86246,-2.654083,-0.425270
86247,-2.706235,1.449729
86248,-3.158125,1.579063
86249,-3.658223,1.449729
86250,-3.822291,1.911146
86251,-2.261572,-0.955573
86252,-3.215828,0.698220
86253,-2.334986,1.579063
86254,-3.158125,1.579063
86255,-3.065499,1.781812
86256,-3.427775,0.988831
86257,-2.899457,1.449729
86258,-3.158125,1.579063
86259,-2.872277,1.781812
86260,-3.911146,1.955573
86261,-3.563623,1.781812
86262,-1.922262,1.652478
86263,-1.926590,-0.109562
86264,-1.475625,-0.623490
86265,-0.985218,0.603718
86266,-2.899457,1.449729
86267,-2.141244,1.191580
86268,-2.635719,0.400969
86269,-1.423694,-1.889800
86270,-1.132335,-0.826239
86271,-0.584824,-0.033258
86272,-3.650504,1.955573
86273,-1.833963,0.093187
86274,-1.231001,-1.634021
86275,-3.656250,1.579063
86276,-3.484462,1.623490
86277,-3.158125,1.579063
86278,-3.167133,0.988831
86279,-0.259807,0.222521
86280,-3.650504,1.955573
86281,-2.810768,0.142820
86282,-3.397582,1.449729
86283,-3.658223,1.449729
86284,-3.658223,1.449729
86285,-3.563623,1.781812
86286,-2.349870,0.603718
86287,-3.326140,1.781812
86288,-3.326140,1.781812
86289,-3.335148,1.191580
86290,-2.899457,1.449729
86291,-3.335148,1.191580
86292,-3.152379,1.955573
86293,-2.242359,1.781812
86294,-3.335148,1.191580
86295,-3.335148,1.191580
86296,-3.167133,0.988831
86297,-3.427775,0.988831
86298,-0.643478,-0.033258
86299,-3.397582,1.449729
86300,-3.563623,1.781812
86301,-2.598822,-0.147791
86302,0.188627,-0.277479
86303,-3.335148,1.191580
86304,-3.335148,1.191580
86305,-3.335148,1.191580
86306,-2.493959,1.246980
86307,-2.730682,1.365341
86308,-1.703282,0.440071
86309,-3.304955,1.652478
86310,-2.844057,0.730682
86311,-3.490208,1.246980
86312,-3.152379,1.955573
86313,-2.635719,0.400969
86314,-3.658223,1.449729
86315,-0.642527,-0.914101
86316,-1.170844,-1.233052
86317,-2.993868,1.030303
86318,-3.281713,1.826239
86319,-3.692957,1.652478
86320,-2.873202,0.400969
86321,-3.911146,1.955573
86322,-2.526723,-0.425270
86323,-1.280886,-1.400969
86324,-2.670453,0.603718
86325,-3.528889,1.579063
86326,-2.141244,1.191580
86327,-3.326140,1.781812
86328,-2.388932,-0.955573
86329,-0.652478,0.326239
86330,-3.650504,1.955573
86331,-3.051264,1.365341
86332,-0.602063,-0.162592
86333,-1.088404,-0.914101
86334,-2.700489,1.826239
86335,-3.158125,1.579063
86336,-2.383160,1.191580
86337,-3.324167,1.911146
86338,-3.326140,1.781812
86339,-3.152379,1.955573
86340,-1.309583,-0.955573
86341,-3.158125,1.579063
86342,-2.730682,1.365341
86343,-2.885719,0.900969
86344,-3.326140,1.781812
86345,-2.060606,1.030303
86346,-1.978621,0.733052
86347,-2.883745,1.030303
86348,-2.119812,-0.109562
86349,-0.150295,-0.147791
86350,-2.136480,0.698220
86351,-3.911146,1.955573
86352,-3.484462,1.623490
86353,-3.911146,1.955573
86354,-2.670453,0.603718
86355,-1.681370,1.030303
86356,-2.899457,1.449729
86357,-2.576901,1.579063
86358,-2.635719,0.400969
86359,-3.694931,1.911146
86360,-2.793116,1.623490
86361,-2.235810,0.730682
86362,-3.281713,1.826239
86363,-2.993868,1.030303
86364,-3.484462,1.623490
86365,-3.623490,1.246980
86366,-3.824265,1.781812
86367,-3.824265,1.781812
86368,-2.641828,1.320914
86369,-2.872277,1.781812
86370,-0.383297,0.099031
86371,-1.873040,-1.211352
86372,-1.801938,0.900969
86373,-1.397882,0.603718
86374,-0.709622,0.099031
86375,-2.777479,-0.445042
86376,-2.349870,0.603718
86377,-2.730682,1.365341
86378,-2.155959,-0.425270
86379,-2.347897,0.733052
86380,-0.198062,0.099031
86381,-3.490208,1.246980
86382,-3.158125,1.579063
86383,-3.824265,1.781812
86384,-3.563623,1.781812
86385,-1.284124,-0.134659
86386,-3.822291,1.911146
86387,-2.336959,1.449729
86388,-2.272552,1.320914
86389,-3.824265,1.781812
86390,-3.824265,1.781812
86391,-3.095692,1.320914
86392,-2.337712,0.326239
86393,-3.158125,1.579063
86394,-2.872277,1.781812
86395,-3.158125,1.579063
86396,-2.700489,1.826239
86397,-3.335148,1.191580
86398,-3.478716,2.000000
86399,-2.883745,1.030303
86400,-3.652478,1.826239
86401,-1.168783,-0.365341
86402,-2.144490,0.326239
86403,-2.184738,-0.367711
86404,-1.445881,-0.074730
86405,-2.938128,0.142820
86406,0.420083,1.030303
86407,-2.706235,1.449729
86408,-2.644197,-0.445042
86409,-3.955573,1.911146
86410,-2.337712,0.326239
86411,-2.793116,1.623490
86412,-3.095692,1.320914
86413,-2.394628,0.440071
86414,-2.466259,1.191580
86415,-2.051596,1.911146
86416,-1.574735,-0.425270
86417,-3.563623,1.781812
86418,-3.268248,1.579063
86419,-3.911146,1.955573
86420,-3.694931,1.911146
86421,-2.641828,1.320914
86422,-3.095692,1.320914
86423,-3.779838,1.826239
86424,-1.361599,-0.367711
86425,-3.779838,1.826239
86426,-3.194833,1.652478
86427,-2.228125,1.365341
86428,-1.557314,-0.109562
86429,-3.955573,1.911146
86430,-2.466259,1.191580
86431,-1.681370,1.030303
86432,-0.011858,0.123490
86433,-2.700489,1.826239
86434,-2.272552,1.320914
86435,-1.179763,1.911146
86436,-2.334986,1.579063
86437,-1.121986,-0.722521
86438,-2.635719,0.400969
86439,1.645994,-0.425270
86440,-3.427775,0.988831
86441,-2.176109,0.777479
86442,-0.688917,1.781812
86443,-2.493959,1.246980
86444,-3.158125,1.579063
86445,-2.493959,1.246980
86446,-3.427775,0.988831
86447,-3.065499,1.781812
86448,-0.382320,0.988831
86449,-3.335148,1.191580
86450,-3.911146,1.955573
86451,-3.427775,0.988831
86452,-3.397582,1.449729
86453,-3.123202,0.900969
86454,-3.333174,1.320914
86455,-3.822291,1.911146
86456,-3.911146,1.955573
86457,-3.478716,2.000000
86458,-2.385621,1.030303
86459,-3.656250,1.579063
86460,-2.941449,0.149460
86461,0.140244,0.123490
86462,-0.534124,-0.134659
86463,-3.528889,1.579063
86464,-3.563623,1.781812
86465,-3.824265,1.781812
86466,-2.885719,0.900969
86467,-1.558067,-1.233052
86468,-1.731730,-0.277479
86469,-3.652478,1.826239
86470,-1.945199,0.149460
86471,-3.652478,1.826239
86472,-3.656250,1.579063
86473,-1.588247,1.365341
86474,-1.849772,0.733052
86475,-2.343556,-0.658322
86476,-2.336959,1.449729
86477,-2.892753,0.440071
86478,-2.056191,-1.233052
86479,-1.914041,-0.134659
86480,-2.730682,1.365341
86481,0.432157,-0.535628
86482,-3.656250,1.579063
86483,-3.658223,1.449729
86484,-2.349870,0.603718
86485,-2.810768,0.142820
86486,-2.730682,1.365341
86487,-1.922262,1.652478
86488,-1.475625,-0.623490
86489,-1.928302,-1.488831
86490,-2.002903,1.911146
86491,0.525215,-0.826239
86492,-2.208111,1.449729
86493,-2.119812,-0.109562
86494,-3.955573,1.911146
86495,-2.259209,0.777479
86496,-3.694931,1.911146
86497,-2.394628,0.440071
86498,-2.635719,0.400969
86499,-0.500689,-0.365341
86500,-1.593993,0.988831
86501,-0.121614,-1.123490
86502,-2.056191,-1.233052
86503,-2.347897,0.733052
86504,-3.824265,1.781812
86505,-3.152379,1.955573
86506,-3.911146,1.955573
86507,-3.397582,1.449729
86508,-3.102206,1.246980
86509,-3.911146,1.955573
86510,-1.960449,1.826239
86511,-2.872277,1.781812
86512,-3.281713,1.826239
86513,-2.371693,1.652478
86514,0.140244,0.123490
86515,1.638641,0.093187
86516,-2.700489,1.826239
86517,-2.349870,0.603718
86518,-2.899457,1.449729
86519,-2.385621,1.030303
86520,-2.261572,-0.955573
86521,-2.941449,0.149460
86522,-4.000000,2.000000
86523,-3.652478,1.826239
86524,-2.518736,1.074730
86525,-3.427775,0.988831
86526,-2.149460,1.074730
86527,-0.151626,1.579063
86528,-3.324167,1.911146
86529,-2.060606,1.030303
86530,-3.246980,1.623490
86531,-1.858780,0.142820
86532,-2.835050,1.320914
86533,-2.730682,1.365341
86534,-3.563623,1.781812
86535,-3.065499,1.781812
86536,-2.349870,0.603718
86537,-1.731816,1.652478
86538,-2.885719,0.900969
86539,-3.490208,1.246980
86540,-2.294861,-0.367711
86541,-3.215828,0.698220
86542,-3.484462,1.623490
86543,-1.955475,-0.826239
86544,-1.406715,-0.277479
86545,-3.650504,1.955573
86546,-3.911146,1.955573
86547,-3.652478,1.826239
86548,-2.706235,1.449729
86549,-3.335148,1.191580
86550,-3.167133,0.988831
86551,-2.641828,1.320914
86552,-0.916907,-0.365341
86553,-3.158125,1.579063
86554,-1.858780,0.142820
86555,-0.643478,-0.033258
86556,-2.810768,0.142820
86557,-1.550062,0.900969
86558,-2.730682,1.365341
86559,-1.690819,-1.488831
86560,-2.106074,-0.658322
86561,-2.711958,1.074730
86562,-3.304955,1.652478
86563,-1.171501,-0.623490
86564,-3.123202,0.900969
86565,-2.100697,-0.147791
86566,-0.121146,-0.425270
86567,-2.885719,0.900969
86568,-2.002903,1.911146
86569,-3.484462,1.623490
86570,-0.642527,-0.914101
86571,-1.551012,1.781812
86572,-2.051596,1.911146
86573,-3.065499,1.781812
86574,-3.694931,1.911146
86575,-2.706235,1.449729
86576,-1.116526,0.733052
86577,-3.065499,1.781812
86578,-3.658223,1.449729
86579,-2.347897,0.733052
86580,-2.316833,-1.233052
86581,-0.285935,0.123490
86582,-3.123202,0.900969
86583,-3.215828,0.698220
86584,-2.793116,1.623490
86585,-2.383160,1.191580
86586,-1.441541,-1.466104
86587,0.179425,-0.134659
86588,-2.367905,-0.134659
86589,-1.643120,1.191580
86590,-3.824265,1.781812
86591,-1.928302,-1.488831
86592,-3.563623,1.781812
86593,-1.643120,1.191580
86594,-3.095692,1.320914
86595,-2.410859,1.246980
86596,-2.235810,0.730682
86597,-1.801938,0.900969
86598,-2.872277,1.781812
86599,-3.658223,1.449729
86600,-1.330319,-0.914101
86601,-2.176109,0.777479
86602,-3.822291,1.911146
86603,-3.333174,1.320914
86604,-3.324167,1.911146
86605,-3.427775,0.988831
86606,-2.717704,0.698220
86607,-4.000000,2.000000
86608,-3.652478,1.826239
86609,-1.406715,-0.277479
86610,-3.427775,0.988831
86611,-2.294861,-0.367711
86612,-3.324167,1.911146
86613,-2.899457,1.449729
86614,-1.928302,-1.488831
86615,-0.569543,-0.955573
86616,-2.883745,1.030303
86617,-1.588247,1.365341
86618,-3.563623,1.781812
86619,-1.314088,-0.074730
86620,-3.333174,1.320914
86621,-3.528889,1.579063
86622,-1.349578,0.500000
86623,-2.993868,1.030303
86624,-3.484462,1.623490
86625,-3.528889,1.579063
86626,-0.766862,-0.658322
86627,-0.842470,-1.889800
86628,-2.337712,0.326239
86629,-2.669008,0.988831
86630,-2.242359,1.781812
86631,-3.528889,1.579063
86632,-2.410859,1.246980
86633,-3.694931,1.911146
86634,-3.824265,1.781812
86635,-3.563623,1.781812
86636,-2.302521,1.030303
86637,-1.384971,1.449729
86638,-1.200484,0.900969
86639,-0.749532,0.698220
86640,-2.394628,0.440071
86641,-3.462508,1.191580
86642,-2.466259,1.191580
86643,-3.167133,0.988831
86644,-1.280886,-1.400969
86645,-3.484462,1.623490
86646,-2.899457,1.449729
86647,-3.153395,0.440071
86648,-0.044056,0.054604
86649,1.645994,-0.425270
86650,-1.713557,-0.535628
86651,-3.095692,1.320914
86652,-3.563623,1.781812
86653,-2.144490,0.326239
86654,-3.779838,1.826239
86655,-3.563623,1.781812
86656,-2.793116,1.623490
86657,-1.601453,0.500000
86658,-3.167133,0.988831
86659,-1.551012,1.781812
86660,-2.208111,1.449729
86661,-1.051938,0.900969
86662,-0.298920,0.149460
86663,-2.669008,0.988831
86664,-3.652478,1.826239
86665,-3.484462,1.623490
86666,-3.304955,1.652478
86667,-2.337712,0.326239
86668,-3.563623,1.781812
86669,-1.384971,1.449729
86670,-3.427775,0.988831
86671,-2.641828,1.320914
86672,-1.044797,-0.109562
86673,-1.624178,-1.488831
86674,-3.911146,1.955573
86675,-2.872277,1.781812
86676,-2.311457,-0.722521
86677,-2.099031,-1.801938
86678,-2.163198,1.623490
86679,-3.153395,0.440071
86680,-2.700489,1.826239
86681,-2.810768,0.142820
86682,-2.605388,-0.134659
86683,-2.430339,0.123490
86684,-3.304955,1.652478
86685,-2.461033,1.955573
86686,-2.899457,1.449729
86687,-3.158125,1.579063
86688,-3.324167,1.911146
86689,-3.478716,2.000000
86690,-3.153395,0.440071
86691,-2.874250,1.652478
86692,-3.822291,1.911146
86693,-1.062213,-0.074730
86694,0.317270,-0.914101
86695,-3.484462,1.623490
86696,-2.706235,1.449729
86697,-1.914041,-0.134659
86698,-3.692957,1.652478
86699,-3.065499,1.781812
86700,-3.623490,1.246980
86701,-2.181855,0.400969
86702,-3.694931,1.911146
86703,-2.144490,0.326239
86704,-3.650504,1.955573
86705,-3.484462,1.623490
86706,-3.694931,1.911146
86707,0.744943,0.988831
86708,-3.281713,1.826239
86709,-3.692957,1.652478
86710,-1.592048,0.093187
86711,-2.141244,1.191580
86712,-3.123202,0.900969
86713,-2.208111,1.449729
86714,-3.955573,1.911146
86715,-3.281713,1.826239
86716,-2.899457,1.449729
86717,-2.892753,0.440071
86718,-3.694931,1.911146
86719,-3.167133,0.988831
86720,-2.541119,0.733052
86721,-3.911146,1.955573
86722,-2.336959,1.449729
86723,-3.650504,1.955573
86724,-3.955573,1.911146
86725,-3.692957,1.652478
86726,-3.650504,1.955573
86727,-2.837543,1.579063
86728,-3.246980,1.623490
86729,-3.866718,2.000000
86730,-2.892753,0.440071
86731,-3.152379,1.955573
86732,-3.955573,1.911146
86733,-1.847313,0.603718
86734,-2.466259,1.191580
86735,-3.911146,1.955573
86736,-3.528889,1.579063
86737,-3.694931,1.911146
86738,-2.011910,1.320914
86739,-3.281713,1.826239
86740,-3.333174,1.320914
86741,-3.434289,1.911146
86742,-3.088468,0.698220
86743,-3.824265,1.781812
86744,-3.824265,1.781812
86745,-2.837543,1.579063
86746,-3.088468,0.698220
86747,-3.246980,1.623490
86748,-1.648630,-0.277479
86749,-3.911146,1.955573
86750,-3.268248,1.579063
86751,-2.872277,1.781812
86752,-3.528889,1.579063
86753,-1.168783,-0.365341
86754,-3.911146,1.955573
86755,-3.268248,1.579063
86756,-3.427775,0.988831
86757,-3.779838,1.826239
86758,-3.088468,0.698220
86759,-2.109756,0.123490
86760,-3.623490,1.246980
86761,-3.088468,0.698220
86762,-2.371693,1.652478
86763,-2.136480,0.698220
86764,-2.837543,1.579063
86765,-2.336959,1.449729
86766,-2.109756,0.123490
86767,-3.167133,0.988831
86768,-3.484462,1.623490
86769,-3.911146,1.955573
86770,-3.434289,1.911146
86771,-3.911146,1.955573
86772,-0.583781,0.500000
86773,-0.637763,-0.535628
86774,-2.777479,-0.445042
86775,-1.207436,0.603718
86776,-3.652478,1.826239
86777,-3.563623,1.781812
86778,-3.335148,1.191580
86779,-3.652478,1.826239
86780,-2.383160,1.191580
86781,-0.102430,-1.889800
86782,-2.793116,1.623490
86783,-3.335148,1.191580
86784,-1.955475,-0.826239
86785,-3.658223,1.449729
86786,-1.849772,0.733052
86787,-3.161387,1.365341
86788,-3.335148,1.191580
86789,-3.656250,1.579063
86790,-0.873667,-0.955573
86791,-2.892753,0.440071
86792,-2.056191,-1.233052
86793,-3.333174,1.320914
86794,-2.598822,-0.147791
86795,-3.335148,1.191580
86796,-2.060606,1.030303
86797,-2.730682,1.365341
86798,-1.492359,1.781812
86799,-1.551012,1.781812
86800,-0.911146,0.455573
86801,-3.153395,0.440071
86802,-3.484462,1.623490
86803,-0.801039,-1.488831
86804,-2.144490,0.326239
86805,-1.026723,1.074730
86806,-2.563163,1.030303
86807,-3.281713,1.826239
86808,-1.801938,0.900969
86809,-3.563623,1.781812
86810,-2.742943,1.911146
86811,-2.109756,0.123490
86812,-2.872277,1.781812
86813,-2.518736,1.074730
86814,-3.650504,1.955573
86815,-3.563623,1.781812
86816,-2.336959,1.449729
86817,-3.650504,1.955573
86818,-3.650504,1.955573
86819,-2.670453,0.603718
86820,-1.801938,0.900969
86821,-2.051596,1.911146
86822,-2.993868,1.030303
86823,-3.822291,1.911146
86824,-1.637893,1.955573
86825,-3.490208,1.246980
86826,-1.475625,-0.623490
86827,-3.490208,1.246980
86828,-3.911146,1.955573
86829,-2.383160,1.191580
86830,-3.563623,1.781812
86831,-1.731816,1.652478
86832,-1.461364,0.730682
86833,-3.158125,1.579063
86834,-2.711958,1.074730
86835,-0.130454,-0.109562
86836,-1.845869,0.988831
86837,-3.528889,1.579063
86838,-2.518736,1.074730
86839,-2.235810,0.730682
86840,-2.696708,1.652478
86841,-1.695108,1.579063
86842,-1.261910,1.320914
86843,-1.551012,1.781812
86844,-3.656250,1.579063
86845,-2.256195,-0.445042
86846,-2.261572,-0.955573
86847,-3.826239,1.652478
86848,-3.335148,1.191580
86849,-2.700489,1.826239
86850,-2.349870,0.603718
86851,-3.427775,0.988831
86852,-2.337712,0.326239
86853,-2.885719,0.900969
86854,-1.717542,-0.914101
86855,-1.207436,0.603718
86856,-2.002903,1.911146
86857,-2.711958,1.074730
86858,-1.955475,-0.826239
86859,-0.735570,1.191580
86860,-3.158125,1.579063
86861,-1.955475,-0.826239
86862,-3.065499,1.781812
86863,-3.658223,1.449729
86864,-3.304955,1.652478
86865,-3.427775,0.988831
86866,-3.153395,0.440071
86867,-3.563623,1.781812
86868,-3.268248,1.579063
86869,-3.824265,1.781812
86870,-2.242359,1.781812
86871,-3.102206,1.246980
86872,-0.149926,-0.367711
86873,-3.158125,1.579063
86874,-2.859464,-0.147791
86875,-2.334986,1.579063
86876,-2.493959,1.246980
86877,-0.349031,0.400969
86878,-0.621791,-0.955573
86879,-0.866720,-1.233052
86880,-1.168783,-0.365341
86881,-3.658223,1.449729
86882,-3.911146,1.955573
86883,-3.694931,1.911146
86884,-1.933731,0.900969
86885,-3.333174,1.320914
86886,-3.123202,0.900969
86887,-3.281713,1.826239
86888,-3.268248,1.579063
86889,-2.793116,1.623490
86890,-3.123202,0.900969
86891,-3.434289,1.911146
86892,-2.670453,0.603718
86893,-0.709394,0.440071
86894,-1.557314,-0.109562
86895,-3.427775,0.988831
86896,-0.009807,-0.277479
86897,-1.588247,1.365341
86898,-2.541119,0.733052
86899,-2.056191,-1.233052
86900,-1.713557,-0.535628
86901,-3.304955,1.652478
86902,-2.493959,1.246980
86903,-3.065499,1.781812
86904,-3.065499,1.781812
86905,-3.215828,0.698220
86906,-3.065499,1.781812
86907,-2.641828,1.320914
86908,-3.167133,0.988831
86909,-1.836861,1.579063
86910,-1.801938,0.900969
86911,-3.652478,1.826239
86912,-3.397582,1.449729
86913,-3.152379,1.955573
86914,-2.461033,1.955573
86915,-0.847680,1.246980
86916,-1.849772,0.733052
86917,-2.334986,1.579063
86918,-3.563623,1.781812
86919,-2.242359,1.781812
86920,-2.461033,1.955573
86921,-2.899457,1.449729
86922,-2.060606,1.030303
86923,-2.826042,1.911146
86924,-1.062213,-0.074730
86925,-2.793116,1.623490
86926,-2.343556,-0.658322
86927,-2.261572,-0.955573
86928,-1.207436,0.603718
86929,-3.158125,1.579063
86930,-3.650504,1.955573
86931,-3.563623,1.781812
86932,-2.700489,1.826239
86933,-3.304955,1.652478
86934,-2.261572,-0.955573
86935,-2.383160,1.191580
86936,-3.158125,1.579063
86937,-3.335148,1.191580
86938,-2.493959,1.246980
86939,-2.060606,1.030303
86940,-3.158125,1.579063
86941,-0.637763,-0.535628
86942,-1.703282,0.440071
86943,-1.088404,-0.914101
86944,-3.650504,1.955573
86945,-1.928302,-1.488831
86946,-1.813332,-0.722521
86947,-2.100697,-0.147791
86948,-3.658223,1.449729
86949,-3.304955,1.652478
86950,-3.152379,1.955573
86951,-3.427775,0.988831
86952,-2.349870,0.603718
86953,-3.911146,1.955573
86954,-3.246980,1.623490
86955,-2.518736,1.074730
86956,-2.176109,0.777479
86957,-1.922262,1.652478
86958,-2.349870,0.603718
86959,-1.836861,1.579063
86960,-3.652478,1.826239
86961,-2.337712,0.326239
86962,-2.272552,1.320914
86963,-3.658223,1.449729
86964,-2.835050,1.320914
86965,-3.822291,1.911146
86966,-3.324167,1.911146
86967,-1.794458,-1.889800
86968,-2.899457,1.449729
86969,-1.917063,0.093187
86970,-2.576901,1.579063
86971,-2.563163,1.030303
86972,-2.892753,0.440071
86973,-1.988459,-1.889800
86974,-2.500000,-1.000000
86975,-3.692957,1.652478
86976,-3.484462,1.623490
86977,-3.397582,1.449729
86978,-3.528889,1.579063
86979,-2.181855,0.400969
86980,-3.088468,0.698220
86981,-3.650504,1.955573
86982,-3.911146,1.955573
86983,-2.015156,0.455573
86984,0.486254,-1.400969
86985,-0.969501,-1.801938
86986,-1.926590,-0.109562
86987,-4.000000,2.000000
86988,-3.158125,1.579063
86989,-2.598822,-0.147791
86990,-3.397582,1.449729
86991,-3.563623,1.781812
86992,-3.484462,1.623490
86993,-2.826042,1.911146
86994,-2.493959,1.246980
86995,-3.324167,1.911146
86996,-2.641828,1.320914
86997,-2.883745,1.030303
86998,-1.396440,0.698220
86999,-1.413198,1.623490
87000,-3.911146,1.955573
87001,-1.361599,-0.367711
87002,-1.557314,-0.109562
87003,-2.892753,0.440071
87004,-3.692957,1.652478
87005,-3.333174,1.320914
87006,-2.835050,1.320914
87007,-1.855707,-1.634021
87008,-1.409351,-0.147791
87009,-3.397582,1.449729
87010,-2.136480,0.698220
87011,-3.102206,1.246980
87012,-3.281713,1.826239
87013,-1.703282,0.440071
87014,-1.466104,0.733052
87015,-3.484462,1.623490
87016,-2.706235,1.449729
87017,-1.977662,0.988831
87018,-3.152379,1.955573
87019,-3.065499,1.781812
87020,-2.347897,0.733052
87021,-3.528889,1.579063
87022,-2.706235,1.449729
87023,-3.194833,1.652478
87024,-3.694931,1.911146
87025,-2.964384,1.191580
87026,-1.601453,0.500000
87027,-3.268248,1.579063
87028,-3.563623,1.781812
87029,-2.461033,1.955573
87030,-3.563623,1.781812
87031,-3.281713,1.826239
87032,-3.563623,1.781812
87033,-3.866718,2.000000
87034,-3.333174,1.320914
87035,-3.779838,1.826239
87036,-2.938128,0.142820
87037,-1.534266,-1.801938
87038,-0.024843,0.149460
87039,-0.272214,-0.955573
87040,-1.086885,-1.400969
87041,-3.528889,1.579063
87042,-3.333174,1.320914
87043,-2.410859,1.246980
87044,-3.955573,1.911146
87045,-1.643120,1.191580
87046,-1.420728,1.030303
87047,-1.279149,1.191580
87048,-2.563163,1.030303
87049,-2.518736,1.074730
87050,-3.152379,1.955573
87051,-3.911146,1.955573
87052,-2.641828,1.320914
87053,-3.281713,1.826239
87054,-3.088468,0.698220
87055,-3.484462,1.623490
87056,-3.335148,1.191580
87057,-3.335148,1.191580
87058,-1.262697,0.326239
87059,-1.118740,0.142820
87060,-3.268248,1.579063
87061,-2.440004,0.142820
87062,-3.692957,1.652478
87063,-3.434289,1.911146
87064,-3.153395,0.440071
87065,-0.121614,-1.123490
87066,-1.551584,-1.634021
87067,-2.873202,0.400969
87068,-3.281713,1.826239
87069,-3.051264,1.365341
87070,-1.489885,-1.977662
87071,-1.127350,1.826239
87072,-3.335148,1.191580
87073,-2.431855,0.900969
87074,-2.336959,1.449729
87075,-3.324167,1.911146
87076,-2.730682,1.365341
87077,-2.700489,1.826239
87078,-3.333174,1.320914
87079,-3.304955,1.652478
87080,-0.260824,0.093187
87081,-2.343556,-0.658322
87082,-1.811776,-1.721883
87083,-1.280886,-1.400969
87084,-1.568917,-1.211352
87085,-2.993868,1.030303
87086,-1.120429,-1.721883
87087,-3.232059,0.730682
87088,-2.605388,-0.134659
87089,-3.779838,1.826239
87090,-3.326140,1.781812
87091,0.673761,1.652478
87092,-1.855707,-1.634021
87093,-2.266948,-1.466104
87094,-1.123325,0.054604
87095,-3.095692,1.320914
87096,-3.281713,1.826239
87097,-1.978716,-1.000000
87098,-2.343556,-0.658322
87099,-3.194833,1.652478
87100,-3.563623,1.781812
87101,-3.088468,0.698220
87102,-3.102206,1.246980
87103,-3.123202,0.900969
87104,-3.779838,1.826239
87105,-3.397582,1.449729
87106,-3.694931,1.911146
87107,-3.694931,1.911146
87108,-0.983709,-1.123490
87109,-2.780575,0.603718
87110,-3.326140,1.781812
87111,-2.700489,1.826239
87112,-3.158125,1.579063
87113,-2.461033,1.955573
87114,-1.926590,-0.109562
87115,-1.168783,-0.365341
87116,-2.116349,-1.634021
87117,-3.095692,1.320914
87118,-1.466104,0.733052
87119,-1.858780,0.142820
87120,-3.824265,1.781812
87121,-3.822291,1.911146
87122,-2.883745,1.030303
87123,-1.005460,-0.955573
87124,-1.394005,0.455573
87125,-3.434289,1.911146
87126,-2.899457,1.449729
87127,-0.866720,-1.233052
87128,-2.541119,0.733052
87129,-3.065499,1.781812
87130,-3.427775,0.988831
87131,-3.194833,1.652478
87132,-2.870469,2.000000
87133,-2.576901,1.579063
87134,-1.977662,0.988831
87135,-1.423694,-1.889800
87136,-1.284124,-0.134659
87137,-3.563623,1.781812
87138,-1.878417,-1.721883
87139,-1.934194,0.777479
87140,-2.711958,1.074730
87141,-3.779838,1.826239
87142,-0.966034,-0.162592
87143,-1.647948,-0.445042
87144,-2.837543,1.579063
87145,-3.563623,1.781812
87146,-3.088468,0.698220
87147,-3.563623,1.781812
87148,-3.692957,1.652478
87149,-1.419626,-1.123490
87150,-2.899457,1.449729
87151,-2.228125,1.365341
87152,-3.333174,1.320914
87153,-3.281713,1.826239
87154,-2.859464,-0.147791
87155,-3.694931,1.911146
87156,-3.333174,1.320914
87157,-3.326140,1.781812
87158,-3.692957,1.652478
87159,-3.434289,1.911146
87160,-3.397582,1.449729
87161,-3.095692,1.320914
87162,-1.849772,0.733052
87163,-3.484462,1.623490
87164,-3.528889,1.579063
87165,-2.872277,1.781812
87166,-1.574735,-0.425270
87167,-2.109756,0.123490
87168,-2.466259,1.191580
87169,-3.658223,1.449729
87170,-3.528889,1.579063
87171,-3.246980,1.623490
87172,-3.658223,1.449729
87173,-3.281713,1.826239
87174,-2.336959,1.449729
87175,-2.056191,-1.233052
87176,-2.316833,-1.233052
87177,-1.945199,0.149460
87178,-1.607199,0.123490
87179,-2.938128,0.142820
87180,-2.208111,1.449729
87181,-1.917063,0.093187
87182,-2.635719,0.400969
87183,-1.200484,0.900969
87184,-3.824265,1.781812
87185,-3.692957,1.652478
87186,-2.670453,0.603718
87187,0.413119,1.652478
87188,-2.793116,1.623490
87189,-2.337712,0.326239
87190,-2.563163,1.030303
87191,-3.281713,1.826239
87192,-1.847313,0.603718
87193,-2.899457,1.449729
87194,-3.528889,1.579063
87195,-2.184738,-0.367711
87196,-3.694931,1.911146
87197,-2.563163,1.030303
87198,-2.837543,1.579063
87199,-2.742943,1.911146
87200,-3.194833,1.652478
87201,-2.938128,0.142820
87202,-3.824265,1.781812
87203,-2.964384,1.191580
87204,-2.109756,0.123490
87205,0.474785,0.326239
87206,-3.484462,1.623490
87207,-2.141244,1.191580
87208,-2.163198,1.623490
87209,-3.955573,1.911146
87210,-3.694931,1.911146
87211,-2.644197,-0.445042
87212,-3.434289,1.911146
87213,-2.576901,1.579063
87214,-3.281713,1.826239
87215,-3.095692,1.320914
87216,-3.246980,1.623490
87217,-3.462508,1.191580
87218,-2.964384,1.191580
87219,-2.242359,1.781812
87220,-3.246980,1.623490
87221,-2.872277,1.781812
87222,-3.095692,1.320914
87223,-2.228125,1.365341
87224,-3.281713,1.826239
87225,-2.885719,0.900969
87226,-3.281713,1.826239
87227,-3.650504,1.955573
87228,-3.563623,1.781812
87229,-3.281713,1.826239
87230,-2.635719,0.400969
87231,-3.692957,1.652478
87232,-2.641828,1.320914
87233,-3.462508,1.191580
87234,-2.553446,0.149460
87235,-1.988459,-1.889800
87236,-1.171501,-0.623490
87237,-1.445881,-0.074730
87238,-2.700489,1.826239
87239,-3.911146,1.955573
87240,-3.123202,0.900969
87241,-2.383160,1.191580
87242,-3.335148,1.191580
87243,-3.563623,1.781812
87244,-3.911146,1.955573
87245,-2.383160,1.191580
87246,-3.427775,0.988831
87247,-1.713557,-0.535628
87248,-2.394628,0.440071
87249,-2.119812,-0.109562
87250,-1.155045,-0.914101
87251,-2.116349,-1.634021
87252,-1.845869,0.988831
87253,-1.977662,0.988831
87254,-3.528889,1.579063
87255,-2.302521,1.030303
87256,-2.706235,1.449729
87257,-2.563163,1.030303
87258,-2.540461,0.123490
87259,-2.553446,0.149460
87260,-3.462508,1.191580
87261,-1.466104,0.733052
87262,-1.719513,1.246980
87263,-3.658223,1.449729
87264,-2.388932,-0.955573
87265,-1.634892,-0.826239
87266,-2.883745,1.030303
87267,-1.762008,1.191580
87268,-3.397582,1.449729
87269,-2.883745,1.030303
87270,-2.874250,1.652478
87271,-3.563623,1.781812
87272,-3.304955,1.652478
87273,-3.824265,1.781812
87274,-2.700489,1.826239
87275,-3.335148,1.191580
87276,-2.098256,0.455573
87277,-3.123202,0.900969
87278,-3.246980,1.623490
87279,-3.650504,1.955573
87280,-3.246980,1.623490
87281,-3.478716,2.000000
87282,-3.304955,1.652478
87283,-2.383160,1.191580
87284,-2.859464,-0.147791
87285,-2.116349,-1.634021
87286,-2.366718,-1.000000
87287,-2.388932,-0.955573
87288,-3.692957,1.652478
87289,-3.484462,1.623490
87290,-1.934194,0.777479
87291,-0.722906,-0.365341
87292,-2.394628,0.440071
87293,-2.015156,0.455573
87294,-2.144490,0.326239
87295,-2.526723,-0.425270
87296,-2.892753,0.440071
87297,-3.088468,0.698220
87298,-2.394628,0.440071
87299,-3.051264,1.365341
87300,-3.528889,1.579063
87301,-1.934194,0.777479
87302,-1.593993,0.988831
87303,-3.333174,1.320914
87304,-2.133667,-1.466104
87305,-1.577747,-1.801938
87306,-1.926590,-0.109562
87307,-2.700489,1.826239
87308,-2.430339,0.123490
87309,-1.396440,0.698220
87310,-2.374152,1.781812
87311,-3.158125,1.579063
87312,-3.490208,1.246980
87313,-3.826239,1.652478
87314,-2.605388,-0.134659
87315,-3.652478,1.826239
87316,-3.652478,1.826239
87317,-3.478716,2.000000
87318,-1.442336,-1.211352
87319,-2.572099,-0.722521
87320,-0.011858,0.123490
87321,0.871791,1.955573
87322,-3.281713,1.826239
87323,-3.694931,1.911146
87324,-2.440004,0.142820
87325,-2.316833,-1.233052
87326,-1.133363,0.455573
87327,-1.760035,1.320914
87328,-3.268248,1.579063
87329,-2.015156,0.455573
87330,-3.658223,1.449729
87331,-3.462508,1.191580
87332,-3.658223,1.449729
87333,-1.261910,1.320914
87334,-2.563163,1.030303
87335,-3.123202,0.900969
87336,-2.641828,1.320914
87337,-1.960449,1.826239
87338,-2.228125,1.365341
87339,-1.133363,0.455573
87340,-2.641828,1.320914
87341,-2.670453,0.603718
87342,-0.864659,-0.365341
87343,-1.877888,-1.977662
87344,-2.730682,1.365341
87345,-3.822291,1.911146
87346,-2.168944,1.246980
87347,-1.922262,1.652478
87348,-3.484462,1.623490
87349,-2.493959,1.246980
87350,-3.826239,1.652478
87351,-0.643478,-0.033258
87352,-2.540461,0.123490
87353,-3.911146,1.955573
87354,-1.419626,-1.123490
87355,-2.859464,-0.147791
87356,-2.835050,1.320914
87357,-3.088468,0.698220
87358,-3.281713,1.826239
87359,-0.851453,-1.000000
87360,-1.577747,-1.801938
87361,-0.039708,-1.123490
87362,-1.475625,-0.623490
87363,-3.335148,1.191580
87364,-2.605388,-0.134659
87365,-1.849772,0.733052
87366,-2.883745,1.030303
87367,-2.859464,-0.147791
87368,-2.374152,1.781812
87369,-1.637893,1.955573
87370,-3.822291,1.911146
87371,-2.374152,1.781812
87372,-2.316833,-1.233052
87373,-3.528889,1.579063
87374,-2.742943,1.911146
87375,-2.711958,1.074730
87376,-3.088468,0.698220
87377,-2.872277,1.781812
87378,-1.557314,-0.109562
87379,-3.051264,1.365341
87380,-0.873667,-0.955573
87381,-2.266948,-1.466104
87382,-1.864156,-0.367711
87383,-3.333174,1.320914
87384,-3.911146,1.955573
87385,-3.167133,0.988831
87386,-3.158125,1.579063
87387,-2.518736,1.074730
87388,-1.873040,-1.211352
87389,-3.335148,1.191580
87390,-3.824265,1.781812
87391,-3.652478,1.826239
87392,-1.074632,0.054604
87393,-1.717979,0.733052
87394,-3.658223,1.449729
87395,-2.343556,-0.658322
87396,-1.890808,-0.955573
87397,-3.232059,0.730682
87398,-3.095692,1.320914
87399,-3.065499,1.781812
87400,-1.154522,0.988831
87401,-3.911146,1.955573
87402,-3.911146,1.955573
87403,-3.123202,0.900969
87404,-3.911146,1.955573
87405,-3.779838,1.826239
87406,-3.911146,1.955573
87407,-3.427775,0.988831
87408,-2.742943,1.911146
87409,-3.484462,1.623490
87410,-2.873202,0.400969
87411,-3.462508,1.191580
87412,-3.866718,2.000000
87413,-2.892753,0.440071
87414,-2.696708,1.652478
87415,-3.281713,1.826239
87416,-3.528889,1.579063
87417,0.643828,1.579063
87418,-0.913353,-0.365341
87419,-2.136480,0.698220
87420,-2.410859,1.246980
87421,-3.232059,0.730682
87422,-3.528889,1.579063
87423,-1.914041,-0.134659
87424,-2.873202,0.400969
87425,0.982875,0.900969
87426,-1.593993,0.988831
87427,-2.347897,0.733052
87428,-1.762918,-1.211352
87429,-2.644197,-0.445042
87430,-3.281713,1.826239
87431,-2.163198,1.623490
87432,-1.801938,0.900969
87433,-2.235810,0.730682
87434,-2.149460,1.074730
87435,-3.281713,1.826239
87436,-3.563623,1.781812
87437,-2.576901,1.579063
87438,-3.955573,1.911146
87439,-3.427775,0.988831
87440,-3.692957,1.652478
87441,-2.670453,0.603718
87442,-2.136480,0.698220
87443,0.600074,-0.367711
87444,-3.153395,0.440071
87445,-3.434289,1.911146
87446,-2.899457,1.449729
87447,-2.440004,0.142820
87448,-2.635719,0.400969
87449,-1.280886,-1.400969
87450,0.155395,0.093187
87451,-1.890808,-0.955573
87452,-0.709622,0.099031
87453,-3.123202,0.900969
87454,-3.623490,1.246980
87455,-3.824265,1.781812
87456,-2.711958,1.074730
87457,-1.978621,0.733052
87458,-3.528889,1.579063
87459,-2.563163,1.030303
87460,-2.540461,0.123490
87461,-0.967322,0.123490
87462,-2.518736,1.074730
87463,-3.658223,1.449729
87464,-3.051264,1.365341
87465,-2.181855,0.400969
87466,-2.873202,0.400969
87467,-3.326140,1.781812
87468,-1.300576,-0.365341
87469,-0.179571,1.191580
87470,-2.777479,-0.445042
87471,0.073974,-0.445042
87472,-3.650504,1.955573
87473,-2.717704,0.698220
87474,-3.484462,1.623490
87475,-2.844057,0.730682
87476,-3.563623,1.781812
87477,-1.357582,-1.634021
87478,-0.932879,0.054604
87479,-3.333174,1.320914
87480,-2.635719,0.400969
87481,-2.500000,-1.000000
87482,-3.246980,1.623490
87483,-3.692957,1.652478
87484,-3.650504,1.955573
87485,-3.434289,1.911146
87486,-3.694931,1.911146
87487,-3.281713,1.826239
87488,-3.281713,1.826239
87489,-2.859464,-0.147791
87490,-2.518736,1.074730
87491,-3.484462,1.623490
87492,-2.466259,1.191580
87493,-3.268248,1.579063
87494,-3.866718,2.000000
87495,-3.268248,1.579063
87496,-3.065499,1.781812
87497,-1.647948,-0.445042
87498,-0.709622,0.099031
87499,0.295582,-0.147791
87500,-1.775215,0.326239
87501,-1.558067,-1.233052
87502,-1.032469,0.698220
87503,-3.911146,1.955573
87504,-3.652478,1.826239
87505,-2.261572,-0.955573
87506,-1.734301,-1.488831
87507,-3.365341,0.730682
87508,-3.563623,1.781812
87509,-2.706235,1.449729
87510,-2.343556,-0.658322
87511,-1.849772,0.733052
87512,-2.892753,0.440071
87513,-1.727818,-1.889800
87514,-3.650504,1.955573
87515,-3.652478,1.826239
87516,-2.885719,0.900969
87517,-3.826239,1.652478
87518,-2.873202,0.400969
87519,-3.427775,0.988831
87520,-2.430339,0.123490
87521,-2.493959,1.246980
87522,-2.641828,1.320914
87523,-1.836861,1.579063
87524,-3.427775,0.988831
87525,-0.088164,0.142820
87526,-3.232059,0.730682
87527,-1.466104,0.733052
87528,-2.261572,-0.955573
87529,-1.762008,1.191580
87530,-3.652478,1.826239
87531,-3.658223,1.449729
87532,-2.793116,1.623490
87533,-3.652478,1.826239
87534,-2.337712,0.326239
87535,-2.941449,0.149460
87536,-3.822291,1.911146
87537,-2.835050,1.320914
87538,-1.396440,0.698220
87539,-0.854474,-0.623490
87540,-2.874250,1.652478
87541,-2.311457,-0.722521
87542,-2.394628,0.440071
87543,-2.431855,0.900969
87544,-2.440004,0.142820
87545,-2.228125,1.365341
87546,-0.521367,-0.277479
87547,-0.969501,-1.801938
87548,-0.637763,-0.535628
87549,-1.554958,0.777479
87550,-2.706235,1.449729
87551,-2.641828,1.320914
87552,-2.349870,0.603718
87553,-3.824265,1.781812
87554,-3.822291,1.911146
87555,-2.826042,1.911146
87556,-2.826042,1.911146
87557,-3.167133,0.988831
87558,-3.824265,1.781812
87559,-3.158125,1.579063
87560,-2.430339,0.123490
87561,-3.656250,1.579063
87562,-0.764573,0.326239
87563,0.175738,1.623490
87564,-3.051264,1.365341
87565,-2.119812,-0.109562
87566,-3.397582,1.449729
87567,-3.167133,0.988831
87568,-2.144490,0.326239
87569,-1.420728,1.030303
87570,-3.866718,2.000000
87571,-3.434289,1.911146
87572,-3.563623,1.781812
87573,-2.136480,0.698220
87574,-1.648630,-0.277479
87575,-3.955573,1.911146
87576,-2.706235,1.449729
87577,-2.235810,0.730682
87578,-3.051264,1.365341
87579,-1.928302,-1.488831
87580,-3.158125,1.579063
87581,-3.158125,1.579063
87582,-3.158125,1.579063
87583,-1.314088,-0.074730
87584,-2.899457,1.449729
87585,-3.563623,1.781812
87586,-3.490208,1.246980
87587,-2.294861,-0.367711
87588,-3.658223,1.449729
87589,-3.563623,1.781812
87590,-3.911146,1.955573
87591,-1.624178,-1.488831
87592,-1.914041,-0.134659
87593,-2.873202,0.400969
87594,-3.911146,1.955573
87595,-3.095692,1.320914
87596,-3.333174,1.320914
87597,-3.326140,1.781812
87598,-2.730682,1.365341
87599,-3.484462,1.623490
87600,-3.563623,1.781812
87601,-3.822291,1.911146
87602,-3.484462,1.623490
87603,-2.873202,0.400969
87604,-3.158125,1.579063
87605,-3.161387,1.365341
87606,-1.794458,-1.889800
87607,-1.890808,-0.955573
87608,-2.964384,1.191580
87609,-1.643120,1.191580
87610,-1.254687,0.698220
87611,-2.641828,1.320914
87612,-3.194833,1.652478
87613,-3.152379,1.955573
87614,-3.650504,1.955573
87615,-1.960449,1.826239
87616,-2.899457,1.449729
87617,-2.316833,-1.233052
87618,-0.926428,-1.721883
87619,-2.266948,-1.466104
87620,-2.493959,1.246980
87621,-3.304955,1.652478
87622,-3.324167,1.911146
87623,-3.484462,1.623490
87624,-3.658223,1.449729
87625,-2.654083,-0.425270
87626,-3.335148,1.191580
87627,-2.098256,0.455573
87628,-2.669008,0.988831
87629,-2.872277,1.781812
87630,-1.849772,0.733052
87631,-0.211190,0.142820
87632,-0.847680,1.246980
87633,-3.335148,1.191580
87634,-3.656250,1.579063
87635,-2.367905,-0.134659
87636,-2.598822,-0.147791
87637,-1.121986,-0.722521
87638,-3.563623,1.781812
87639,-3.158125,1.579063
87640,-2.826042,1.911146
87641,-3.397582,1.449729
87642,-1.977662,0.988831
87643,-3.822291,1.911146
87644,-2.700489,1.826239
87645,-1.921819,-1.889800
87646,-1.088404,-0.914101
87647,-0.382320,0.988831
87648,0.262522,-0.425270
87649,-3.822291,1.911146
87650,-3.304955,1.652478
87651,-1.833963,0.093187
87652,-3.652478,1.826239
87653,-2.641828,1.320914
87654,-2.899457,1.449729
87655,-2.892753,0.440071
87656,-2.060606,1.030303
87657,-1.314088,-0.074730
87658,-1.813332,-0.722521
87659,-2.256195,-0.445042
87660,-0.700386,1.030303
87661,-0.784266,0.900969
87662,-2.181855,0.400969
87663,-1.873040,-1.211352
87664,-2.302521,1.030303
87665,-1.717542,-0.914101
87666,-3.095692,1.320914
87667,0.066516,-0.033258
87668,-2.302521,1.030303
87669,-3.051264,1.365341
87670,-3.528889,1.579063
87671,-3.563623,1.781812
87672,-2.964384,1.191580
87673,-3.152379,1.955573
87674,-2.100697,-0.147791
87675,-3.528889,1.579063
87676,-3.333174,1.320914
87677,-3.623490,1.246980
87678,-3.911146,1.955573
87679,-2.228125,1.365341
87680,-3.152379,1.955573
87681,-3.281713,1.826239
87682,-3.281713,1.826239
87683,-3.824265,1.781812
87684,-2.347897,0.733052
87685,-3.484462,1.623490
87686,-2.837543,1.579063
87687,-3.462508,1.191580
87688,-3.528889,1.579063
87689,-1.466104,0.733052
87690,-2.670453,0.603718
87691,-3.326140,1.781812
87692,-2.540461,0.123490
87693,-3.065499,1.781812
87694,-3.427775,0.988831
87695,-2.669008,0.988831
87696,-3.779838,1.826239
87697,-3.824265,1.781812
87698,-2.337712,0.326239
87699,-2.711958,1.074730
87700,-3.246980,1.623490
87701,-1.361599,-0.367711
87702,-2.837543,1.579063
87703,-3.051264,1.365341
87704,-3.088468,0.698220
87705,-3.281713,1.826239
87706,-3.779838,1.826239
87707,-3.095692,1.320914
87708,-3.692957,1.652478
87709,-2.742943,1.911146
87710,-2.706235,1.449729
87711,-1.978621,0.733052
87712,-0.801938,0.400969
87713,-3.427775,0.988831
87714,-3.824265,1.781812
87715,-2.938128,0.142820
87716,-3.153395,0.440071
87717,-2.605388,-0.134659
87718,-3.074730,0.149460
87719,-3.911146,1.955573
87720,-3.623490,1.246980
87721,-3.434289,1.911146
87722,-1.681370,1.030303
87723,-1.466104,0.733052
87724,-3.462508,1.191580
87725,-2.228125,1.365341
87726,-3.232059,0.730682
87727,-3.563623,1.781812
87728,-1.643120,1.191580
87729,-2.670453,0.603718
87730,-3.658223,1.449729
87731,-2.837543,1.579063
87732,-3.692957,1.652478
87733,-2.837543,1.579063
87734,-1.926590,-0.109562
87735,-2.144490,0.326239
87736,-3.563623,1.781812
87737,-2.872277,1.781812
87738,-1.801938,0.900969
87739,-3.528889,1.579063
87740,-3.866718,2.000000
87741,-2.641828,1.320914
87742,-2.141244,1.191580
87743,-2.670453,0.603718
87744,-3.333174,1.320914
87745,-2.136480,0.698220
87746,-2.541119,0.733052
87747,-3.051264,1.365341
87748,-3.153395,0.440071
87749,-1.574735,-0.425270
87750,-2.899457,1.449729
87751,-3.051264,1.365341
87752,-3.955573,1.911146
87753,-2.056191,-1.233052
87754,-2.706235,1.449729
87755,-3.333174,1.320914
87756,-3.826239,1.652478
87757,-3.563623,1.781812
87758,-2.793116,1.623490
87759,-1.118740,0.142820
87760,-3.694931,1.911146
87761,-2.644197,-0.445042
87762,-2.100697,-0.147791
87763,-2.780575,0.603718
87764,-3.324167,1.911146
87765,-2.385621,1.030303
87766,-1.955475,-0.826239
87767,-0.586211,-0.147791
87768,-0.521367,-0.277479
87769,-3.650504,1.955573
87770,-2.641828,1.320914
87771,-2.181855,0.400969
87772,-3.911146,1.955573
87773,-3.215828,0.698220
87774,-1.198511,1.030303
87775,-1.717979,0.733052
87776,-3.153395,0.440071
87777,-3.824265,1.781812
87778,-3.158125,1.579063
87779,-1.845869,0.988831
87780,-3.333174,1.320914
87781,-3.658223,1.449729
87782,-2.383160,1.191580
87783,-1.607199,0.123490
87784,-3.563623,1.781812
87785,-1.554958,0.777479
87786,-3.563623,1.781812
87787,-3.822291,1.911146
87788,-3.650504,1.955573
87789,-3.652478,1.826239
87790,-3.822291,1.911146
87791,-3.335148,1.191580
87792,-3.822291,1.911146
87793,-2.810768,0.142820
87794,-2.711958,1.074730
87795,-3.822291,1.911146
87796,-1.955475,-0.826239
87797,-3.246980,1.623490
87798,-3.822291,1.911146
87799,-1.154522,0.988831
87800,-1.717542,-0.914101
87801,-1.833963,0.093187
87802,-2.873202,0.400969
87803,-3.563623,1.781812
87804,-3.911146,1.955573
87805,-2.892753,0.440071
87806,-3.158125,1.579063
87807,-3.490208,1.246980
87808,-1.624178,-1.488831
87809,-1.858780,0.142820
87810,-3.822291,1.911146
87811,-3.822291,1.911146
87812,-3.490208,1.246980
87813,-1.207436,0.603718
87814,-0.709168,-0.914101
87815,-0.032308,-0.914101
87816,-0.260824,0.093187
87817,-1.357582,-1.634021
87818,-2.810768,0.142820
87819,-3.484462,1.623490
87820,-0.650969,0.099031
87821,0.317270,-0.914101
87822,-0.039708,-1.123490
87823,-2.166234,-1.400969
87824,-2.874250,1.652478
87825,-3.427775,0.988831
87826,-3.490208,1.246980
87827,-2.367905,-0.134659
87828,-3.822291,1.911146
87829,-0.779516,-0.535628
87830,-3.333174,1.320914
87831,-3.326140,1.781812
87832,-2.892753,0.440071
87833,-2.837543,1.579063
87834,-3.268248,1.579063
87835,-2.899457,1.449729
87836,-3.484462,1.623490
87837,-0.367567,0.455573
87838,-1.801938,0.900969
87839,-2.563163,1.030303
87840,-3.153395,0.440071
87841,-2.892753,0.440071
87842,-1.120429,-1.721883
87843,-3.158125,1.579063
87844,-2.892753,0.440071
87845,-2.294861,-0.367711
87846,-3.658223,1.449729
87847,-3.650504,1.955573
87848,-2.184738,-0.367711
87849,-3.824265,1.781812
87850,-2.440004,0.142820
87851,-3.194833,1.652478
87852,-1.681370,1.030303
87853,-3.427775,0.988831
87854,-3.911146,1.955573
87855,-2.835050,1.320914
87856,-3.123202,0.900969
87857,-1.877888,-1.977662
87858,-1.643120,1.191580
87859,-2.576901,1.579063
87860,-1.926590,-0.109562
87861,-2.440004,0.142820
87862,-3.866718,2.000000
87863,-3.779838,1.826239
87864,0.260517,-0.033258
87865,-3.694931,1.911146
87866,1.027496,1.579063
87867,-1.475625,-0.623490
87868,-3.563623,1.781812
87869,-2.941449,0.149460
87870,-3.427775,0.988831
87871,-3.826239,1.652478
87872,-2.060606,1.030303
87873,-3.158125,1.579063
87874,-1.922262,1.652478
87875,-2.793116,1.623490
87876,-1.833963,0.093187
87877,-3.427775,0.988831
87878,-2.941449,0.149460
87879,-2.518736,1.074730
87880,-1.703282,0.440071
87881,-1.551584,-1.634021
87882,-2.885719,0.900969
87883,0.325184,-0.162592
87884,-3.335148,1.191580
87885,-2.793116,1.623490
87886,-3.335148,1.191580
87887,-2.941449,0.149460
87888,-3.304955,1.652478
87889,-1.845869,0.988831
87890,-2.717704,0.698220
87891,-2.883745,1.030303
87892,-0.974766,1.579063
87893,-3.246980,1.623490
87894,-2.793116,1.623490
87895,-0.712714,0.222521
87896,-0.254431,0.733052
87897,-3.246980,1.623490
87898,-2.670453,0.603718
87899,-3.065499,1.781812
87900,-3.484462,1.623490
87901,-3.623490,1.246980
87902,-2.641828,1.320914
87903,-1.568917,-1.211352
87904,-3.650504,1.955573
87905,-3.692957,1.652478
87906,-1.121986,-0.722521
87907,-0.087490,0.011169
87908,-3.911146,1.955573
87909,-3.490208,1.246980
87910,-3.158125,1.579063
87911,-3.826239,1.652478
87912,-3.658223,1.449729
87913,-3.652478,1.826239
87914,-2.176109,0.777479
87915,-3.652478,1.826239
87916,-1.116526,0.733052
87917,-2.899457,1.449729
87918,-3.822291,1.911146
87919,-2.385621,1.030303
87920,-1.039708,-0.623490
87921,0.821760,-0.367711
87922,-2.100697,-0.147791
87923,-2.337712,0.326239
87924,-2.242359,1.781812
87925,-3.434289,1.911146
87926,-3.528889,1.579063
87927,-3.658223,1.449729
87928,-2.641828,1.320914
87929,-2.837543,1.579063
87930,-3.563623,1.781812
87931,-3.694931,1.911146
87932,-2.015156,0.455573
87933,-0.700307,0.733052
87934,-3.528889,1.579063
87935,-3.911146,1.955573
87936,-3.088468,0.698220
87937,-2.859464,-0.147791
87938,-3.694931,1.911146
87939,-3.694931,1.911146
87940,-1.233709,-0.623490
87941,-2.598822,-0.147791
87942,-2.302521,1.030303
87943,-3.650504,1.955573
87944,-2.641828,1.320914
87945,-3.434289,1.911146
87946,-2.576901,1.579063
87947,-1.845869,0.988831
87948,-3.065499,1.781812
87949,-3.650504,1.955573
87950,-2.541119,0.733052
87951,-1.890808,-0.955573
87952,-1.051938,0.900969
87953,-2.874250,1.652478
87954,-3.304955,1.652478
87955,-2.899457,1.449729
87956,-1.475625,-0.623490
87957,-2.336959,1.449729
87958,-3.158125,1.579063
87959,-2.793116,1.623490
87960,-2.181855,0.400969
87961,-3.822291,1.911146
87962,-2.493959,1.246980
87963,-3.427775,0.988831
87964,-3.153395,0.440071
87965,-2.383160,1.191580
87966,-2.383160,1.191580
87967,-0.735570,1.191580
87968,-1.836861,1.579063
87969,-1.396440,0.698220
87970,-2.730682,1.365341
87971,-2.394628,0.440071
87972,-2.941449,0.149460
87973,-3.215828,0.698220
87974,-3.658223,1.449729
87975,-3.152379,1.955573
87976,-3.152379,1.955573
87977,-3.822291,1.911146
87978,-2.383160,1.191580
87979,-2.383160,1.191580
87980,-3.095692,1.320914
87981,-1.396440,0.698220
87982,-3.478716,2.000000
87983,-1.845869,0.988831
87984,-0.650969,0.099031
87985,-1.280886,-1.400969
87986,-0.000610,-0.162592
87987,-2.440004,0.142820
87988,-3.246980,1.623490
87989,-1.323809,0.455573
87990,-3.658223,1.449729
87991,-2.576901,1.579063
87992,-2.899457,1.449729
87993,-2.541119,0.733052
87994,-3.051264,1.365341
87995,-2.706235,1.449729
87996,-1.978716,-1.000000
87997,-2.302521,1.030303
87998,-2.873202,0.400969
87999,-3.397582,1.449729
88000,-3.563623,1.781812
88001,-1.717979,0.733052
88002,-3.528889,1.579063
88003,-3.911146,1.955573
88004,-3.326140,1.781812
88005,-1.977662,0.988831
88006,-3.911146,1.955573
88007,-3.281713,1.826239
88008,-2.141244,1.191580
88009,-1.558725,-0.623490
88010,-2.572099,-0.722521
88011,-2.605388,-0.134659
88012,-1.233709,-0.623490
88013,-2.892753,0.440071
88014,-0.538874,0.099031
88015,-1.914041,-0.134659
88016,-2.892753,0.440071
88017,-2.892753,0.440071
88018,-2.311457,-0.722521
88019,-0.285640,0.142820
88020,-3.563623,1.781812
88021,-1.032469,0.698220
88022,-3.324167,1.911146
88023,-3.563623,1.781812
88024,-1.933731,0.900969
88025,-3.911146,1.955573
88026,-3.650504,1.955573
88027,-2.106074,-0.658322
88028,-1.933731,0.900969
88029,-3.065499,1.781812
88030,-3.427775,0.988831
88031,-1.406715,-0.277479
88032,-0.578811,-0.162592
88033,-3.656250,1.579063
88034,-3.563623,1.781812
88035,-3.326140,1.781812
88036,-3.656250,1.579063
88037,-2.859464,-0.147791
88038,-2.872277,1.781812
88039,-3.065499,1.781812
88040,-2.873202,0.400969
88041,-2.941449,0.149460
88042,-2.100697,-0.147791
88043,-2.844057,0.730682
88044,-0.560521,1.449729
88045,-0.926428,-1.721883
88046,-3.490208,1.246980
88047,-2.780575,0.603718
88048,-1.574293,-1.721883
88049,-3.656250,1.579063
88050,-3.656250,1.579063
88051,-1.637893,1.955573
88052,0.276467,-0.109562
88053,-1.121986,-0.722521
88054,-2.873202,0.400969
88055,-1.261910,1.320914
88056,-3.478716,2.000000
88057,-3.656250,1.579063
88058,-2.337712,0.326239
88059,-3.158125,1.579063
88060,-0.248496,0.900969
88061,-3.658223,1.449729
88062,-3.490208,1.246980
88063,-3.563623,1.781812
88064,-4.000000,2.000000
88065,-3.335148,1.191580
88066,-3.167133,0.988831
88067,-2.337712,0.326239
88068,-3.153395,0.440071
88069,-2.892753,0.440071
88070,-3.822291,1.911146
88071,0.259051,-0.074730
88072,-3.397582,1.449729
88073,-2.669008,0.988831
88074,-2.810768,0.142820
88075,-0.533896,0.266948
88076,-2.700489,1.826239
88077,-3.484462,1.623490
88078,-0.549693,-1.233052
88079,-0.447472,-0.425270
88080,-1.507653,-1.721883
88081,-1.011473,1.652478
88082,-2.163198,1.623490
88083,-3.427775,0.988831
88084,-2.938128,0.142820
88085,-1.890808,-0.955573
88086,-3.528889,1.579063
88087,-3.333174,1.320914
88088,-3.650504,1.955573
88089,-2.670453,0.603718
88090,-0.305503,-0.367711
88091,-2.873202,0.400969
88092,-3.167133,0.988831
88093,-2.742943,1.911146
88094,-3.088468,0.698220
88095,-2.793116,1.623490
88096,-2.394628,0.440071
88097,-3.779838,1.826239
88098,-2.859464,-0.147791
88099,-3.650504,1.955573
88100,-2.964384,1.191580
88101,-3.484462,1.623490
88102,-2.938128,0.142820
88103,-2.605388,-0.134659
88104,-3.826239,1.652478
88105,-2.780575,0.603718
88106,-2.181855,0.400969
88107,-0.621791,-0.955573
88108,-1.568917,-1.211352
88109,-2.149460,1.074730
88110,-2.011910,1.320914
88111,-2.136480,0.698220
88112,-2.563163,1.030303
88113,-3.427775,0.988831
88114,-2.837543,1.579063
88115,-2.461033,1.955573
88116,-3.462508,1.191580
88117,-3.824265,1.781812
88118,-1.906779,-0.535628
88119,-1.086885,-1.400969
88120,-2.670453,0.603718
88121,-3.824265,1.781812
88122,-2.964384,1.191580
88123,-2.885719,0.900969
88124,-2.563163,1.030303
88125,-3.167133,0.988831
88126,-1.180804,0.266948
88127,-2.644197,-0.445042
88128,-2.371693,1.652478
88129,-3.434289,1.911146
88130,-2.347897,0.733052
88131,-2.859464,-0.147791
88132,-3.281713,1.826239
88133,-3.955573,1.911146
88134,-3.563623,1.781812
88135,-3.397582,1.449729
88136,-3.434289,1.911146
88137,-3.484462,1.623490
88138,-2.993868,1.030303
88139,-3.434289,1.911146
88140,-3.333174,1.320914
88141,-3.434289,1.911146
88142,-3.065499,1.781812
88143,-2.711958,1.074730
88144,-1.492359,1.781812
88145,-2.466259,1.191580
88146,-0.928928,-1.233052
88147,-0.599578,-1.000000
88148,-1.236955,-1.488831
88149,-0.643478,-0.033258
88150,-2.598822,-0.147791
88151,-0.202183,0.733052
88152,-0.801938,0.400969
88153,-2.256195,-0.445042
88154,-2.176109,0.777479
88155,-3.911146,1.955573
88156,-3.065499,1.781812
88157,-3.158125,1.579063
88158,-2.883745,1.030303
88159,-3.658223,1.449729
88160,-2.844057,0.730682
88161,-3.911146,1.955573
88162,-2.874250,1.652478
88163,-2.208111,1.449729
88164,-2.700489,1.826239
88165,-3.652478,1.826239
88166,-1.137418,-1.466104
88167,-2.706235,1.449729
88168,-2.119812,-0.109562
88169,-3.095692,1.320914
88170,-1.637893,1.955573
88171,-2.670453,0.603718
88172,-2.576901,1.579063
88173,-1.361599,-0.367711
88174,-1.413419,-0.914101
88175,-0.317668,1.911146
88176,-0.985218,0.603718
88177,-2.576901,1.579063
88178,-0.487094,0.603718
88179,-3.434289,1.911146
88180,-3.563623,1.781812
88181,-3.333174,1.320914
88182,-3.911146,1.955573
88183,-3.051264,1.365341
88184,-1.636943,1.074730
88185,-3.779838,1.826239
88186,-0.476251,-0.367711
88187,-1.719513,1.246980
88188,-2.641828,1.320914
88189,-2.371693,1.652478
88190,-3.246980,1.623490
88191,-3.246980,1.623490
88192,-1.811776,-1.721883
88193,-2.343556,-0.658322
88194,-0.186374,0.093187
88195,-3.095692,1.320914
88196,-3.623490,1.246980
88197,-2.706235,1.449729
88198,-2.440004,0.142820
88199,-2.466259,1.191580
88200,-3.779838,1.826239
88201,-3.326140,1.781812
88202,-3.955573,1.911146
88203,-2.742943,1.911146
88204,-3.462508,1.191580
88205,-3.333174,1.320914
88206,-2.873202,0.400969
88207,-1.384971,1.449729
88208,-1.855707,-1.634021
88209,-3.088468,0.698220
88210,-3.484462,1.623490
88211,-3.694931,1.911146
88212,-2.711958,1.074730
88213,-3.462508,1.191580
88214,-3.088468,0.698220
88215,-3.658223,1.449729
88216,-0.983246,-1.000000
88217,-1.557314,-0.109562
88218,-3.478716,2.000000
88219,-2.859464,-0.147791
88220,-1.006419,-1.211352
88221,-3.779838,1.826239
88222,-3.194833,1.652478
88223,-1.813332,-0.722521
88224,-3.167133,0.988831
88225,-1.088404,-0.914101
88226,-0.214510,0.149460
88227,-1.300576,-0.365341
88228,-0.322099,-0.722521
88229,-3.215828,0.698220
88230,-2.572099,-0.722521
88231,-1.801938,0.900969
88232,-3.484462,1.623490
88233,-2.176109,0.777479
88234,-0.756100,1.955573
88235,-0.602063,-0.162592
88236,-1.466104,0.733052
88237,-3.074730,0.149460
88238,-2.440004,0.142820
88239,-3.427775,0.988831
88240,-1.636943,1.074730
88241,-3.694931,1.911146
88242,-3.623490,1.246980
88243,-3.563623,1.781812
88244,-3.232059,0.730682
88245,-3.194833,1.652478
88246,-0.288960,0.149460
88247,-2.184738,-0.367711
88248,-2.302521,1.030303
88249,-3.692957,1.652478
88250,-3.779838,1.826239
88251,-2.964384,1.191580
88252,-3.281713,1.826239
88253,-3.866718,2.000000
88254,-3.123202,0.900969
88255,-3.650504,1.955573
88256,-3.528889,1.579063
88257,-3.563623,1.781812
88258,-3.694931,1.911146
88259,-3.397582,1.449729
88260,-3.955573,1.911146
88261,-2.316833,-1.233052
88262,-3.123202,0.900969
88263,-3.326140,1.781812
88264,0.456523,-0.425270
88265,-0.226309,-0.914101
88266,-1.154522,0.988831
88267,-3.656250,1.579063
88268,-3.333174,1.320914
88269,-0.043581,-1.233052
88270,-1.873490,-1.123490
88271,-1.442336,-1.211352
88272,-2.700489,1.826239
88273,-1.703282,0.440071
88274,-3.822291,1.911146
88275,-3.490208,1.246980
88276,-3.652478,1.826239
88277,-1.270918,0.730682
88278,-1.745664,-1.466104
88279,-1.442336,-1.211352
88280,-2.394628,0.440071
88281,-3.656250,1.579063
88282,-0.186374,0.093187
88283,-1.330319,-0.914101
88284,-2.109756,0.123490
88285,-3.268248,1.579063
88286,-3.051264,1.365341
88287,-3.484462,1.623490
88288,-3.528889,1.579063
88289,-3.051264,1.365341
88290,-3.194833,1.652478
88291,-3.074730,0.149460
88292,-3.528889,1.579063
88293,-2.873202,0.400969
88294,-1.149815,1.320914
88295,-2.711958,1.074730
88296,-1.534266,-1.801938
88297,-1.607199,0.123490
88298,-2.106074,-0.658322
88299,-1.309583,-0.955573
88300,-3.158125,1.579063
88301,-3.563623,1.781812
88302,-2.654083,-0.425270
88303,-3.161387,1.365341
88304,-3.563623,1.781812
88305,-3.158125,1.579063
88306,-2.056191,-1.233052
88307,-3.365341,0.730682
88308,-3.824265,1.781812
88309,-3.563623,1.781812
88310,-0.246980,0.123490
88311,-1.462714,0.222521
88312,-2.892753,0.440071
88313,-1.170753,0.149460
88314,-0.288960,0.149460
88315,-1.169803,1.911146
88316,-2.518736,1.074730
88317,-2.133667,-1.466104
88318,-1.149815,1.320914
88319,-3.650504,1.955573
88320,-2.859464,-0.147791
88321,-2.461033,1.955573
88322,-3.462508,1.191580
88323,-3.095692,1.320914
88324,-2.885719,0.900969
88325,-3.866718,2.000000
88326,-3.528889,1.579063
88327,-2.859464,-0.147791
88328,-3.153395,0.440071
88329,-3.194833,1.652478
88330,-3.088468,0.698220
88331,-3.051264,1.365341
88332,-2.367905,-0.134659
88333,-3.065499,1.781812
88334,-2.051596,1.911146
88335,-0.001669,-0.445042
88336,-3.866718,2.000000
88337,-3.650504,1.955573
88338,-2.938128,0.142820
88339,-3.955573,1.911146
88340,-2.635719,0.400969
88341,-2.100697,-0.147791
88342,-3.650504,1.955573
88343,-2.242359,1.781812
88344,-3.397582,1.449729
88345,-3.692957,1.652478
88346,-2.576901,1.579063
88347,-2.873202,0.400969
88348,-3.779838,1.826239
88349,-3.152379,1.955573
88350,-1.977662,0.988831
88351,-2.144490,0.326239
88352,-3.955573,1.911146
88353,-3.694931,1.911146
88354,-2.899457,1.449729
88355,-3.528889,1.579063
88356,-3.824265,1.781812
88357,-3.268248,1.579063
88358,-3.528889,1.579063
88359,-3.427775,0.988831
88360,-3.123202,0.900969
88361,-2.440004,0.142820
88362,-2.038874,-1.400969
88363,-1.212812,0.093187
88364,-2.347897,0.733052
88365,-3.822291,1.911146
88366,-3.324167,1.911146
88367,-3.324167,1.911146
88368,-2.181855,0.400969
88369,-2.641828,1.320914
88370,-2.385621,1.030303
88371,-2.883745,1.030303
88372,-2.337712,0.326239
88373,-3.397582,1.449729
88374,-2.149460,1.074730
88375,-1.647948,-0.445042
88376,-1.086885,-1.400969
88377,-0.150597,0.400969
88378,-3.955573,1.911146
88379,-3.779838,1.826239
88380,-1.003761,1.579063
88381,-3.955573,1.911146
88382,-3.434289,1.911146
88383,-1.890808,-0.955573
88384,-3.462508,1.191580
88385,-2.572099,-0.722521
88386,-2.641828,1.320914
88387,-1.051938,0.900969
88388,-3.088468,0.698220
88389,-3.528889,1.579063
88390,-2.635719,0.400969
88391,-2.011910,1.320914
88392,-0.709622,0.099031
88393,-1.300576,-0.365341
88394,-2.964384,1.191580
88395,-3.528889,1.579063
88396,-3.102206,1.246980
88397,-1.695108,1.579063
88398,-2.410859,1.246980
88399,-2.388932,-0.955573
88400,-2.696708,1.652478
88401,-3.326140,1.781812
88402,-3.866718,2.000000
88403,-3.694931,1.911146
88404,-0.427724,0.054604
88405,-1.461364,0.730682
88406,-1.636943,1.074730
88407,-2.385621,1.030303
88408,-3.563623,1.781812
88409,-2.430339,0.123490
88410,-2.261572,-0.955573
88411,-2.316833,-1.233052
88412,-3.158125,1.579063
88413,-1.824442,1.449729
88414,-1.836861,1.579063
88415,-3.490208,1.246980
88416,-3.484462,1.623490
88417,-3.563623,1.781812
88418,-3.911146,1.955573
88419,-3.824265,1.781812
88420,-3.161387,1.365341
88421,-0.756100,1.955573
88422,-2.383160,1.191580
88423,-3.563623,1.781812
88424,-3.153395,0.440071
88425,-1.945199,0.149460
88426,-2.383160,1.191580
88427,-2.859464,-0.147791
88428,-0.027125,-0.109562
88429,-1.396440,0.698220
88430,-2.700489,1.826239
88431,-3.652478,1.826239
88432,-2.780575,0.603718
88433,-0.084999,-0.109562
88434,-0.494415,-1.977662
88435,-2.872277,1.781812
88436,-3.095692,1.320914
88437,-3.658223,1.449729
88438,-2.885719,0.900969
88439,-3.824265,1.781812
88440,-3.692957,1.652478
88441,-3.692957,1.652478
88442,-3.694931,1.911146
88443,-2.576901,1.579063
88444,-3.051264,1.365341
88445,-2.635719,0.400969
88446,-1.308725,-1.123490
88447,-2.144490,0.326239
88448,-2.844057,0.730682
88449,-2.430339,0.123490
88450,-3.365341,0.730682
88451,-2.168944,1.246980
88452,-1.988459,-1.889800
88453,-2.941449,0.149460
88454,-3.824265,1.781812
88455,-2.272552,1.320914
88456,-1.568917,-1.211352
88457,-1.734301,-1.488831
88458,-1.492359,1.781812
88459,-1.601453,0.500000
88460,-1.474108,-1.400969
88461,-1.445881,-0.074730
88462,-2.176109,0.777479
88463,-2.810768,0.142820
88464,-2.311457,-0.722521
88465,-2.336959,1.449729
88466,-1.813332,-0.722521
88467,-1.132335,-0.826239
88468,-1.762918,-1.211352
88469,-2.336959,1.449729
88470,-2.110972,-1.123490
88471,-2.793116,1.623490
88472,-1.921819,-1.889800
88473,-0.584824,-0.033258
88474,-2.777479,-0.445042
88475,-1.731730,-0.277479
88476,-2.941449,0.149460
88477,-2.176109,0.777479
88478,-3.427775,0.988831
88479,-1.978621,0.733052
88480,-3.246980,1.623490
88481,-3.153395,0.440071
88482,-2.844057,0.730682
88483,-3.215828,0.698220
88484,-3.658223,1.449729
88485,-2.641828,1.320914
88486,-1.127350,1.826239
88487,-2.334986,1.579063
88488,-1.461364,0.730682
88489,-3.652478,1.826239
88490,-3.246980,1.623490
88491,-3.324167,1.911146
88492,0.568709,0.733052
88493,-2.859464,-0.147791
88494,-3.528889,1.579063
88495,-2.136480,0.698220
88496,-1.086885,-1.400969
88497,-1.507653,-1.721883
88498,-3.102206,1.246980
88499,-2.106074,-0.658322
88500,-3.911146,1.955573
88501,-1.801938,0.900969
88502,-3.650504,1.955573
88503,-3.397582,1.449729
88504,-0.985218,0.603718
88505,-1.279149,1.191580
88506,-2.440004,0.142820
88507,-3.281713,1.826239
88508,-3.397582,1.449729
88509,-2.100697,-0.147791
88510,-0.270784,0.093187
88511,-3.462508,1.191580
88512,-3.462508,1.191580
88513,-3.232059,0.730682
88514,-2.259209,0.777479
88515,-2.119812,-0.109562
88516,-1.652210,-0.658322
88517,-1.855707,-1.634021
88518,-0.237965,1.579063
88519,-2.635719,0.400969
88520,-3.434289,1.911146
88521,-3.824265,1.781812
88522,-1.419626,-1.123490
88523,-3.324167,1.911146
88524,-3.822291,1.911146
88525,-2.873202,0.400969
88526,-3.397582,1.449729
88527,-3.161387,1.365341
88528,-0.983709,-1.123490
88529,-3.650504,1.955573
88530,-3.484462,1.623490
88531,-2.870469,2.000000
88532,-3.246980,1.623490
88533,-3.397582,1.449729
88534,-2.899457,1.449729
88535,-2.155959,-0.425270
88536,-1.280886,-1.400969
88537,-3.333174,1.320914
88538,-2.242359,1.781812
88539,-3.158125,1.579063
88540,-2.493959,1.246980
88541,-3.650504,1.955573
88542,-2.461033,1.955573
88543,-0.824281,-0.162592
88544,-2.343556,-0.658322
88545,-1.551938,0.400969
88546,-2.256195,-0.445042
88547,-3.822291,1.911146
88548,-2.711958,1.074730
88549,-2.060606,1.030303
88550,-0.150597,0.400969
88551,-3.152379,1.955573
88552,-2.461033,1.955573
88553,-2.144490,0.326239
88554,-2.388932,-0.955573
88555,-3.692957,1.652478
88556,-0.967322,0.123490
88557,-2.181855,0.400969
88558,-1.858780,0.142820
88559,-3.652478,1.826239
88560,-2.334986,1.579063
88561,-2.892753,0.440071
88562,-1.132335,-0.826239
88563,-3.650504,1.955573
88564,-1.607199,0.123490
88565,-3.304955,1.652478
88566,-3.824265,1.781812
88567,-3.822291,1.911146
88568,-3.563623,1.781812
88569,-3.324167,1.911146
88570,-2.700489,1.826239
88571,-2.777479,-0.445042
88572,-2.166234,-1.400969
88573,-3.167133,0.988831
88574,-2.793116,1.623490
88575,-3.335148,1.191580
88576,-2.383160,1.191580
88577,-2.149460,1.074730
88578,-1.833963,0.093187
88579,-2.316833,-1.233052
88580,-1.284124,-0.134659
88581,-3.123202,0.900969
88582,-3.658223,1.449729
88583,-0.932879,0.054604
88584,-2.005777,-1.721883
88585,-0.966034,-0.162592
88586,-3.088468,0.698220
88587,-3.281713,1.826239
88588,-2.837543,1.579063
88589,-1.719513,1.246980
88590,-2.347897,0.733052
88591,-1.149815,1.320914
88592,-3.658223,1.449729
88593,-3.095692,1.320914
88594,-3.462508,1.191580
88595,-3.955573,1.911146
88596,-2.899457,1.449729
88597,-0.669220,1.781812
88598,-0.241532,0.054604
88599,-0.938334,-0.826239
88600,-3.650504,1.955573
88601,-2.844057,0.730682
88602,-3.158125,1.579063
88603,-3.397582,1.449729
88604,-2.874250,1.652478
88605,-3.158125,1.579063
88606,-1.945199,0.149460
88607,-2.598822,-0.147791
88608,-1.906779,-0.535628
88609,-1.794458,-1.889800
88610,-2.100697,-0.147791
88611,-2.367905,-0.134659
88612,-3.779838,1.826239
88613,-2.563163,1.030303
88614,-3.333174,1.320914
88615,-3.232059,0.730682
88616,-3.088468,0.698220
88617,-3.333174,1.320914
88618,-1.648630,-0.277479
88619,-3.779838,1.826239
88620,-2.371693,1.652478
88621,-3.246980,1.623490
88622,-1.934194,0.777479
88623,-2.374152,1.781812
88624,-2.605388,-0.134659
88625,-2.793116,1.623490
88626,-1.137418,-1.466104
88627,-3.694931,1.911146
88628,-3.955573,1.911146
88629,-3.462508,1.191580
88630,-3.397582,1.449729
88631,-2.641828,1.320914
88632,-1.926590,-0.109562
88633,-2.899457,1.449729
88634,-2.938128,0.142820
88635,-1.557314,-0.109562
88636,-2.899457,1.449729
88637,-3.911146,1.955573
88638,-3.397582,1.449729
88639,-2.598822,-0.147791
88640,-3.955573,1.911146
88641,-1.933731,0.900969
88642,-3.955573,1.911146
88643,-2.144490,0.326239
88644,-2.109756,0.123490
88645,-1.231001,-1.634021
88646,-2.885719,0.900969
88647,-3.161387,1.365341
88648,-2.431855,0.900969
88649,-3.152379,1.955573
88650,-1.624178,-1.488831
88651,-3.123202,0.900969
88652,-3.158125,1.579063
88653,-3.822291,1.911146
88654,-2.394628,0.440071
88655,-2.826042,1.911146
88656,-1.568917,-1.211352
88657,-3.652478,1.826239
88658,-3.911146,1.955573
88659,-3.397582,1.449729
88660,-2.374152,1.781812
88661,-1.955475,-0.826239
88662,-0.860591,0.400969
88663,-3.911146,1.955573
88664,-3.335148,1.191580
88665,-3.123202,0.900969
88666,-3.826239,1.652478
88667,-3.824265,1.781812
88668,-1.824442,1.449729
88669,-1.039051,0.266948
88670,-2.777479,-0.445042
88671,-2.431855,0.900969
88672,-2.641828,1.320914
88673,-3.158125,1.579063
88674,-3.215828,0.698220
88675,-3.333174,1.320914
88676,-1.262697,0.326239
88677,-1.955475,-0.826239
88678,-2.605388,-0.134659
88679,-0.252485,-0.162592
88680,-2.885719,0.900969
88681,-3.304955,1.652478
88682,-3.656250,1.579063
88683,-3.427775,0.988831
88684,-2.793116,1.623490
88685,-2.541119,0.733052
88686,-3.065499,1.781812
88687,-2.711958,1.074730
88688,-3.304955,1.652478
88689,-3.658223,1.449729
88690,-2.883745,1.030303
88691,-1.303596,-1.488831
88692,0.044302,0.011169
88693,-3.650504,1.955573
88694,-3.333174,1.320914
88695,-2.526723,-0.425270
88696,-3.281713,1.826239
88697,-2.859464,-0.147791
88698,-2.272552,1.320914
88699,-3.692957,1.652478
88700,-3.268248,1.579063
88701,-0.911611,-1.400969
88702,-0.824281,-0.162592
88703,-1.413198,1.623490
88704,-2.810768,0.142820
88705,-1.554958,0.777479
88706,-2.810768,0.142820
88707,-2.844057,0.730682
88708,-3.563623,1.781812
88709,-3.563623,1.781812
88710,-3.658223,1.449729
88711,-3.658223,1.449729
88712,-1.306849,1.246980
88713,-3.652478,1.826239
88714,-2.873202,0.400969
88715,-0.538346,-1.889800
88716,-0.734763,-0.722521
88717,-1.945199,0.149460
88718,-1.062213,-0.074730
88719,-2.272552,1.320914
88720,-3.335148,1.191580
88721,-2.899457,1.449729
88722,-3.826239,1.652478
88723,-2.941449,0.149460
88724,-3.563623,1.781812
88725,-0.873667,-0.955573
88726,-1.154522,0.988831
88727,-3.427775,0.988831
88728,-2.777479,-0.445042
88729,-2.844057,0.730682
88730,-1.873040,-1.211352
88731,-1.423694,-1.889800
88732,-1.988459,-1.889800
88733,-2.810768,0.142820
88734,-3.397582,1.449729
88735,-2.730682,1.365341
88736,-2.883745,1.030303
88737,-3.326140,1.781812
88738,-3.397582,1.449729
88739,-3.650504,1.955573
88740,-3.333174,1.320914
88741,-3.822291,1.911146
88742,-0.828209,-0.535628
88743,-1.489885,-1.977662
88744,-3.167133,0.988831
88745,-1.877888,-1.977662
88746,-2.136480,0.698220
88747,-2.563163,1.030303
88748,-3.779838,1.826239
88749,-2.371693,1.652478
88750,-2.553446,0.149460
88751,-3.528889,1.579063
88752,-3.268248,1.579063
88753,-3.088468,0.698220
88754,-3.692957,1.652478
88755,-2.347897,0.733052
88756,-3.563623,1.781812
88757,-2.885719,0.900969
88758,-2.563163,1.030303
88759,-2.670453,0.603718
88760,-3.427775,0.988831
88761,-2.670453,0.603718
88762,-3.065499,1.781812
88763,-3.824265,1.781812
88764,-1.349578,0.500000
88765,-1.988459,-1.889800
88766,-2.669008,0.988831
88767,-2.859464,-0.147791
88768,-3.658223,1.449729
88769,-2.872277,1.781812
88770,0.066516,-0.033258
88771,-1.703282,0.440071
88772,-3.652478,1.826239
88773,-2.168944,1.246980
88774,-1.922262,1.652478
88775,-2.385621,1.030303
88776,-2.242359,1.781812
88777,-3.824265,1.781812
88778,-2.711958,1.074730
88779,-3.158125,1.579063
88780,-1.771749,-1.801938
88781,-1.309583,-0.955573
88782,-1.423694,-1.889800
88783,-0.057971,0.603718
88784,-2.711958,1.074730
88785,-3.427775,0.988831
88786,-1.636943,1.074730
88787,-3.563623,1.781812
88788,-3.563623,1.781812
88789,-1.207436,0.603718
88790,-2.316833,-1.233052
88791,-1.836861,1.579063
88792,-3.658223,1.449729
88793,-2.461033,1.955573
88794,-0.764573,0.326239
88795,-2.144490,0.326239
88796,-2.810768,0.142820
88797,-3.484462,1.623490
88798,-2.431855,0.900969
88799,-1.811776,-1.721883
88800,-2.366718,-1.000000
88801,0.219124,-0.109562
88802,-1.717542,-0.914101
88803,-3.326140,1.781812
88804,-2.938128,0.142820
88805,-3.051264,1.365341
88806,-0.121614,-1.123490
88807,-1.088404,-0.914101
88808,-3.650504,1.955573
88809,-2.002903,1.911146
88810,-3.826239,1.652478
88811,-3.333174,1.320914
88812,-2.011910,1.320914
88813,-1.637893,1.955573
88814,-2.334986,1.579063
88815,-1.977662,0.988831
88816,-3.158125,1.579063
88817,-2.367905,-0.134659
88818,-2.383160,1.191580
88819,-3.652478,1.826239
88820,-3.158125,1.579063
88821,-3.826239,1.652478
88822,-3.652478,1.826239
88823,-2.060606,1.030303
88824,-2.717704,0.698220
88825,-3.911146,1.955573
88826,-3.095692,1.320914
88827,-3.656250,1.579063
88828,-3.158125,1.579063
88829,-3.658223,1.449729
88830,-3.335148,1.191580
88831,-0.983246,-1.000000
88832,-3.326140,1.781812
88833,-3.074730,0.149460
88834,-3.866718,2.000000
88835,-3.246980,1.623490
88836,-3.268248,1.579063
88837,-1.048700,0.730682
88838,-2.899457,1.449729
88839,-1.849772,0.733052
88840,-1.703282,0.440071
88841,-1.634892,-0.826239
88842,-2.670453,0.603718
88843,-3.232059,0.730682
88844,-2.337712,0.326239
88845,-3.232059,0.730682
88846,-3.484462,1.623490
88847,-0.831764,-0.535628
88848,-1.873490,-1.123490
88849,-3.563623,1.781812
88850,-3.911146,1.955573
88851,-3.281713,1.826239
88852,-2.899457,1.449729
88853,-2.835050,1.320914
88854,-3.824265,1.781812
88855,-3.484462,1.623490
88856,-3.563623,1.781812
88857,-3.694931,1.911146
88858,-3.911146,1.955573
88859,-1.050429,1.652478
88860,-3.692957,1.652478
88861,-3.563623,1.781812
88862,-3.650504,1.955573
88863,-2.242359,1.781812
88864,-2.793116,1.623490
88865,-2.598822,-0.147791
88866,-1.492359,1.781812
88867,-2.461033,1.955573
88868,-3.324167,1.911146
88869,-3.911146,1.955573
88870,-3.822291,1.911146
88871,-2.793116,1.623490
88872,-1.210838,0.222521
88873,-3.822291,1.911146
88874,-3.158125,1.579063
88875,-2.334986,1.579063
88876,-1.074632,0.054604
88877,-1.836861,1.579063
88878,-3.365341,0.730682
88879,-2.899457,1.449729
88880,-0.637763,-0.535628
88881,-0.039162,-0.722521
88882,-1.412671,0.730682
88883,-2.181855,0.400969
88884,-2.367905,-0.134659
88885,-1.636943,1.074730
88886,-2.670453,0.603718
88887,-0.867905,1.365341
88888,-2.343556,-0.658322
88889,-2.337712,0.326239
88890,-2.938128,0.142820
88891,-3.563623,1.781812
88892,-1.637893,1.955573
88893,-2.993868,1.030303
88894,-2.272552,1.320914
88895,-2.641828,1.320914
88896,-1.344281,-0.535628
88897,-2.541119,0.733052
88898,-3.528889,1.579063
88899,-3.051264,1.365341
88900,-3.563623,1.781812
88901,-1.607199,0.123490
88902,-3.658223,1.449729
88903,-3.427775,0.988831
88904,-3.158125,1.579063
88905,-3.822291,1.911146
88906,-2.810768,0.142820
88907,-3.158125,1.579063
88908,-2.163198,1.623490
88909,-3.652478,1.826239
88910,-2.060606,1.030303
88911,-3.158125,1.579063
88912,-3.123202,0.900969
88913,0.990789,1.652478
88914,-3.650504,1.955573
88915,-3.152379,1.955573
88916,-2.383160,1.191580
88917,-2.605388,-0.134659
88918,-1.557314,-0.109562
88919,-3.304955,1.652478
88920,-2.793116,1.623490
88921,-3.824265,1.781812
88922,-1.551012,1.781812
88923,-2.493959,1.246980
88924,-2.518736,1.074730
88925,-3.911146,1.955573
88926,-1.955475,-0.826239
88927,-3.824265,1.781812
88928,-3.822291,1.911146
88929,-2.385621,1.030303
88930,-3.826239,1.652478
88931,-3.822291,1.911146
88932,-0.146901,-0.134659
88933,-2.730682,1.365341
88934,-3.822291,1.911146
88935,-3.652478,1.826239
88936,-3.158125,1.579063
88937,-3.335148,1.191580
88938,-2.874250,1.652478
88939,-2.717704,0.698220
88940,-3.152379,1.955573
88941,-3.123202,0.900969
88942,-1.607199,0.123490
88943,-2.777479,-0.445042
88944,-4.000000,2.000000
88945,-3.826239,1.652478
88946,-0.700386,1.030303
88947,-3.490208,1.246980
88948,-3.478716,2.000000
88949,-2.874250,1.652478
88950,-2.098256,0.455573
88951,0.638373,0.698220
88952,-1.789708,1.246980
88953,-2.835050,1.320914
88954,-3.268248,1.579063
88955,-3.088468,0.698220
88956,-3.824265,1.781812
88957,-3.692957,1.652478
88958,-3.427775,0.988831
88959,-3.824265,1.781812
88960,-3.779838,1.826239
88961,-1.733246,0.500000
88962,-3.051264,1.365341
88963,-3.268248,1.579063
88964,-3.911146,1.955573
88965,-3.246980,1.623490
88966,-3.658223,1.449729
88967,-3.692957,1.652478
88968,-3.434289,1.911146
88969,-3.692957,1.652478
88970,-3.152379,1.955573
88971,-3.563623,1.781812
88972,-3.434289,1.911146
88973,-3.167133,0.988831
88974,-3.281713,1.826239
88975,-2.993868,1.030303
88976,-2.605388,-0.134659
88977,-1.039708,-0.623490
88978,-1.601453,0.500000
88979,-3.281713,1.826239
88980,-3.563623,1.781812
88981,-3.658223,1.449729
88982,-3.397582,1.449729
88983,-3.326140,1.781812
88984,-1.551938,0.400969
88985,-0.001595,-0.425270
88986,-1.873040,-1.211352
88987,-2.440004,0.142820
88988,-3.434289,1.911146
88989,-3.528889,1.579063
88990,-3.528889,1.579063
88991,-2.899457,1.449729
88992,-3.246980,1.623490
88993,-1.934194,0.777479
88994,-0.722906,-0.365341
88995,-1.727818,-1.889800
88996,-2.311457,-0.722521
88997,-0.666236,-1.634021
88998,-0.408062,-0.162592
88999,-2.711958,1.074730
89000,-1.397882,0.603718
89001,-2.060606,1.030303
89002,-3.153395,0.440071
89003,-2.635719,0.400969
89004,-3.324167,1.911146
89005,-3.065499,1.781812
89006,-3.335148,1.191580
89007,-3.333174,1.320914
89008,-1.236955,-1.488831
89009,-2.431855,0.900969
89010,-1.933731,0.900969
89011,-1.361599,-0.367711
89012,-1.557314,-0.109562
89013,-3.484462,1.623490
89014,-3.779838,1.826239
89015,-2.141244,1.191580
89016,-0.336881,-0.826239
89017,-2.060606,1.030303
89018,-3.158125,1.579063
89019,-1.864156,-0.367711
89020,-2.163198,1.623490
89021,-1.396440,0.698220
89022,-3.656250,1.579063
89023,-1.988459,-1.889800
89024,-1.928302,-1.488831
89025,-2.388932,-0.955573
89026,-2.526723,-0.425270
89027,-2.440004,0.142820
89028,-3.153395,0.440071
89029,-3.866718,2.000000
89030,-3.462508,1.191580
89031,-2.859464,-0.147791
89032,-3.824265,1.781812
89033,-3.694931,1.911146
89034,-3.397582,1.449729
89035,-3.484462,1.623490
89036,-3.528889,1.579063
89037,-3.232059,0.730682
89038,-3.167133,0.988831
89039,-2.837543,1.579063
89040,-3.658223,1.449729
89041,-3.824265,1.781812
89042,-3.153395,0.440071
89043,-1.647948,-0.445042
89044,-2.641828,1.320914
89045,-1.760035,1.320914
89046,-3.088468,0.698220
89047,-2.872277,1.781812
89048,-3.824265,1.781812
89049,-3.866718,2.000000
89050,-1.492359,1.781812
89051,-1.280886,-1.400969
89052,-2.294861,-0.367711
89053,-3.824265,1.781812
89054,-3.153395,0.440071
89055,-2.941449,0.149460
89056,-2.166234,-1.400969
89057,-3.215828,0.698220
89058,-2.641828,1.320914
89059,-3.656250,1.579063
89060,-3.822291,1.911146
89061,-1.551012,1.781812
89062,-0.338389,0.900969
89063,-2.885719,0.900969
89064,-3.652478,1.826239
89065,-2.336959,1.449729
89066,-3.335148,1.191580
89067,-3.563623,1.781812
89068,-3.215828,0.698220
89069,-2.343556,-0.658322
89070,-2.541119,0.733052
89071,-3.065499,1.781812
89072,-3.911146,1.955573
89073,-2.844057,0.730682
89074,-2.374152,1.781812
89075,-3.304955,1.652478
89076,-3.397582,1.449729
89077,-2.163198,1.623490
89078,-3.563623,1.781812
89079,-3.335148,1.191580
89080,-3.335148,1.191580
89081,-3.161387,1.365341
89082,-2.100697,-0.147791
89083,0.231673,-0.134659
89084,-1.524320,-0.914101
89085,0.001651,0.440071
89086,-3.335148,1.191580
89087,-3.822291,1.911146
89088,-3.478716,2.000000
89089,-3.324167,1.911146
89090,-2.635719,0.400969
89091,-1.955475,-0.826239
89092,-3.365341,0.730682
89093,-2.706235,1.449729
89094,-0.688917,1.781812
89095,-2.168944,1.246980
89096,-2.730682,1.365341
89097,-3.563623,1.781812
89098,-3.304955,1.652478
89099,-3.656250,1.579063
89100,-2.394628,0.440071
89101,0.794329,1.781812
89102,-3.167133,0.988831
89103,-3.652478,1.826239
89104,-0.810020,1.191580
89105,-2.572099,-0.722521
89106,-3.167133,0.988831
89107,-2.780575,0.603718
89108,-0.855884,0.733052
89109,-3.650504,1.955573
89110,-3.095692,1.320914
89111,-3.563623,1.781812
89112,-3.824265,1.781812
89113,-3.427775,0.988831
89114,-2.826042,1.911146
89115,-3.911146,1.955573
89116,-3.158125,1.579063
89117,-3.484462,1.623490
89118,-3.335148,1.191580
89119,-3.246980,1.623490
89120,-2.605388,-0.134659
89121,-1.442336,-1.211352
89122,-0.161161,-1.488831
89123,-2.106074,-0.658322
89124,-3.911146,1.955573
89125,-2.431855,0.900969
89126,-1.960449,1.826239
89127,-1.873490,-1.123490
89128,-1.914041,-0.134659
89129,-1.406715,-0.277479
89130,-1.594507,0.222521
89131,-2.002903,1.911146
89132,-3.397582,1.449729
89133,-2.700489,1.826239
89134,-3.484462,1.623490
89135,-2.835050,1.320914
89136,0.690306,-0.277479
89137,-2.316833,-1.233052
89138,-3.051264,1.365341
89139,-3.824265,1.781812
89140,-1.261910,1.320914
89141,-3.650504,1.955573
89142,-3.246980,1.623490
89143,-2.576901,1.579063
89144,-2.553446,0.149460
89145,-2.669008,0.988831
89146,-1.717542,-0.914101
89147,-2.311457,-0.722521
89148,-0.137905,0.500000
89149,-1.934194,0.777479
89150,-1.762918,-1.211352
89151,-3.779838,1.826239
89152,-2.235810,0.730682
89153,-2.149460,1.074730
89154,-1.683887,-1.977662
89155,-1.601453,0.500000
89156,-0.764573,0.326239
89157,-2.383160,1.191580
89158,-1.014727,-0.162592
89159,-3.333174,1.320914
89160,-2.098256,0.455573
89161,-2.654083,-0.425270
89162,-2.266948,-1.466104
89163,-1.988459,-1.889800
89164,-3.434289,1.911146
89165,-1.681370,1.030303
89166,-3.095692,1.320914
89167,-3.194833,1.652478
89168,-3.051264,1.365341
89169,-1.636943,1.074730
89170,-1.624178,-1.488831
89171,-2.394628,0.440071
89172,-3.656250,1.579063
89173,-3.658223,1.449729
89174,-3.065499,1.781812
89175,-2.343556,-0.658322
89176,-2.859464,-0.147791
89177,-3.123202,0.900969
89178,-3.065499,1.781812
89179,-3.563623,1.781812
89180,-3.281713,1.826239
89181,-2.641828,1.320914
89182,-3.692957,1.652478
89183,-2.706235,1.449729
89184,-3.824265,1.781812
89185,-2.302521,1.030303
89186,-2.336959,1.449729
89187,-2.964384,1.191580
89188,-2.410859,1.246980
89189,-3.563623,1.781812
89190,-0.749532,0.698220
89191,-3.563623,1.781812
89192,-3.153395,0.440071
89193,-2.266948,-1.466104
89194,-2.717704,0.698220
89195,-2.810768,0.142820
89196,-2.598822,-0.147791
89197,-1.836861,1.579063
89198,-2.777479,-0.445042
89199,-2.060606,1.030303
89200,-3.652478,1.826239
89201,-3.158125,1.579063
89202,-3.652478,1.826239
89203,-3.911146,1.955573
89204,-3.333174,1.320914
89205,-2.892753,0.440071
89206,-3.123202,0.900969
89207,-3.246980,1.623490
89208,-2.717704,0.698220
89209,-2.334986,1.579063
89210,-2.605388,-0.134659
89211,-3.656250,1.579063
89212,-3.152379,1.955573
89213,-3.365341,0.730682
89214,-2.874250,1.652478
89215,-2.430339,0.123490
89216,-4.000000,2.000000
89217,-3.658223,1.449729
89218,-2.383160,1.191580
89219,-0.828197,0.988831
89220,-3.152379,1.955573
89221,-2.899457,1.449729
89222,-2.730682,1.365341
89223,-3.824265,1.781812
89224,-3.650504,1.955573
89225,-3.484462,1.623490
89226,-2.730682,1.365341
89227,-2.711958,1.074730
89228,-3.158125,1.579063
89229,-3.490208,1.246980
89230,-3.656250,1.579063
89231,-2.730682,1.365341
89232,-2.098256,0.455573
89233,-2.835050,1.320914
89234,-0.771367,0.222521
89235,-2.383160,1.191580
89236,-3.650504,1.955573
89237,-3.326140,1.781812
89238,-0.669220,1.781812
89239,-2.431855,0.900969
89240,-3.563623,1.781812
89241,-3.167133,0.988831
89242,-3.563623,1.781812
89243,-2.176109,0.777479
89244,-2.572099,-0.722521
89245,-1.773241,0.455573
89246,-3.911146,1.955573
89247,-3.490208,1.246980
89248,-3.911146,1.955573
89249,-3.656250,1.579063
89250,-3.656250,1.579063
89251,-3.246980,1.623490
89252,-2.826042,1.911146
89253,-2.941449,0.149460
89254,-3.158125,1.579063
89255,-2.835050,1.320914
89256,-4.000000,2.000000
89257,-3.158125,1.579063
89258,-3.911146,1.955573
89259,-1.801938,0.900969
89260,-2.098256,0.455573
89261,-2.780575,0.603718
89262,-3.158125,1.579063
89263,-3.824265,1.781812
89264,-2.810768,0.142820
89265,-1.396440,0.698220
89266,-2.166234,-1.400969
89267,-1.280886,-1.400969
89268,-1.813332,-0.722521
89269,-2.383160,1.191580
89270,-1.773241,0.455573
89271,-2.349870,0.603718
89272,-3.911146,1.955573
89273,-2.541119,0.733052
89274,-3.656250,1.579063
89275,-1.039051,0.266948
89276,-2.060606,1.030303
89277,-1.461364,0.730682
89278,-2.100697,-0.147791
89279,-3.484462,1.623490
89280,-3.656250,1.579063
89281,-3.333174,1.320914
89282,-3.335148,1.191580
89283,-2.272552,1.320914
89284,-2.883745,1.030303
89285,-2.717704,0.698220
89286,-2.717704,0.698220
89287,-2.256195,-0.445042
89288,-1.262697,0.326239
89289,-3.490208,1.246980
89290,-0.071261,-0.658322
89291,-0.111339,-0.147791
89292,-0.823226,0.326239
89293,-2.964384,1.191580
89294,0.643828,1.579063
89295,-1.550062,0.900969
89296,-2.696708,1.652478
89297,-2.461033,1.955573
89298,-2.696708,1.652478
89299,-3.824265,1.781812
89300,-3.268248,1.579063
89301,-3.281713,1.826239
89302,-3.268248,1.579063
89303,-3.074730,0.149460
89304,-2.706235,1.449729
89305,-3.268248,1.579063
89306,-3.911146,1.955573
89307,-3.824265,1.781812
89308,-3.065499,1.781812
89309,-3.397582,1.449729
89310,-2.466259,1.191580
89311,-1.261910,1.320914
89312,-2.670453,0.603718
89313,-3.623490,1.246980
89314,-3.692957,1.652478
89315,-1.466104,0.733052
89316,-2.518736,1.074730
89317,-1.890808,-0.955573
89318,-1.551584,-1.634021
89319,-2.316833,-1.233052
89320,-3.333174,1.320914
89321,-3.158125,1.579063
89322,-1.833963,0.093187
89323,-3.326140,1.781812
89324,-1.262697,0.326239
89325,-2.700489,1.826239
89326,-3.427775,0.988831
89327,-3.333174,1.320914
89328,-1.441541,-1.466104
89329,-1.845869,0.988831
89330,-1.890808,-0.955573
89331,-2.371693,1.652478
89332,-1.574735,-0.425270
89333,-0.911611,-1.400969
89334,-2.899457,1.449729
89335,-3.490208,1.246980
89336,-2.964384,1.191580
89337,-2.541119,0.733052
89338,-3.563623,1.781812
89339,-3.462508,1.191580
89340,-2.526723,-0.425270
89341,-3.694931,1.911146
89342,-2.892753,0.440071
89343,-1.168783,-0.365341
89344,-3.397582,1.449729
89345,-1.690819,-1.488831
89346,-2.056191,-1.233052
89347,-3.153395,0.440071
89348,-2.343556,-0.658322
89349,-2.541119,0.733052
89350,-1.554958,0.777479
89351,-0.650969,0.099031
89352,-2.873202,0.400969
89353,-3.779838,1.826239
89354,-3.623490,1.246980
89355,-3.528889,1.579063
89356,-2.635719,0.400969
89357,-3.528889,1.579063
89358,-2.272552,1.320914
89359,-1.934194,0.777479
89360,-1.636943,1.074730
89361,-2.711958,1.074730
89362,-3.528889,1.579063
89363,0.413119,1.652478
89364,-3.397582,1.449729
89365,-2.742943,1.911146
89366,-2.598822,-0.147791
89367,-1.683887,-1.977662
89368,-0.824281,-0.162592
89369,-3.822291,1.911146
89370,-3.161387,1.365341
89371,-3.326140,1.781812
89372,-3.563623,1.781812
89373,-3.652478,1.826239
89374,-3.304955,1.652478
89375,-1.717979,0.733052
89376,-2.883745,1.030303
89377,-2.810768,0.142820
89378,-3.650504,1.955573
89379,-3.427775,0.988831
89380,-1.032469,0.698220
89381,-1.207436,0.603718
89382,-3.911146,1.955573
89383,-3.658223,1.449729
89384,-3.478716,2.000000
89385,-2.598822,-0.147791
89386,-2.133667,-1.466104
89387,-2.711958,1.074730
89388,-2.873202,0.400969
89389,-1.180804,0.266948
89390,-1.917063,0.093187
89391,-3.866718,2.000000
89392,-1.926590,-0.109562
89393,-3.911146,1.955573
89394,-3.333174,1.320914
89395,-3.333174,1.320914
89396,-3.088468,0.698220
89397,-3.528889,1.579063
89398,-2.670453,0.603718
89399,-3.167133,0.988831
89400,-3.694931,1.911146
89401,-2.337712,0.326239
89402,-3.911146,1.955573
89403,-3.326140,1.781812
89404,-2.541119,0.733052
89405,-2.635719,0.400969
89406,-3.434289,1.911146
89407,-1.601453,0.500000
89408,-3.194833,1.652478
89409,-1.170753,0.149460
89410,-1.593993,0.988831
89411,-1.695108,1.579063
89412,-3.528889,1.579063
89413,-0.729953,0.093187
89414,-2.011910,1.320914
89415,-2.872277,1.781812
89416,-2.605388,-0.134659
89417,-3.333174,1.320914
89418,-2.641828,1.320914
89419,-2.367905,-0.134659
89420,-0.458468,1.320914
89421,-3.779838,1.826239
89422,-3.397582,1.449729
89423,-3.095692,1.320914
89424,-2.938128,0.142820
89425,-3.694931,1.911146
89426,-2.641828,1.320914
89427,-3.281713,1.826239
89428,-3.528889,1.579063
89429,-3.088468,0.698220
89430,-3.088468,0.698220
89431,-2.563163,1.030303
89432,-3.824265,1.781812
89433,-3.911146,1.955573
89434,-0.966034,-0.162592
89435,-3.528889,1.579063
89436,-2.518736,1.074730
89437,-2.011910,1.320914
89438,-2.518736,1.074730
89439,-2.208111,1.449729
89440,-2.870469,2.000000
89441,-2.899457,1.449729
89442,-3.326140,1.781812
89443,-3.692957,1.652478
89444,-1.801938,0.900969
89445,-3.484462,1.623490
89446,-2.993868,1.030303
89447,-1.224190,2.000000
89448,-1.917063,0.093187
89449,-2.302521,1.030303
89450,-3.074730,0.149460
89451,-2.541119,0.733052
89452,-3.658223,1.449729
89453,-1.926590,-0.109562
89454,-3.658223,1.449729
89455,-3.462508,1.191580
89456,-2.302521,1.030303
89457,-3.167133,0.988831
89458,-2.993868,1.030303
89459,-1.647948,-0.445042
89460,-1.550062,0.900969
89461,-1.681370,1.030303
89462,-2.163198,1.623490
89463,-2.837543,1.579063
89464,-3.824265,1.781812
89465,-3.824265,1.781812
89466,-0.583781,0.500000
89467,-3.462508,1.191580
89468,-3.232059,0.730682
89469,-3.866718,2.000000
89470,-2.872277,1.781812
89471,-1.928302,-1.488831
89472,-2.343556,-0.658322
89473,-3.158125,1.579063
89474,-2.261572,-0.955573
89475,0.219124,-0.109562
89476,-2.641828,1.320914
89477,-2.717704,0.698220
89478,-2.883745,1.030303
89479,-2.941449,0.149460
89480,-3.911146,1.955573
89481,-3.826239,1.652478
89482,-3.152379,1.955573
89483,-3.822291,1.911146
89484,-2.892753,0.440071
89485,-2.941449,0.149460
89486,-1.652210,-0.658322
89487,-3.822291,1.911146
89488,-1.836861,1.579063
89489,-3.822291,1.911146
89490,-3.335148,1.191580
89491,-2.826042,1.911146
89492,-1.731816,1.652478
89493,-2.461033,1.955573
89494,-3.152379,1.955573
89495,-3.652478,1.826239
89496,-3.652478,1.826239
89497,-3.484462,1.623490
89498,-3.158125,1.579063
89499,-2.892753,0.440071
89500,-3.822291,1.911146
89501,-0.150597,0.400969
89502,-2.394628,0.440071
89503,-0.259807,0.222521
89504,-2.228125,1.365341
89505,-1.048700,0.730682
89506,-1.703282,0.440071
89507,-3.268248,1.579063
89508,-0.880142,0.440071
89509,-2.109756,0.123490
89510,-3.434289,1.911146
89511,-0.604474,-1.123490
89512,-0.272214,-0.955573
89513,-2.826042,1.911146
89514,-2.964384,1.191580
89515,-3.232059,0.730682
89516,-3.246980,1.623490
89517,-3.102206,1.246980
89518,-3.484462,1.623490
89519,-3.824265,1.781812
89520,-2.208111,1.449729
89521,-1.637893,1.955573
89522,-2.873202,0.400969
89523,-2.526723,-0.425270
89524,-3.434289,1.911146
89525,-3.779838,1.826239
89526,-3.281713,1.826239
89527,-2.461033,1.955573
89528,-3.333174,1.320914
89529,-3.694931,1.911146
89530,-3.528889,1.579063
89531,-3.434289,1.911146
89532,-3.434289,1.911146
89533,-3.281713,1.826239
89534,-3.779838,1.826239
89535,-3.152379,1.955573
89536,-2.696708,1.652478
89537,-0.137905,0.500000
89538,-3.123202,0.900969
89539,-2.051596,1.911146
89540,-3.095692,1.320914
89541,-3.694931,1.911146
89542,-3.563623,1.781812
89543,-3.326140,1.781812
89544,-2.576901,1.579063
89545,-3.824265,1.781812
89546,-1.648630,-0.277479
89547,-1.847313,0.603718
89548,0.989358,0.500000
89549,-1.225625,-1.123490
89550,-0.438255,-0.623490
89551,-3.824265,1.781812
89552,-3.333174,1.320914
89553,-3.826239,1.652478
89554,-3.490208,1.246980
89555,-1.858780,0.142820
89556,-1.661706,-1.634021
89557,-1.637893,1.955573
89558,-2.899457,1.449729
89559,-3.051264,1.365341
89560,-3.779838,1.826239
89561,-2.644197,-0.445042
89562,0.420083,1.030303
89563,-3.397582,1.449729
89564,-3.623490,1.246980
89565,-3.528889,1.579063
89566,-3.462508,1.191580
89567,-2.371693,1.652478
89568,-3.194833,1.652478
89569,-3.152379,1.955573
89570,-2.669008,0.988831
89571,-3.326140,1.781812
89572,-3.074730,0.149460
89573,-0.643478,-0.033258
89574,-2.892753,0.440071
89575,-2.316833,-1.233052
89576,-1.475625,-0.623490
89577,-2.885719,0.900969
89578,-2.383160,1.191580
89579,-2.176109,0.777479
89580,-3.397582,1.449729
89581,-0.666236,-1.634021
89582,-1.727818,-1.889800
89583,-2.899457,1.449729
89584,-2.302521,1.030303
89585,-3.153395,0.440071
89586,-3.563623,1.781812
89587,-3.528889,1.579063
89588,-2.835050,1.320914
89589,-1.384971,1.449729
89590,-0.831764,-0.535628
89591,-3.779838,1.826239
89592,-3.528889,1.579063
89593,-0.967322,0.123490
89594,-3.779838,1.826239
89595,-3.528889,1.579063
89596,-0.722906,-0.365341
89597,-1.955475,-0.826239
89598,-3.652478,1.826239
89599,-1.906779,-0.535628
89600,-2.669008,0.988831
89601,-1.813332,-0.722521
89602,-3.652478,1.826239
89603,-1.760035,1.320914
89604,-1.492359,1.781812
89605,-2.793116,1.623490
89606,-2.700489,1.826239
89607,-2.155959,-0.425270
89608,-2.793116,1.623490
89609,-1.914041,-0.134659
89610,-1.945199,0.149460
89611,-1.357582,-1.634021
89612,-3.324167,1.911146
89613,-3.650504,1.955573
89614,-1.070127,-0.826239
89615,-2.065597,-0.826239
89616,-2.526723,-0.425270
89617,-3.779838,1.826239
89618,-2.461033,1.955573
89619,-1.760035,1.320914
89620,-3.650504,1.955573
89621,-2.440004,0.142820
89622,-3.246980,1.623490
89623,-3.065499,1.781812
89624,-2.669008,0.988831
89625,-0.217752,-0.365341
89626,-3.652478,1.826239
89627,-3.333174,1.320914
89628,-3.656250,1.579063
89629,0.104668,-0.109562
89630,-2.096023,2.000000
89631,-2.144490,0.326239
89632,-3.158125,1.579063
89633,-3.826239,1.652478
89634,-1.945199,0.149460
89635,-3.161387,1.365341
89636,-2.461033,1.955573
89637,-3.563623,1.781812
89638,-2.899457,1.449729
89639,-3.563623,1.781812
89640,-1.858780,0.142820
89641,-3.652478,1.826239
89642,-3.158125,1.579063
89643,-3.656250,1.579063
89644,-3.304955,1.652478
89645,-2.149460,1.074730
89646,-3.152379,1.955573
89647,-3.158125,1.579063
89648,-2.885719,0.900969
89649,-3.656250,1.579063
89650,0.180972,-0.033258
89651,-2.383160,1.191580
89652,-0.689843,0.400969
89653,-2.711958,1.074730
89654,-3.397582,1.449729
89655,-0.861260,0.222521
89656,-3.484462,1.623490
89657,-2.576901,1.579063
89658,-3.268248,1.579063
89659,-3.051264,1.365341
89660,-3.650504,1.955573
89661,-2.311457,-0.722521
89662,-2.347897,0.733052
89663,-1.727818,-1.889800
89664,-1.210838,0.222521
89665,-3.824265,1.781812
89666,-2.883745,1.030303
89667,-3.333174,1.320914
89668,-3.335148,1.191580
89669,-2.810768,0.142820
89670,-2.349870,0.603718
89671,-3.656250,1.579063
89672,-3.824265,1.781812
89673,-3.824265,1.781812
89674,-1.873490,-1.123490
89675,-1.406715,-0.277479
89676,-1.836861,1.579063
89677,-3.563623,1.781812
89678,-3.158125,1.579063
89679,-3.658223,1.449729
89680,-3.658223,1.449729
89681,-2.730682,1.365341
89682,-2.518736,1.074730
89683,-2.859464,-0.147791
89684,-2.730682,1.365341
89685,-1.154522,0.988831
89686,-0.712714,0.222521
89687,-2.110972,-1.123490
89688,-2.155959,-0.425270
89689,-2.184738,-0.367711
89690,-0.150295,-0.147791
89691,-0.828197,0.988831
89692,-3.153395,0.440071
89693,-1.044797,-0.109562
89694,-0.834695,-0.425270
89695,-0.842470,-1.889800
89696,-1.690819,-1.488831
89697,-0.842470,-1.889800
89698,-1.248319,-1.466104
89699,-3.065499,1.781812
89700,-1.801938,0.900969
89701,-3.246980,1.623490
89702,-1.733246,0.500000
89703,-3.911146,1.955573
89704,-3.434289,1.911146
89705,-3.911146,1.955573
89706,-3.694931,1.911146
89707,-3.911146,1.955573
89708,-3.528889,1.579063
89709,-3.095692,1.320914
89710,-2.870469,2.000000
89711,-2.870469,2.000000
89712,-3.167133,0.988831
89713,-2.964384,1.191580
89714,-3.095692,1.320914
89715,-3.866718,2.000000
89716,-3.528889,1.579063
89717,-1.574735,-0.425270
89718,-2.873202,0.400969
89719,-3.658223,1.449729
89720,-3.281713,1.826239
89721,-3.528889,1.579063
89722,-3.281713,1.826239
89723,0.775361,1.191580
89724,-1.773241,0.455573
89725,-2.892753,0.440071
89726,0.116318,-1.211352
89727,-2.859464,-0.147791
89728,-3.427775,0.988831
89729,-1.198511,1.030303
89730,-3.365341,0.730682
89731,-3.333174,1.320914
89732,-3.824265,1.781812
89733,-3.484462,1.623490
89734,-2.669008,0.988831
89735,-1.475625,-0.623490
89736,-2.461033,1.955573
89737,-3.490208,1.246980
89738,-3.333174,1.320914
89739,-2.899457,1.449729
89740,-0.544316,-0.722521
89741,-3.427775,0.988831
89742,-3.304955,1.652478
89743,-1.406715,-0.277479
89744,-3.652478,1.826239
89745,-3.911146,1.955573
89746,-1.978621,0.733052
89747,-1.593993,0.988831
89748,-3.158125,1.579063
89749,-1.652210,-0.658322
89750,-1.396440,0.698220
89751,-1.554958,0.777479
89752,-0.161161,-1.488831
89753,-0.873502,-0.445042
89754,-3.563623,1.781812
89755,-1.637893,1.955573
89756,-2.859464,-0.147791
89757,-0.735570,1.191580
89758,-2.899457,1.449729
89759,-1.384971,1.449729
89760,-2.706235,1.449729
89761,-3.528889,1.579063
89762,-3.563623,1.781812
89763,-3.232059,0.730682
89764,-1.121986,-0.722521
89765,-3.824265,1.781812
89766,-3.427775,0.988831
89767,-1.873490,-1.123490
89768,-3.563623,1.781812
89769,-2.518736,1.074730
89770,-1.858780,0.142820
89771,-2.874250,1.652478
89772,-0.911146,0.455573
89773,-2.872277,1.781812
89774,-3.161387,1.365341
89775,-2.383160,1.191580
89776,-2.711958,1.074730
89777,-2.810768,0.142820
89778,-3.304955,1.652478
89779,-2.541119,0.733052
89780,-3.652478,1.826239
89781,-1.858780,0.142820
89782,2.314088,-0.425270
89783,-1.824442,1.449729
89784,-2.294861,-0.367711
89785,-3.911146,1.955573
89786,-2.334986,1.579063
89787,-2.493959,1.246980
89788,-3.563623,1.781812
89789,-3.335148,1.191580
89790,-3.563623,1.781812
89791,-3.335148,1.191580
89792,-2.730682,1.365341
89793,-3.656250,1.579063
89794,-3.167133,0.988831
89795,-0.437586,-0.445042
89796,-2.119812,-0.109562
89797,-2.316833,-1.233052
89798,-2.993868,1.030303
89799,-3.123202,0.900969
89800,-1.149815,1.320914
89801,-1.420728,1.030303
89802,-3.268248,1.579063
89803,-3.333174,1.320914
89804,-2.859464,-0.147791
89805,-2.005777,-1.721883
89806,-1.945199,0.149460
89807,-1.760035,1.320914
89808,-3.563623,1.781812
89809,-3.335148,1.191580
89810,-3.335148,1.191580
89811,-2.431855,0.900969
89812,-2.518736,1.074730
89813,-3.658223,1.449729
89814,-3.656250,1.579063
89815,-2.899457,1.449729
89816,-3.824265,1.781812
89817,-3.215828,0.698220
89818,-3.652478,1.826239
89819,-3.161387,1.365341
89820,-2.899457,1.449729
89821,-3.658223,1.449729
89822,-3.490208,1.246980
89823,-1.044797,-0.109562
89824,-3.822291,1.911146
89825,-3.484462,1.623490
89826,-3.484462,1.623490
89827,-2.793116,1.623490
89828,-1.225625,-1.123490
89829,-2.272552,1.320914
89830,-3.658223,1.449729
89831,-2.431855,0.900969
89832,-2.184738,-0.367711
89833,-1.214222,1.449729
89834,0.520710,0.054604
89835,0.131183,-0.162592
89836,-3.650504,1.955573
89837,-3.658223,1.449729
89838,-1.914041,-0.134659
89839,-3.824265,1.781812
89840,-3.065499,1.781812
89841,0.275884,-0.147791
89842,-2.038874,-1.400969
89843,-1.801938,0.900969
89844,-3.528889,1.579063
89845,-3.528889,1.579063
89846,-2.964384,1.191580
89847,-3.528889,1.579063
89848,-3.065499,1.781812
89849,-3.153395,0.440071
89850,-2.837543,1.579063
89851,-3.563623,1.781812
89852,-3.167133,0.988831
89853,-1.412671,0.730682
89854,-3.824265,1.781812
89855,-3.563623,1.781812
89856,-1.928302,-1.488831
89857,-1.396440,0.698220
89858,-1.637893,1.955573
89859,-3.365341,0.730682
89860,-3.911146,1.955573
89861,-3.304955,1.652478
89862,-1.873490,-1.123490
89863,-2.892753,0.440071
89864,-2.730682,1.365341
89865,-3.065499,1.781812
89866,-3.652478,1.826239
89867,-3.246980,1.623490
89868,-3.324167,1.911146
89869,-3.826239,1.652478
89870,-2.493959,1.246980
89871,-2.730682,1.365341
89872,0.275884,-0.147791
89873,-0.864659,-0.365341
89874,-0.932879,0.054604
89875,-3.563623,1.781812
89876,-3.268248,1.579063
89877,-0.779516,-0.535628
89878,-3.158125,1.579063
89879,-0.186374,0.093187
89880,-1.396440,0.698220
89881,-2.892753,0.440071
89882,-0.801938,0.400969
89883,-2.810768,0.142820
89884,-3.158125,1.579063
89885,-3.478716,2.000000
89886,-3.911146,1.955573
89887,-3.065499,1.781812
89888,-3.490208,1.246980
89889,-3.158125,1.579063
89890,-1.824442,1.449729
89891,-2.116349,-1.634021
89892,-1.624178,-1.488831
89893,1.208032,0.326239
89894,-2.576901,1.579063
89895,-2.837543,1.579063
89896,-3.326140,1.781812
89897,-2.837543,1.579063
89898,-3.692957,1.652478
89899,-2.311457,-0.722521
89900,-1.330319,-0.914101
89901,-0.063347,0.093187
89902,-3.095692,1.320914
89903,-2.899457,1.449729
89904,-2.810768,0.142820
89905,-1.873490,-1.123490
89906,-3.656250,1.579063
89907,-2.641828,1.320914
89908,-3.427775,0.988831
89909,-2.337712,0.326239
89910,-0.764573,0.326239
89911,-1.833963,0.093187
89912,-3.215828,0.698220
89913,-3.326140,1.781812
89914,-2.874250,1.652478
89915,-3.824265,1.781812
89916,-3.826239,1.652478
89917,-3.246980,1.623490
89918,-3.656250,1.579063
89919,-2.874250,1.652478
89920,0.437420,0.400969
89921,0.821760,-0.367711
89922,-2.518736,1.074730
89923,-3.528889,1.579063
89924,-3.232059,0.730682
89925,-1.801938,0.900969
89926,-0.229775,0.011169
89927,1.071256,-0.535628
89928,-3.911146,1.955573
89929,-2.883745,1.030303
89930,-3.246980,1.623490
89931,-3.484462,1.623490
89932,-3.822291,1.911146
89933,-1.833963,0.093187
89934,-3.911146,1.955573
89935,-3.304955,1.652478
89936,-0.828197,0.988831
89937,0.854009,0.266948
89938,-3.065499,1.781812
89939,-2.859464,-0.147791
89940,-3.650504,1.955573
89941,-1.409351,-0.147791
89942,-3.824265,1.781812
89943,-3.692957,1.652478
89944,-2.563163,1.030303
89945,-1.890808,-0.955573
89946,-3.694931,1.911146
89947,-2.518736,1.074730
89948,-3.462508,1.191580
89949,-2.466259,1.191580
89950,-1.847313,0.603718
89951,-2.938128,0.142820
89952,-1.917063,0.093187
89953,-3.911146,1.955573
89954,-2.109756,0.123490
89955,-3.427775,0.988831
89956,-2.056191,-1.233052
89957,-2.938128,0.142820
89958,-3.528889,1.579063
89959,-3.462508,1.191580
89960,-0.226309,-0.914101
89961,0.158759,0.011169
89962,-2.272552,1.320914
89963,-3.563623,1.781812
89964,-3.826239,1.652478
89965,-3.824265,1.781812
89966,-2.060606,1.030303
89967,-0.928928,-1.233052
89968,-1.154522,0.988831
89969,-3.215828,0.698220
89970,-3.490208,1.246980
89971,-3.656250,1.579063
89972,-3.335148,1.191580
89973,-3.158125,1.579063
89974,-2.431855,0.900969
89975,-1.801938,0.900969
89976,-3.658223,1.449729
89977,-2.859464,-0.147791
89978,-3.563623,1.781812
89979,-2.883745,1.030303
89980,-3.065499,1.781812
89981,-2.835050,1.320914
89982,-2.155959,-0.425270
89983,-3.153395,0.440071
89984,-2.430339,0.123490
89985,-0.939778,-1.211352
89986,-1.845869,0.988831
89987,-2.337712,0.326239
89988,-3.694931,1.911146
89989,-3.281713,1.826239
89990,-2.563163,1.030303
89991,-3.246980,1.623490
89992,-2.056191,-1.233052
89993,-1.445133,0.698220
89994,-3.167133,0.988831
89995,-1.592048,0.093187
89996,-3.824265,1.781812
89997,-1.026723,1.074730
89998,-1.551012,1.781812
89999,-3.152379,1.955573
90000,-3.692957,1.652478
90001,-3.866718,2.000000
90002,-3.268248,1.579063
90003,-3.563623,1.781812
90004,-3.434289,1.911146
90005,-2.440004,0.142820
90006,-3.779838,1.826239
90007,-3.955573,1.911146
90008,-3.658223,1.449729
90009,-2.964384,1.191580
90010,-3.650504,1.955573
90011,-3.528889,1.579063
90012,-3.866718,2.000000
90013,-3.153395,0.440071
90014,-0.607038,-1.488831
90015,-0.735570,1.191580
90016,-3.324167,1.911146
90017,-2.810768,0.142820
90018,-3.324167,1.911146
90019,-3.652478,1.826239
90020,-3.397582,1.449729
90021,-3.826239,1.652478
90022,0.748859,-0.162592
90023,-3.167133,0.988831
90024,-3.484462,1.623490
90025,-3.065499,1.781812
90026,-3.158125,1.579063
90027,-3.656250,1.579063
90028,-3.911146,1.955573
90029,-2.941449,0.149460
90030,1.177613,0.123490
90031,-3.652478,1.826239
90032,-3.427775,0.988831
90033,-3.650504,1.955573
90034,-3.824265,1.781812
90035,-3.333174,1.320914
90036,-2.383160,1.191580
90037,-3.911146,1.955573
90038,-2.261572,-0.955573
90039,-1.475625,-0.623490
90040,-2.266948,-1.466104
90041,-1.928302,-1.488831
90042,-0.520157,-0.162592
90043,-2.272552,1.320914
90044,-3.824265,1.781812
90045,-3.652478,1.826239
90046,-2.337712,0.326239
90047,-2.374152,1.781812
90048,-3.158125,1.579063
90049,-2.700489,1.826239
90050,-3.478716,2.000000
90051,-3.563623,1.781812
90052,-2.899457,1.449729
90053,-2.892753,0.440071
90054,-2.810768,0.142820
90055,-3.158125,1.579063
90056,-2.181855,0.400969
90057,-2.706235,1.449729
90058,-3.335148,1.191580
90059,-3.246980,1.623490
90060,-3.658223,1.449729
90061,-3.427775,0.988831
90062,-2.383160,1.191580
90063,-2.430339,0.123490
90064,-3.563623,1.781812
90065,-3.563623,1.781812
90066,-3.427775,0.988831
90067,-3.215828,0.698220
90068,-3.650504,1.955573
90069,-3.658223,1.449729
90070,-1.762008,1.191580
90071,-3.822291,1.911146
90072,-3.650504,1.955573
90073,-3.911146,1.955573
90074,-3.563623,1.781812
90075,-2.700489,1.826239
90076,-2.343556,-0.658322
90077,-2.266948,-1.466104
90078,-0.520157,-0.162592
90079,-3.824265,1.781812
90080,-3.304955,1.652478
90081,-3.652478,1.826239
90082,-3.158125,1.579063
90083,-2.717704,0.698220
90084,-1.475625,-0.623490
90085,-2.572099,-0.722521
90086,-2.873202,0.400969
90087,-1.441541,-1.466104
90088,-2.938128,0.142820
90089,-3.484462,1.623490
90090,-2.410859,1.246980
90091,-2.259209,0.777479
90092,-2.964384,1.191580
90093,-3.779838,1.826239
90094,-3.694931,1.911146
90095,-2.873202,0.400969
90096,-1.811776,-1.721883
90097,-2.899457,1.449729
90098,-3.911146,1.955573
90099,-2.394628,0.440071
90100,-0.709394,0.440071
90101,-3.167133,0.988831
90102,-2.742943,1.911146
90103,-3.563623,1.781812
90104,-1.801938,0.900969
90105,-2.837543,1.579063
90106,-1.977662,0.988831
90107,-2.837543,1.579063
90108,-3.658223,1.449729
90109,-1.550062,0.900969
90110,-3.955573,1.911146
90111,-3.326140,1.781812
90112,-2.892753,0.440071
90113,-3.528889,1.579063
90114,-3.658223,1.449729
90115,-3.194833,1.652478
90116,-2.938128,0.142820
90117,-2.873202,0.400969
90118,-3.658223,1.449729
90119,-2.605388,-0.134659
90120,-3.095692,1.320914
90121,-2.541119,0.733052
90122,-3.397582,1.449729
90123,-3.658223,1.449729
90124,-3.824265,1.781812
90125,-1.594507,0.222521
90126,-3.232059,0.730682
90127,-2.563163,1.030303
90128,-2.669008,0.988831
90129,-2.394628,0.440071
90130,-3.484462,1.623490
90131,-2.730682,1.365341
90132,-2.334986,1.579063
90133,-2.493959,1.246980
90134,-2.526723,-0.425270
90135,-2.892753,0.440071
90136,-3.694931,1.911146
90137,-3.427775,0.988831
90138,-3.088468,0.698220
90139,-1.717979,0.733052
90140,-1.977662,0.988831
90141,-3.462508,1.191580
90142,-3.268248,1.579063
90143,-3.051264,1.365341
90144,-3.434289,1.911146
90145,-3.528889,1.579063
90146,-3.167133,0.988831
90147,-3.779838,1.826239
90148,-1.934194,0.777479
90149,-2.541119,0.733052
90150,-3.102206,1.246980
90151,-1.279149,1.191580
90152,-3.065499,1.781812
90153,-2.541119,0.733052
90154,-3.779838,1.826239
90155,-3.065499,1.781812
90156,-3.824265,1.781812
90157,-1.713557,-0.535628
90158,-3.152379,1.955573
90159,-3.153395,0.440071
90160,-3.824265,1.781812
90161,-1.849772,0.733052
90162,-3.563623,1.781812
90163,-1.323809,0.455573
90164,-2.572099,-0.722521
90165,-3.281713,1.826239
90166,-3.246980,1.623490
90167,-2.870469,2.000000
90168,-2.466259,1.191580
90169,-2.259209,0.777479
90170,-3.088468,0.698220
90171,-3.866718,2.000000
90172,-2.598822,-0.147791
90173,-1.574735,-0.425270
90174,-3.427775,0.988831
90175,-2.576901,1.579063
90176,-2.993868,1.030303
90177,-1.133363,0.455573
90178,-2.598822,-0.147791
90179,-2.576901,1.579063
90180,-3.911146,1.955573
90181,-2.837543,1.579063
90182,-2.885719,0.900969
90183,-3.563623,1.781812
90184,-3.650504,1.955573
90185,-2.837543,1.579063
90186,-2.526723,-0.425270
90187,-1.225625,-1.123490
90188,-0.810020,1.191580
90189,-2.149460,1.074730
90190,-3.427775,0.988831
90191,-2.461033,1.955573
90192,-3.822291,1.911146
90193,-3.158125,1.579063
90194,-3.824265,1.781812
90195,-3.326140,1.781812
90196,-3.326140,1.781812
90197,-3.246980,1.623490
90198,-3.822291,1.911146
90199,-3.822291,1.911146
90200,-3.158125,1.579063
90201,-2.119812,-0.109562
90202,-2.119812,-0.109562
90203,-2.430339,0.123490
90204,-3.826239,1.652478
90205,-3.484462,1.623490
90206,-2.635719,0.400969
90207,-3.822291,1.911146
90208,-2.654083,-0.425270
90209,-3.490208,1.246980
90210,-3.822291,1.911146
90211,-2.883745,1.030303
90212,-3.123202,0.900969
90213,-2.941449,0.149460
90214,-1.906779,-0.535628
90215,-2.883745,1.030303
90216,-3.152379,1.955573
90217,-3.658223,1.449729
90218,-3.652478,1.826239
90219,-2.430339,0.123490
90220,-3.095692,1.320914
90221,0.328724,-1.977662
90222,-3.152379,1.955573
90223,-2.837543,1.579063
90224,-2.576901,1.579063
90225,-2.742943,1.911146
90226,-3.194833,1.652478
90227,-3.779838,1.826239
90228,-0.607038,-1.488831
90229,-3.232059,0.730682
90230,-2.149460,1.074730
90231,-3.281713,1.826239
90232,-2.038874,-1.400969
90233,-1.462714,0.222521
90234,-2.272552,1.320914
90235,-1.713557,-0.535628
90236,-2.717704,0.698220
90237,-3.153395,0.440071
90238,-2.242359,1.781812
90239,-3.333174,1.320914
90240,-3.824265,1.781812
90241,-3.215828,0.698220
90242,-2.334986,1.579063
90243,-2.493959,1.246980
90244,0.079338,-0.826239
90245,-0.132608,-0.535628
90246,-2.056191,-1.233052
90247,-2.500000,-1.000000
90248,-1.944528,-1.977662
90249,-2.163198,1.623490
90250,-3.650504,1.955573
90251,-3.102206,1.246980
90252,-3.333174,1.320914
90253,-1.413419,-0.914101
90254,-3.427775,0.988831
90255,-3.324167,1.911146
90256,-2.060606,1.030303
90257,-3.652478,1.826239
90258,-1.551938,0.400969
90259,1.652478,-0.826239
90260,-0.458468,1.320914
90261,-3.158125,1.579063
90262,-3.153395,0.440071
90263,-2.844057,0.730682
90264,-2.334986,1.579063
90265,-3.326140,1.781812
90266,-3.824265,1.781812
90267,-1.344281,-0.535628
90268,-1.406715,-0.277479
90269,-1.207436,0.603718
90270,-3.490208,1.246980
90271,-3.650504,1.955573
90272,-1.588247,1.365341
90273,-3.824265,1.781812
90274,-3.824265,1.781812
90275,-2.383160,1.191580
90276,-2.717704,0.698220
90277,-3.335148,1.191580
90278,-2.859464,-0.147791
90279,-1.811776,-1.721883
90280,-1.568917,-1.211352
90281,-2.730682,1.365341
90282,-3.333174,1.320914
90283,-3.650504,1.955573
90284,-1.636943,1.074730
90285,-3.650504,1.955573
90286,-2.541119,0.733052
90287,-1.636943,1.074730
90288,-2.176109,0.777479
90289,-3.563623,1.781812
90290,-0.462714,-0.277479
90291,-1.717542,-0.914101
90292,-3.427775,0.988831
90293,-3.528889,1.579063
90294,-3.563623,1.781812
90295,-3.779838,1.826239
90296,-2.669008,0.988831
90297,-2.259209,0.777479
90298,-2.541119,0.733052
90299,-3.427775,0.988831
90300,-2.431855,0.900969
90301,-3.658223,1.449729
90302,-2.837543,1.579063
90303,-1.118740,0.142820
90304,-3.232059,0.730682
90305,-3.065499,1.781812
90306,-0.195042,-0.277479
90307,0.938944,0.988831
90308,-2.541119,0.733052
90309,-3.333174,1.320914
90310,-3.694931,1.911146
90311,-3.065499,1.781812
90312,-0.604474,-1.123490
90313,-1.524320,-0.914101
90314,-2.311457,-0.722521
90315,-3.123202,0.900969
90316,-2.337712,0.326239
90317,-3.152379,1.955573
90318,-3.333174,1.320914
90319,-2.336959,1.449729
90320,-2.383160,1.191580
90321,-3.490208,1.246980
90322,-2.899457,1.449729
90323,-3.365341,0.730682
90324,-3.335148,1.191580
90325,-2.011910,1.320914
90326,-3.095692,1.320914
90327,-2.605388,-0.134659
90328,-2.176109,0.777479
90329,-2.874250,1.652478
90330,-2.605388,-0.134659
90331,-2.430339,0.123490
90332,-3.335148,1.191580
90333,-3.304955,1.652478
90334,-3.167133,0.988831
90335,-2.493959,1.246980
90336,-1.229497,0.266948
90337,-1.801938,0.900969
90338,-3.397582,1.449729
90339,-1.396440,0.698220
90340,-2.844057,0.730682
90341,-2.060606,1.030303
90342,-3.826239,1.652478
90343,-2.780575,0.603718
90344,-1.988459,-1.889800
90345,-1.648630,-0.277479
90346,-3.692957,1.652478
90347,-3.333174,1.320914
90348,-1.574735,-0.425270
90349,-3.623490,1.246980
90350,-2.964384,1.191580
90351,-3.051264,1.365341
90352,-3.484462,1.623490
90353,-3.779838,1.826239
90354,-3.051264,1.365341
90355,-3.427775,0.988831
90356,-3.528889,1.579063
90357,-3.427775,0.988831
90358,-3.824265,1.781812
90359,-3.484462,1.623490
90360,-2.635719,0.400969
90361,-2.228125,1.365341
90362,-3.326140,1.781812
90363,-3.650504,1.955573
90364,-3.462508,1.191580
90365,-1.849772,0.733052
90366,-3.650504,1.955573
90367,-2.431855,0.900969
90368,-2.964384,1.191580
90369,-1.050429,1.652478
90370,-1.978621,0.733052
90371,-0.700307,0.733052
90372,-3.304955,1.652478
90373,-3.215828,0.698220
90374,-2.181855,0.400969
90375,-2.385621,1.030303
90376,-1.413419,-0.914101
90377,-0.254431,0.733052
90378,-0.873667,-0.955573
90379,0.770019,-1.211352
90380,-3.528889,1.579063
90381,-2.015156,0.455573
90382,-1.279149,1.191580
90383,-3.528889,1.579063
90384,-2.228125,1.365341
90385,-3.692957,1.652478
90386,-1.934194,0.777479
90387,-2.316833,-1.233052
90388,-2.106074,-0.658322
90389,-0.147870,-0.074730
90390,-0.916907,-0.365341
90391,-3.656250,1.579063
90392,-2.711958,1.074730
90393,-3.324167,1.911146
90394,-2.883745,1.030303
90395,-2.730682,1.365341
90396,-3.158125,1.579063
90397,-2.730682,1.365341
90398,-3.822291,1.911146
90399,-3.158125,1.579063
90400,-1.760035,1.320914
90401,-1.855707,-1.634021
90402,-3.911146,1.955573
90403,-2.374152,1.781812
90404,-2.780575,0.603718
90405,-3.822291,1.911146
90406,-2.885719,0.900969
90407,-3.656250,1.579063
90408,-2.899457,1.449729
90409,-1.475625,-0.623490
90410,-3.335148,1.191580
90411,-3.158125,1.579063
90412,0.185991,-0.147791
90413,-2.015156,0.455573
90414,-3.911146,1.955573
90415,-3.563623,1.781812
90416,-2.337712,0.326239
90417,-3.427775,0.988831
90418,-2.518736,1.074730
90419,-3.779838,1.826239
90420,-2.964384,1.191580
90421,-2.938128,0.142820
90422,-3.051264,1.365341
90423,-3.281713,1.826239
90424,-2.993868,1.030303
90425,-3.824265,1.781812
90426,-3.563623,1.781812
90427,-3.623490,1.246980
90428,-2.670453,0.603718
90429,-2.553446,0.149460
90430,-3.650504,1.955573
90431,-3.427775,0.988831
90432,-2.964384,1.191580
90433,-3.528889,1.579063
90434,-3.563623,1.781812
90435,-3.563623,1.781812
90436,-0.867905,1.365341
90437,-2.109756,0.123490
90438,-1.419626,-1.123490
90439,-3.866718,2.000000
90440,-3.650504,1.955573
90441,-2.899457,1.449729
90442,-1.244415,0.988831
90443,-2.431855,0.900969
90444,-2.899457,1.449729
90445,-3.563623,1.781812
90446,-3.268248,1.579063
90447,-3.268248,1.579063
90448,-3.528889,1.579063
90449,-2.859464,-0.147791
90450,-3.824265,1.781812
90451,-2.885719,0.900969
90452,-1.551012,1.781812
90453,-2.394628,0.440071
90454,-2.644197,-0.445042
90455,-3.694931,1.911146
90456,-1.413419,-0.914101
90457,-2.700489,1.826239
90458,-2.730682,1.365341
90459,-0.928928,-1.233052
90460,-2.431855,0.900969
90461,-3.397582,1.449729
90462,-3.824265,1.781812
90463,-3.779838,1.826239
90464,-0.167082,0.054604
90465,-1.695108,1.579063
90466,-2.005777,-1.721883
90467,-1.668109,-1.400969
90468,-2.038874,-1.400969
90469,-3.866718,2.000000
90470,-2.540461,0.123490
90471,-2.526723,-0.425270
90472,-3.528889,1.579063
90473,-3.246980,1.623490
90474,-3.563623,1.781812
90475,-1.917063,0.093187
90476,-1.466104,0.733052
90477,-3.065499,1.781812
90478,-2.410859,1.246980
90479,-3.911146,1.955573
90480,-3.528889,1.579063
90481,-1.933731,0.900969
90482,-3.102206,1.246980
90483,-2.641828,1.320914
90484,-3.484462,1.623490
90485,-3.232059,0.730682
90486,0.239354,-0.074730
90487,-2.184738,-0.367711
90488,-3.911146,1.955573
90489,-3.779838,1.826239
90490,-3.694931,1.911146
90491,-1.062213,-0.074730
90492,-1.121986,-0.722521
90493,-3.123202,0.900969
90494,-0.272729,0.988831
90495,-1.717542,-0.914101
90496,-3.167133,0.988831
90497,-3.268248,1.579063
90498,-3.779838,1.826239
90499,-2.938128,0.142820
90500,-3.246980,1.623490
90501,-3.194833,1.652478
90502,-3.692957,1.652478
90503,0.001504,0.400969
90504,-2.526723,-0.425270
90505,-1.306849,1.246980
90506,-2.383160,1.191580
90507,-3.304955,1.652478
90508,-2.711958,1.074730
90509,-3.652478,1.826239
90510,-3.822291,1.911146
90511,-3.478716,2.000000
90512,-2.700489,1.826239
90513,-3.326140,1.781812
90514,-2.873202,0.400969
90515,-1.668109,-1.400969
90516,-3.304955,1.652478
90517,-0.146901,-0.134659
90518,-1.207436,0.603718
90519,-2.777479,-0.445042
90520,-3.161387,1.365341
90521,-1.824442,1.449729
90522,-3.365341,0.730682
90523,-3.326140,1.781812
90524,-3.652478,1.826239
90525,-2.706235,1.449729
90526,-2.872277,1.781812
90527,-2.883745,1.030303
90528,0.669968,0.266948
90529,-2.793116,1.623490
90530,-3.161387,1.365341
90531,-2.885719,0.900969
90532,-1.933731,0.900969
90533,-2.859464,-0.147791
90534,-1.713557,-0.535628
90535,-0.881639,-1.977662
90536,-3.215828,0.698220
90537,-3.397582,1.449729
90538,-2.899457,1.449729
90539,-3.335148,1.191580
90540,-2.872277,1.781812
90541,-3.826239,1.652478
90542,-2.060606,1.030303
90543,-3.158125,1.579063
90544,0.196183,0.440071
90545,-1.225625,-1.123490
90546,-3.563623,1.781812
90547,-3.246980,1.623490
90548,-2.859464,-0.147791
90549,-1.878417,-1.721883
90550,-2.793116,1.623490
90551,-1.933731,0.900969
90552,-3.326140,1.781812
90553,-1.914041,-0.134659
90554,-2.859464,-0.147791
90555,-0.652478,0.326239
90556,-3.158125,1.579063
90557,-2.810768,0.142820
90558,-1.760035,1.320914
90559,-3.304955,1.652478
90560,-3.822291,1.911146
90561,-3.484462,1.623490
90562,-3.658223,1.449729
90563,-3.826239,1.652478
90564,-3.563623,1.781812
90565,-3.826239,1.652478
90566,-3.123202,0.900969
90567,-2.941449,0.149460
90568,-2.181855,0.400969
90569,-1.594507,0.222521
90570,-3.490208,1.246980
90571,-3.911146,1.955573
90572,-3.158125,1.579063
90573,-3.563623,1.781812
90574,-2.334986,1.579063
90575,-3.484462,1.623490
90576,-2.874250,1.652478
90577,-2.717704,0.698220
90578,-3.658223,1.449729
90579,-1.926590,-0.109562
90580,-2.541119,0.733052
90581,-3.335148,1.191580
90582,-3.658223,1.449729
90583,-2.098256,0.455573
90584,-2.294861,-0.367711
90585,-3.490208,1.246980
90586,-2.605388,-0.134659
90587,-1.955475,-0.826239
90588,-3.158125,1.579063
90589,-3.563623,1.781812
90590,-3.326140,1.781812
90591,-3.478716,2.000000
90592,-2.060606,1.030303
90593,-2.176109,0.777479
90594,-3.246980,1.623490
90595,-3.824265,1.781812
90596,-3.158125,1.579063
90597,-2.892753,0.440071
90598,-1.652210,-0.658322
90599,-2.941449,0.149460
90600,-3.478716,2.000000
90601,-2.641828,1.320914
90602,-1.813332,-0.722521
90603,-3.158125,1.579063
90604,-3.095692,1.320914
90605,-1.727818,-1.889800
90606,-2.106074,-0.658322
90607,-1.489885,-1.977662
90608,-3.167133,0.988831
90609,-3.335148,1.191580
90610,-3.335148,1.191580
90611,-2.641828,1.320914
90612,-2.717704,0.698220
90613,-3.158125,1.579063
90614,-3.563623,1.781812
90615,-2.899457,1.449729
90616,-3.656250,1.579063
90617,-2.242359,1.781812
90618,-2.872277,1.781812
90619,-3.650504,1.955573
90620,-3.658223,1.449729
90621,-2.641828,1.320914
90622,-2.163198,1.623490
90623,-1.668109,-1.400969
90624,-2.266948,-1.466104
90625,-3.397582,1.449729
90626,-1.275116,0.455573
90627,-2.669008,0.988831
90628,-2.311457,-0.722521
90629,-0.285640,0.142820
90630,-3.650504,1.955573
90631,-2.119812,-0.109562
90632,0.132628,0.222521
90633,-3.911146,1.955573
90634,-3.694931,1.911146
90635,-0.563340,0.698220
90636,-2.859464,-0.147791
90637,-2.181855,0.400969
90638,-3.563623,1.781812
90639,-3.123202,0.900969
90640,-2.883745,1.030303
90641,-3.822291,1.911146
90642,-3.304955,1.652478
90643,-3.153395,0.440071
90644,-2.635719,0.400969
90645,-2.374152,1.781812
90646,-0.831764,-0.535628
90647,-1.811776,-1.721883
90648,-2.717704,0.698220
90649,-3.153395,0.440071
90650,-3.065499,1.781812
90651,-3.215828,0.698220
90652,-3.652478,1.826239
90653,-2.874250,1.652478
90654,-3.158125,1.579063
90655,-1.207436,0.603718
90656,-3.333174,1.320914
90657,-3.822291,1.911146
90658,-3.167133,0.988831
90659,-3.658223,1.449729
90660,-3.158125,1.579063
90661,-3.652478,1.826239
90662,-1.306849,1.246980
90663,-3.490208,1.246980
90664,-1.775215,0.326239
90665,-2.155959,-0.425270
90666,-1.945199,0.149460
90667,-3.826239,1.652478
90668,-3.658223,1.449729
90669,-2.374152,1.781812
90670,-1.361599,-0.367711
90671,-1.878417,-1.721883
90672,1.413021,-0.955573
90673,-0.305503,-0.367711
90674,-2.228125,1.365341
90675,-2.259209,0.777479
90676,-3.779838,1.826239
90677,-3.824265,1.781812
90678,-2.837543,1.579063
90679,-3.427775,0.988831
90680,-3.911146,1.955573
90681,-3.484462,1.623490
90682,-2.837543,1.579063
90683,-3.326140,1.781812
90684,-1.574293,-1.721883
90685,-2.563163,1.030303
90686,-2.993868,1.030303
90687,-3.563623,1.781812
90688,-3.194833,1.652478
90689,-3.326140,1.781812
90690,-2.872277,1.781812
90691,-2.964384,1.191580
90692,-1.960449,1.826239
90693,-3.123202,0.900969
90694,-1.977662,0.988831
90695,-3.326140,1.781812
90696,-2.184738,-0.367711
90697,-3.153395,0.440071
90698,-2.696708,1.652478
90699,-1.466104,0.733052
90700,-1.309583,-0.955573
90701,-2.394628,0.440071
90702,-3.215828,0.698220
90703,-1.775215,0.326239
90704,-3.826239,1.652478
90705,-3.152379,1.955573
90706,-2.155959,-0.425270
90707,-1.878417,-1.721883
90708,-1.284124,-0.134659
90709,-1.762008,1.191580
90710,-1.314088,-0.074730
90711,-0.735570,1.191580
90712,-0.022338,0.011169
90713,-3.658223,1.449729
90714,-3.824265,1.781812
90715,-2.334986,1.579063
90716,-3.822291,1.911146
90717,-2.717704,0.698220
90718,-2.700489,1.826239
90719,-1.231001,-1.634021
90720,-1.934194,0.777479
90721,-1.960449,1.826239
90722,-3.095692,1.320914
90723,-3.194833,1.652478
90724,-3.779838,1.826239
90725,-3.268248,1.579063
90726,-2.837543,1.579063
90727,-3.268248,1.579063
90728,-2.835050,1.320914
90729,-1.960449,1.826239
90730,-3.095692,1.320914
90731,-3.623490,1.246980
90732,-1.634892,-0.826239
90733,-1.607199,0.123490
90734,-2.899457,1.449729
90735,-3.397582,1.449729
90736,-3.826239,1.652478
90737,-2.383160,1.191580
90738,-3.158125,1.579063
90739,-2.374152,1.781812
90740,-3.563623,1.781812
90741,-2.261572,-0.955573
90742,-2.793116,1.623490
90743,-2.242359,1.781812
90744,-2.899457,1.449729
90745,-3.658223,1.449729
90746,-2.100697,-0.147791
90747,-2.598822,-0.147791
90748,-2.717704,0.698220
90749,-2.826042,1.911146
90750,-3.824265,1.781812
90751,-3.650504,1.955573
90752,-3.397582,1.449729
90753,-1.492359,1.781812
90754,-2.793116,1.623490
90755,-3.656250,1.579063
90756,-3.365341,0.730682
90757,-3.478716,2.000000
90758,-3.826239,1.652478
90759,-2.110972,-1.123490
90760,-2.598822,-0.147791
90761,-4.000000,2.000000
90762,0.295582,-0.147791
90763,-0.686069,-0.722521
90764,-2.859464,-0.147791
90765,-3.153395,0.440071
90766,-0.078499,0.123490
90767,-3.065499,1.781812
90768,-2.572099,-0.722521
90769,-2.500000,-1.000000
90770,-3.866718,2.000000
90771,-2.837543,1.579063
90772,-3.088468,0.698220
90773,-3.088468,0.698220
90774,-3.074730,0.149460
90775,-1.624178,-1.488831
90776,-1.423694,-1.889800
90777,-2.892753,0.440071
90778,-3.324167,1.911146
90779,-3.652478,1.826239
90780,-3.656250,1.579063
90781,-3.304955,1.652478
90782,-3.826239,1.652478
90783,-3.484462,1.623490
90784,-1.396440,0.698220
90785,-1.207436,0.603718
90786,-0.712635,-0.074730
90787,-0.709168,-0.914101
90788,-3.692957,1.652478
90789,-3.152379,1.955573
90790,-3.528889,1.579063
90791,-3.911146,1.955573
90792,-3.268248,1.579063
90793,-2.149460,1.074730
90794,-2.500000,-1.000000
90795,-3.658223,1.449729
90796,-3.246980,1.623490
90797,-3.065499,1.781812
90798,-3.167133,0.988831
90799,-3.326140,1.781812
90800,-2.706235,1.449729
90801,-3.658223,1.449729
90802,-3.650504,1.955573
90803,-1.955475,-0.826239
90804,-1.445881,-0.074730
90805,-0.447472,-0.425270
90806,-3.088468,0.698220
90807,-2.526723,-0.425270
90808,-2.367905,-0.134659
90809,-2.837543,1.579063
90810,-3.051264,1.365341
90811,-2.635719,0.400969
90812,-2.635719,0.400969
90813,-2.598822,-0.147791
90814,-3.427775,0.988831
90815,-3.955573,1.911146
90816,-1.643120,1.191580
90817,-3.779838,1.826239
90818,-3.102206,1.246980
90819,-3.563623,1.781812
90820,-1.855707,-1.634021
90821,-2.163198,1.623490
90822,-2.826042,1.911146
90823,-2.098256,0.455573
90824,-1.466104,0.733052
90825,-1.811776,-1.721883
90826,-1.988459,-1.889800
90827,-3.656250,1.579063
90828,-3.658223,1.449729
90829,-3.490208,1.246980
90830,-1.773241,0.455573
90831,-0.415545,-0.535628
90832,-2.242359,1.781812
90833,-3.866718,2.000000
90834,-3.694931,1.911146
90835,-0.503178,1.449729
90836,-2.641828,1.320914
90837,-3.911146,1.955573
90838,-3.326140,1.781812
90839,-2.141244,1.191580
90840,-2.336959,1.449729
90841,-3.268248,1.579063
90842,-3.427775,0.988831
90843,-3.650504,1.955573
90844,-3.650504,1.955573
90845,-3.528889,1.579063
90846,-2.440004,0.142820
90847,-2.100697,-0.147791
90848,-3.088468,0.698220
90849,-2.669008,0.988831
90850,-2.461033,1.955573
90851,-3.824265,1.781812
90852,-3.326140,1.781812
90853,-2.837543,1.579063
90854,-2.259209,0.777479
90855,-1.074632,0.054604
90856,-3.822291,1.911146
90857,-3.335148,1.191580
90858,-3.123202,0.900969
90859,-3.397582,1.449729
90860,-2.272552,1.320914
90861,-2.793116,1.623490
90862,-3.563623,1.781812
90863,-1.214222,1.449729
90864,-1.574293,-1.721883
90865,-0.534124,-0.134659
90866,-3.462508,1.191580
90867,-3.824265,1.781812
90868,-2.835050,1.320914
90869,-2.228125,1.365341
90870,-3.268248,1.579063
90871,-3.692957,1.652478
90872,-2.641828,1.320914
90873,-3.088468,0.698220
90874,-2.669008,0.988831
90875,-2.541119,0.733052
90876,-0.821489,0.440071
90877,-2.466259,1.191580
90878,-3.462508,1.191580
90879,-1.636943,1.074730
90880,-1.906779,-0.535628
90881,-3.051264,1.365341
90882,-2.964384,1.191580
90883,-0.589531,0.730682
90884,-2.742943,1.911146
90885,-3.528889,1.579063
90886,-3.281713,1.826239
90887,-3.779838,1.826239
90888,-3.326140,1.781812
90889,-3.866718,2.000000
90890,-2.440004,0.142820
90891,-0.983709,-1.123490
90892,-2.038874,-1.400969
90893,-2.553446,0.149460
90894,-2.388932,-0.955573
90895,-2.938128,0.142820
90896,-3.528889,1.579063
90897,-1.303596,-1.488831
90898,-3.123202,0.900969
90899,-2.374152,1.781812
90900,-3.281713,1.826239
90901,-0.779516,-0.535628
90902,-1.594507,0.222521
90903,-2.106074,-0.658322
90904,-1.890808,-0.955573
90905,-3.824265,1.781812
90906,-3.650504,1.955573
90907,-2.837543,1.579063
90908,-1.849772,0.733052
90909,-3.427775,0.988831
90910,-3.528889,1.579063
90911,-1.695108,1.579063
90912,-2.110972,-1.123490
90913,-1.557314,-0.109562
90914,-2.964384,1.191580
90915,-1.845869,0.988831
90916,-3.563623,1.781812
90917,-1.118740,0.142820
90918,-3.911146,1.955573
90919,-3.658223,1.449729
90920,-1.149815,1.320914
90921,-3.088468,0.698220
90922,-3.528889,1.579063
90923,-3.051264,1.365341
90924,-3.246980,1.623490
90925,-3.563623,1.781812
90926,-2.605388,-0.134659
90927,-1.977662,0.988831
90928,-3.333174,1.320914
90929,-3.824265,1.781812
90930,-3.462508,1.191580
90931,-3.694931,1.911146
90932,-2.500000,-1.000000
90933,-3.911146,1.955573
90934,-1.643120,1.191580
90935,1.747334,1.911146
90936,-1.849772,0.733052
90937,-3.528889,1.579063
90938,-3.427775,0.988831
90939,-1.534266,-1.801938
90940,-1.344281,-0.535628
90941,-0.969501,-1.801938
90942,-3.123202,0.900969
90943,-3.434289,1.911146
90944,-2.899457,1.449729
90945,-0.496114,1.320914
90946,-3.824265,1.781812
90947,-1.121986,-0.722521
90948,-2.051596,1.911146
90949,-3.694931,1.911146
90950,-3.281713,1.826239
90951,-3.650504,1.955573
90952,-3.911146,1.955573
90953,-3.123202,0.900969
90954,-1.636943,1.074730
90955,-3.911146,1.955573
90956,-2.837543,1.579063
90957,-2.964384,1.191580
90958,-3.397582,1.449729
90959,-3.088468,0.698220
90960,-2.696708,1.652478
90961,-2.835050,1.320914
90962,-2.964384,1.191580
90963,-2.563163,1.030303
90964,-3.326140,1.781812
90965,-0.801938,0.400969
90966,-2.576901,1.579063
90967,-2.208111,1.449729
90968,-3.333174,1.320914
90969,-3.779838,1.826239
90970,-3.281713,1.826239
90971,-3.246980,1.623490
90972,-3.102206,1.246980
90973,-2.964384,1.191580
90974,-1.960449,1.826239
90975,-3.955573,1.911146
90976,-2.859464,-0.147791
90977,-2.518736,1.074730
90978,-3.158125,1.579063
90979,-3.563623,1.781812
90980,-1.607199,0.123490
90981,-1.413198,1.623490
90982,-0.311666,0.326239
90983,-3.652478,1.826239
90984,-1.858780,0.142820
90985,-3.158125,1.579063
90986,-1.551012,1.781812
90987,-3.333174,1.320914
90988,-2.793116,1.623490
90989,-3.365341,0.730682
90990,-1.000000,0.500000
90991,-1.762008,1.191580
90992,-2.461033,1.955573
90993,-3.650504,1.955573
90994,-1.154522,0.988831
90995,-0.431016,0.698220
90996,-3.335148,1.191580
90997,-0.928928,-1.233052
90998,-0.586211,-0.147791
90999,-2.885719,0.900969
91000,-3.824265,1.781812
91001,-3.065499,1.781812
91002,-3.102206,1.246980
91003,-2.136480,0.698220
91004,-3.692957,1.652478
91005,-3.088468,0.698220
91006,-2.518736,1.074730
91007,-3.824265,1.781812
91008,-3.911146,1.955573
91009,-3.268248,1.579063
91010,-2.873202,0.400969
91011,-2.964384,1.191580
91012,-3.779838,1.826239
91013,-3.088468,0.698220
91014,-1.420728,1.030303
91015,-3.528889,1.579063
91016,-3.427775,0.988831
91017,-2.015156,0.455573
91018,-0.686069,-0.722521
91019,-1.088404,-0.914101
91020,-0.866720,-1.233052
91021,-4.000000,2.000000
91022,-2.106074,-0.658322
91023,-3.656250,1.579063
91024,-1.878417,-1.721883
91025,-2.526723,-0.425270
91026,-2.311457,-0.722521
91027,-3.478716,2.000000
91028,-3.911146,1.955573
91029,-3.427775,0.988831
91030,-1.461364,0.730682
91031,-3.324167,1.911146
91032,-3.822291,1.911146
91033,-3.484462,1.623490
91034,-2.106074,-0.658322
91035,-2.430339,0.123490
91036,-1.845869,0.988831
91037,-3.656250,1.579063
91038,-3.158125,1.579063
91039,-3.563623,1.781812
91040,-1.801938,0.900969
91041,-2.242359,1.781812
91042,-3.158125,1.579063
91043,-1.413198,1.623490
91044,-2.899457,1.449729
91045,-3.246980,1.623490
91046,-2.700489,1.826239
91047,-3.167133,0.988831
91048,-3.563623,1.781812
91049,-2.883745,1.030303
91050,-3.397582,1.449729
91051,-3.484462,1.623490
91052,-1.594507,0.222521
91053,-0.447472,-0.425270
91054,-1.419626,-1.123490
91055,-1.944528,-1.977662
91056,-2.383160,1.191580
91057,0.295582,-0.147791
91058,-2.181855,0.400969
91059,-3.095692,1.320914
91060,-3.161387,1.365341
91061,-3.215828,0.698220
91062,-2.641828,1.320914
91063,-0.911146,0.455573
91064,-3.490208,1.246980
91065,-2.431855,0.900969
91066,-1.086885,-1.400969
91067,-0.911611,-1.400969
91068,-3.462508,1.191580
91069,-3.065499,1.781812
91070,-1.717542,-0.914101
91071,-1.760035,1.320914
91072,-3.911146,1.955573
91073,-3.692957,1.652478
91074,-1.361599,-0.367711
91075,-3.528889,1.579063
91076,-3.563623,1.781812
91077,-2.793116,1.623490
91078,-3.484462,1.623490
91079,-3.281713,1.826239
91080,-3.232059,0.730682
91081,-3.462508,1.191580
91082,-1.409351,-0.147791
91083,-1.039708,-0.623490
91084,-1.955475,-0.826239
91085,-2.717704,0.698220
91086,-0.140335,-0.147791
91087,-2.835050,1.320914
91088,-2.899457,1.449729
91089,-2.518736,1.074730
91090,-3.563623,1.781812
91091,-1.303596,-1.488831
91092,-1.461364,0.730682
91093,-1.775215,0.326239
91094,-2.605388,-0.134659
91095,-2.176109,0.777479
91096,-3.658223,1.449729
91097,-4.000000,2.000000
91098,-3.652478,1.826239
91099,-3.911146,1.955573
91100,-1.921819,-1.889800
91101,-1.155045,-0.914101
91102,-3.397582,1.449729
91103,-2.899457,1.449729
91104,-2.316833,-1.233052
91105,-2.149460,1.074730
91106,-3.490208,1.246980
91107,-3.822291,1.911146
91108,-2.311457,-0.722521
91109,-3.304955,1.652478
91110,-3.826239,1.652478
91111,-2.168944,1.246980
91112,-2.272552,1.320914
91113,-3.153395,0.440071
91114,-1.601453,0.500000
91115,-1.648630,-0.277479
91116,-2.431855,0.900969
91117,-1.231001,-1.634021
91118,-2.383160,1.191580
91119,-1.039051,0.266948
91120,-3.652478,1.826239
91121,-2.383160,1.191580
91122,-3.152379,1.955573
91123,-2.669008,0.988831
91124,-3.490208,1.246980
91125,-2.367905,-0.134659
91126,-2.316833,-1.233052
91127,-3.652478,1.826239
91128,-2.717704,0.698220
91129,-1.601453,0.500000
91130,-3.304955,1.652478
91131,-3.563623,1.781812
91132,-3.658223,1.449729
91133,-3.484462,1.623490
91134,-1.849772,0.733052
91135,-3.826239,1.652478
91136,-4.000000,2.000000
91137,-3.246980,1.623490
91138,-2.883745,1.030303
91139,-2.700489,1.826239
91140,-0.652478,0.326239
91141,-3.161387,1.365341
91142,-1.878417,-1.721883
91143,-2.272552,1.320914
91144,-2.859464,-0.147791
91145,-2.883745,1.030303
91146,-0.221544,-0.535628
91147,-0.855884,0.733052
91148,-2.541119,0.733052
91149,-3.161387,1.365341
91150,-3.365341,0.730682
91151,-0.861260,0.222521
91152,-3.324167,1.911146
91153,-2.181855,0.400969
91154,0.504443,0.326239
91155,-0.544316,-0.722521
91156,-3.051264,1.365341
91157,-3.563623,1.781812
91158,-2.109756,0.123490
91159,2.230147,-0.826239
91160,0.123782,-0.147791
91161,-2.598822,-0.147791
91162,-3.158125,1.579063
91163,-3.490208,1.246980
91164,-3.484462,1.623490
91165,-3.397582,1.449729
91166,-3.158125,1.579063
91167,-2.394628,0.440071
91168,-3.911146,1.955573
91169,-3.095692,1.320914
91170,-3.652478,1.826239
91171,-2.349870,0.603718
91172,-3.215828,0.698220
91173,-3.246980,1.623490
91174,-3.152379,1.955573
91175,-1.873040,-1.211352
91176,-2.430339,0.123490
91177,-3.650504,1.955573
91178,-0.150597,0.400969
91179,-0.686069,-0.722521
91180,-1.592048,0.093187
91181,-2.837543,1.579063
91182,-3.779838,1.826239
91183,-3.528889,1.579063
91184,-2.106074,-0.658322
91185,-1.574293,-1.721883
91186,-1.080402,-1.801938
91187,-1.762918,-1.211352
91188,-3.281713,1.826239
91189,-3.484462,1.623490
91190,-3.088468,0.698220
91191,-2.553446,0.149460
91192,-2.641828,1.320914
91193,-3.563623,1.781812
91194,-3.152379,1.955573
91195,-3.434289,1.911146
91196,-3.051264,1.365341
91197,-2.149460,1.074730
91198,-3.563623,1.781812
91199,-1.847313,0.603718
91200,-1.890808,-0.955573
91201,-2.859464,-0.147791
91202,-1.118740,0.142820
91203,-2.302521,1.030303
91204,-2.670453,0.603718
91205,-2.056191,-1.233052
91206,-1.170844,-1.233052
91207,-3.427775,0.988831
91208,-3.652478,1.826239
91209,-2.711958,1.074730
91210,-3.333174,1.320914
91211,-1.039708,-0.623490
91212,-0.521367,-0.277479
91213,-2.742943,1.911146
91214,-2.563163,1.030303
91215,-2.711958,1.074730
91216,-2.136480,0.698220
91217,-3.462508,1.191580
91218,-3.911146,1.955573
91219,-3.658223,1.449729
91220,-3.528889,1.579063
91221,-3.123202,0.900969
91222,-1.648630,-0.277479
91223,-2.440004,0.142820
91224,-2.235810,0.730682
91225,-3.167133,0.988831
91226,-3.658223,1.449729
91227,-3.692957,1.652478
91228,-0.229775,0.011169
91229,-3.333174,1.320914
91230,-2.181855,0.400969
91231,-2.964384,1.191580
91232,0.823974,0.222521
91233,-0.354198,-0.658322
91234,-2.336959,1.449729
91235,-3.822291,1.911146
91236,-0.354198,-0.658322
91237,-2.780575,0.603718
91238,-3.478716,2.000000
91239,-3.335148,1.191580
91240,-2.780575,0.603718
91241,-2.166234,-1.400969
91242,-0.161161,-1.488831
91243,-2.272552,1.320914
91244,-3.623490,1.246980
91245,-2.964384,1.191580
91246,-1.044797,-0.109562
91247,-3.326140,1.781812
91248,-3.167133,0.988831
91249,-3.123202,0.900969
91250,-3.779838,1.826239
91251,-2.892753,0.440071
91252,-2.065597,-0.826239
91253,-2.892753,0.440071
91254,-3.232059,0.730682
91255,-3.911146,1.955573
91256,-2.302521,1.030303
91257,-2.835050,1.320914
91258,-2.410859,1.246980
91259,-3.694931,1.911146
91260,-3.333174,1.320914
91261,-3.692957,1.652478
91262,-0.779516,-0.535628
91263,-0.983246,-1.000000
91264,-3.563623,1.781812
91265,-3.911146,1.955573
91266,-3.955573,1.911146
91267,-3.462508,1.191580
91268,-3.123202,0.900969
91269,-2.235810,0.730682
91270,-0.427724,0.054604
91271,-0.686458,-0.826239
91272,-3.490208,1.246980
91273,-3.824265,1.781812
91274,-3.824265,1.781812
91275,-3.658223,1.449729
91276,-2.883745,1.030303
91277,-3.656250,1.579063
91278,-2.334986,1.579063
91279,-3.911146,1.955573
91280,-2.899457,1.449729
91281,-3.652478,1.826239
91282,-3.822291,1.911146
91283,-3.246980,1.623490
91284,-2.872277,1.781812
91285,-0.584824,-0.033258
91286,-3.824265,1.781812
91287,-4.000000,2.000000
91288,-2.168944,1.246980
91289,-3.656250,1.579063
91290,-2.859464,-0.147791
91291,-2.835050,1.320914
91292,-0.346845,-1.400969
91293,-2.366718,-1.000000
91294,-3.153395,0.440071
91295,-3.397582,1.449729
91296,-2.461033,1.955573
91297,-3.822291,1.911146
91298,-2.605388,-0.134659
91299,-3.335148,1.191580
91300,-2.336959,1.449729
91301,-3.333174,1.320914
91302,-2.383160,1.191580
91303,-2.349870,0.603718
91304,-1.308725,-1.123490
91305,-3.281713,1.826239
91306,-1.849772,0.733052
91307,-1.977662,0.988831
91308,-1.086885,-1.400969
91309,-1.955475,-0.826239
91310,-2.654083,-0.425270
91311,-3.427775,0.988831
91312,-3.335148,1.191580
91313,-2.541119,0.733052
91314,-3.650504,1.955573
91315,0.100765,-0.365341
91316,-0.700386,1.030303
91317,-1.236955,-1.488831
91318,-2.717704,0.698220
91319,-3.652478,1.826239
91320,-3.095692,1.320914
91321,-4.000000,2.000000
91322,-1.475625,-0.623490
91323,-1.375695,-1.211352
91324,-0.855884,0.733052
91325,-3.824265,1.781812
91326,-1.845869,0.988831
91327,-3.152379,1.955573
91328,-3.911146,1.955573
91329,-2.119812,-0.109562
91330,-2.742943,1.911146
91331,-2.302521,1.030303
91332,-0.493902,-1.211352
91333,-3.652478,1.826239
91334,-3.333174,1.320914
91335,0.238239,-0.147791
91336,-3.152379,1.955573
91337,-2.874250,1.652478
91338,-3.397582,1.449729
91339,-3.658223,1.449729
91340,-3.304955,1.652478
91341,-2.641828,1.320914
91342,-2.461033,1.955573
91343,-2.261572,-0.955573
91344,-2.700489,1.826239
91345,-2.060606,1.030303
91346,-3.333174,1.320914
91347,-2.883745,1.030303
91348,-2.700489,1.826239
91349,-3.161387,1.365341
91350,-3.326140,1.781812
91351,-3.152379,1.955573
91352,-2.883745,1.030303
91353,-1.170844,-1.233052
91354,-0.167082,0.054604
91355,-1.917063,0.093187
91356,-3.528889,1.579063
91357,-3.102206,1.246980
91358,-2.336959,1.449729
91359,-2.872277,1.781812
91360,-3.955573,1.911146
91361,-2.598822,-0.147791
91362,-1.637893,1.955573
91363,-3.462508,1.191580
91364,-1.072099,0.777479
91365,-3.779838,1.826239
91366,-3.095692,1.320914
91367,-3.333174,1.320914
91368,-3.911146,1.955573
91369,-3.462508,1.191580
91370,-2.885719,0.900969
91371,-3.152379,1.955573
91372,-2.835050,1.320914
91373,-3.427775,0.988831
91374,-3.088468,0.698220
91375,-2.259209,0.777479
91376,-1.873490,-1.123490
91377,-3.563623,1.781812
91378,-2.605388,-0.134659
91379,-1.703282,0.440071
91380,-3.434289,1.911146
91381,-3.123202,0.900969
91382,-3.427775,0.988831
91383,-3.281713,1.826239
91384,-3.434289,1.911146
91385,-3.326140,1.781812
91386,-2.859464,-0.147791
91387,-3.095692,1.320914
91388,-3.658223,1.449729
91389,-3.427775,0.988831
91390,-3.152379,1.955573
91391,-1.926590,-0.109562
91392,-2.440004,0.142820
91393,-3.623490,1.246980
91394,-3.427775,0.988831
91395,-3.326140,1.781812
91396,-0.584824,-0.033258
91397,-1.474108,-1.400969
91398,-2.780575,0.603718
91399,-2.334986,1.579063
91400,-3.397582,1.449729
91401,-2.431855,0.900969
91402,-3.650504,1.955573
91403,-1.275116,0.455573
91404,-3.324167,1.911146
91405,-1.637893,1.955573
91406,-1.207436,0.603718
91407,-3.658223,1.449729
91408,-2.641828,1.320914
91409,-3.335148,1.191580
91410,-2.859464,-0.147791
91411,-3.658223,1.449729
91412,-3.427775,0.988831
91413,-3.824265,1.781812
91414,-3.304955,1.652478
91415,-0.533896,0.266948
91416,-3.822291,1.911146
91417,-3.824265,1.781812
91418,-2.810768,0.142820
91419,-1.833963,0.093187
91420,-1.978621,0.733052
91421,-2.717704,0.698220
91422,-3.652478,1.826239
91423,-1.845869,0.988831
91424,-2.892753,0.440071
91425,-3.652478,1.826239
91426,-2.605388,-0.134659
91427,-3.153395,0.440071
91428,-1.489885,-1.977662
91429,-1.070127,-0.826239
91430,-2.155959,-0.425270
91431,-3.490208,1.246980
91432,-0.338389,0.900969
91433,-3.246980,1.623490
91434,-2.844057,0.730682
91435,-1.731816,1.652478
91436,-3.656250,1.579063
91437,-3.911146,1.955573
91438,-2.383160,1.191580
91439,-2.385621,1.030303
91440,-3.650504,1.955573
91441,-3.478716,2.000000
91442,-2.872277,1.781812
91443,-3.427775,0.988831
91444,-2.700489,1.826239
91445,-3.397582,1.449729
91446,-3.397582,1.449729
91447,-3.335148,1.191580
91448,-3.246980,1.623490
91449,-1.717979,0.733052
91450,-3.333174,1.320914
91451,-3.153395,0.440071
91452,-2.272552,1.320914
91453,-3.335148,1.191580
91454,-3.911146,1.955573
91455,-1.262697,0.326239
91456,-1.771749,-1.801938
91457,-2.605388,-0.134659
91458,-3.652478,1.826239
91459,-4.000000,2.000000
91460,-3.095692,1.320914
91461,-3.911146,1.955573
91462,-3.824265,1.781812
91463,-3.822291,1.911146
91464,-2.181855,0.400969
91465,-2.106074,-0.658322
91466,-2.493959,1.246980
91467,-1.955475,-0.826239
91468,-1.945199,0.149460
91469,-3.650504,1.955573
91470,-3.335148,1.191580
91471,-3.826239,1.652478
91472,-3.246980,1.623490
91473,-3.652478,1.826239
91474,-3.563623,1.781812
91475,-1.588247,1.365341
91476,-2.780575,0.603718
91477,-2.899457,1.449729
91478,-1.210838,0.222521
91479,-3.528889,1.579063
91480,-3.658223,1.449729
91481,-2.837543,1.579063
91482,-2.149460,1.074730
91483,-3.232059,0.730682
91484,-2.892753,0.440071
91485,-1.423694,-1.889800
91486,-1.836861,1.579063
91487,-2.885719,0.900969
91488,-0.689843,0.400969
91489,-2.835050,1.320914
91490,-3.563623,1.781812
91491,-2.430339,0.123490
91492,-3.215828,0.698220
91493,-3.822291,1.911146
91494,-2.367905,-0.134659
91495,-2.367905,-0.134659
91496,-1.877888,-1.977662
91497,-3.462508,1.191580
91498,-2.635719,0.400969
91499,-2.541119,0.733052
91500,-2.885719,0.900969
91501,-2.899457,1.449729
91502,-3.528889,1.579063
91503,-2.015156,0.455573
91504,-1.308725,-1.123490
91505,-2.383160,1.191580
91506,-3.911146,1.955573
91507,-2.941449,0.149460
91508,-2.810768,0.142820
91509,-2.892753,0.440071
91510,-3.158125,1.579063
91511,-1.858780,0.142820
91512,-3.365341,0.730682
91513,-1.284124,-0.134659
91514,-2.654083,-0.425270
91515,-3.656250,1.579063
91516,-3.065499,1.781812
91517,-2.641828,1.320914
91518,-3.161387,1.365341
91519,-2.334986,1.579063
91520,-3.324167,1.911146
91521,-2.793116,1.623490
91522,-2.883745,1.030303
91523,-2.385621,1.030303
91524,-1.833963,0.093187
91525,-2.669008,0.988831
91526,-3.333174,1.320914
91527,-2.885719,0.900969
91528,-2.133667,-1.466104
91529,-2.859464,-0.147791
91530,-2.106074,-0.658322
91531,-2.141244,1.191580
91532,-3.779838,1.826239
91533,-3.326140,1.781812
91534,-2.149460,1.074730
91535,-1.384971,1.449729
91536,-3.563623,1.781812
91537,-2.440004,0.142820
91538,-1.044797,-0.109562
91539,-1.574293,-1.721883
91540,-3.167133,0.988831
91541,-3.692957,1.652478
91542,-2.835050,1.320914
91543,-2.576901,1.579063
91544,-3.563623,1.781812
91545,-2.136480,0.698220
91546,-1.462714,0.222521
91547,-2.742943,1.911146
91548,-2.641828,1.320914
91549,-3.484462,1.623490
91550,-1.026723,1.074730
91551,-2.388932,-0.955573
91552,-3.694931,1.911146
91553,-3.824265,1.781812
91554,-2.576901,1.579063
91555,-3.692957,1.652478
91556,-3.528889,1.579063
91557,-1.733246,0.500000
91558,-1.011473,1.652478
91559,-1.681370,1.030303
91560,-1.690819,-1.488831
91561,-2.166234,-1.400969
91562,-3.158125,1.579063
91563,-2.347897,0.733052
91564,-1.668109,-1.400969
91565,-1.727818,-1.889800
91566,0.775361,1.191580
91567,-1.668109,-1.400969
91568,-3.822291,1.911146
91569,-3.152379,1.955573
91570,-2.793116,1.623490
91571,-2.349870,0.603718
91572,-2.261572,-0.955573
91573,-1.690819,-1.488831
91574,-2.155959,-0.425270
91575,-3.824265,1.781812
91576,-2.844057,0.730682
91577,-3.911146,1.955573
91578,-2.706235,1.449729
91579,-3.215828,0.698220
91580,-3.656250,1.579063
91581,-3.161387,1.365341
91582,-3.246980,1.623490
91583,-3.824265,1.781812
91584,-3.822291,1.911146
91585,-2.060606,1.030303
91586,-2.885719,0.900969
91587,-2.334986,1.579063
91588,-3.911146,1.955573
91589,-3.658223,1.449729
91590,-1.906779,-0.535628
91591,-2.394628,0.440071
91592,-3.650504,1.955573
91593,-2.098256,0.455573
91594,-3.478716,2.000000
91595,-3.246980,1.623490
91596,-3.911146,1.955573
91597,-2.844057,0.730682
91598,-2.706235,1.449729
91599,-3.335148,1.191580
91600,-3.335148,1.191580
91601,0.423840,-0.623490
91602,-1.120429,-1.721883
91603,-3.563623,1.781812
91604,-3.484462,1.623490
91605,-1.773241,0.455573
91606,-0.494415,-1.977662
91607,-1.080402,-1.801938
91608,-3.335148,1.191580
91609,-3.652478,1.826239
91610,-3.335148,1.191580
91611,-3.246980,1.623490
91612,-3.563623,1.781812
91613,-3.335148,1.191580
91614,-2.717704,0.698220
91615,-3.324167,1.911146
91616,-2.383160,1.191580
91617,-1.695108,1.579063
91618,-3.563623,1.781812
91619,-3.911146,1.955573
91620,-3.911146,1.955573
91621,-2.793116,1.623490
91622,-2.056191,-1.233052
91623,-2.109756,0.123490
91624,-2.526723,-0.425270
91625,-3.397582,1.449729
91626,-3.095692,1.320914
91627,-2.605388,-0.134659
91628,-3.563623,1.781812
91629,-2.563163,1.030303
91630,-3.088468,0.698220
91631,-2.374152,1.781812
91632,-1.906779,-0.535628
91633,-2.038874,-1.400969
91634,-2.302521,1.030303
91635,-2.669008,0.988831
91636,-3.462508,1.191580
91637,-3.246980,1.623490
91638,-3.123202,0.900969
91639,-2.837543,1.579063
91640,-2.311457,-0.722521
91641,-0.873667,-0.955573
91642,-2.810768,0.142820
91643,-2.883745,1.030303
91644,-0.721721,-0.367711
91645,-2.777479,-0.445042
91646,-2.098256,0.455573
91647,-3.658223,1.449729
91648,-2.793116,1.623490
91649,-3.324167,1.911146
91650,-0.065885,-0.147791
91651,-3.478716,2.000000
91652,-2.155959,-0.425270
91653,-3.824265,1.781812
91654,-2.872277,1.781812
91655,-2.208111,1.449729
91656,-2.885719,0.900969
91657,-2.730682,1.365341
91658,-2.336959,1.449729
91659,-3.123202,0.900969
91660,-2.826042,1.911146
91661,-1.717979,0.733052
91662,-3.158125,1.579063
91663,-2.294861,-0.367711
91664,-2.777479,-0.445042
91665,-3.658223,1.449729
91666,-2.730682,1.365341
91667,-3.333174,1.320914
91668,-1.652210,-0.658322
91669,-1.855707,-1.634021
91670,-0.102430,-1.889800
91671,-1.978621,0.733052
91672,-3.652478,1.826239
91673,-2.060606,1.030303
91674,-0.500689,-0.365341
91675,-3.694931,1.911146
91676,-3.779838,1.826239
91677,-3.658223,1.449729
91678,-2.938128,0.142820
91679,-2.155959,-0.425270
91680,-2.941449,0.149460
91681,-2.810768,0.142820
91682,-2.598822,-0.147791
91683,-0.686458,-0.826239
91684,-3.304955,1.652478
91685,-3.822291,1.911146
91686,-3.246980,1.623490
91687,-3.911146,1.955573
91688,-2.383160,1.191580
91689,-3.304955,1.652478
91690,-3.490208,1.246980
91691,-3.335148,1.191580
91692,-1.978621,0.733052
91693,-1.836861,1.579063
91694,-3.826239,1.652478
91695,-4.000000,2.000000
91696,-3.065499,1.781812
91697,-3.650504,1.955573
91698,-3.652478,1.826239
91699,-3.911146,1.955573
91700,-2.374152,1.781812
91701,-3.911146,1.955573
91702,-0.207561,-0.033258
91703,-3.563623,1.781812
91704,-2.835050,1.320914
91705,-2.116349,-1.634021
91706,-2.885719,0.900969
91707,-3.158125,1.579063
91708,-2.700489,1.826239
91709,-3.563623,1.781812
91710,-2.859464,-0.147791
91711,-2.730682,1.365341
91712,-3.158125,1.579063
91713,-2.872277,1.781812
91714,-3.397582,1.449729
91715,-3.822291,1.911146
91716,-2.700489,1.826239
91717,-0.864659,-0.365341
91718,-1.703282,0.440071
91719,-1.864156,-0.367711
91720,-2.272552,1.320914
91721,-3.911146,1.955573
91722,-2.383160,1.191580
91723,-1.928302,-1.488831
91724,-2.711958,1.074730
91725,-3.088468,0.698220
91726,-2.109756,0.123490
91727,-3.095692,1.320914
91728,-2.717704,0.698220
91729,-3.335148,1.191580
91730,-1.801938,0.900969
91731,-3.650504,1.955573
91732,-3.335148,1.191580
91733,-3.478716,2.000000
91734,-0.176865,-0.074730
91735,-2.235810,0.730682
91736,-2.337712,0.326239
91737,-1.524320,-0.914101
91738,-1.878417,-1.721883
91739,-2.711958,1.074730
91740,-3.167133,0.988831
91741,-3.158125,1.579063
91742,-1.733246,0.500000
91743,-2.060606,1.030303
91744,-3.335148,1.191580
91745,-3.365341,0.730682
91746,-2.730682,1.365341
91747,-2.777479,-0.445042
91748,-3.824265,1.781812
91749,-3.158125,1.579063
91750,-2.374152,1.781812
91751,-3.427775,0.988831
91752,-3.563623,1.781812
91753,-2.385621,1.030303
91754,-2.056191,-1.233052
91755,-3.365341,0.730682
91756,-2.654083,-0.425270
91757,-3.152379,1.955573
91758,-3.095692,1.320914
91759,-2.383160,1.191580
91760,-3.824265,1.781812
91761,-2.242359,1.781812
91762,-1.116526,0.733052
91763,-0.121146,-0.425270
91764,-1.375695,-1.211352
91765,-2.136480,0.698220
91766,-3.779838,1.826239
91767,-2.859464,-0.147791
91768,-2.993868,1.030303
91769,-3.281713,1.826239
91770,-1.445881,-0.074730
91771,-1.551938,0.400969
91772,-3.246980,1.623490
91773,-3.650504,1.955573
91774,-3.658223,1.449729
91775,-2.874250,1.652478
91776,-3.822291,1.911146
91777,-2.272552,1.320914
91778,-3.563623,1.781812
91779,-3.158125,1.579063
91780,-3.215828,0.698220
91781,-2.272552,1.320914
91782,-3.158125,1.579063
91783,-3.158125,1.579063
91784,-1.833963,0.093187
91785,-1.262697,0.326239
91786,-1.462714,0.222521
91787,-1.977662,0.988831
91788,-2.383160,1.191580
91789,-3.158125,1.579063
91790,-1.836861,1.579063
91791,-3.304955,1.652478
91792,-3.324167,1.911146
91793,-2.700489,1.826239
91794,-0.252485,-0.162592
91795,-1.926590,-0.109562
91796,-2.892753,0.440071
91797,-3.911146,1.955573
91798,-1.080402,-1.801938
91799,-1.960449,1.826239
91800,-2.136480,0.698220
91801,-2.461033,1.955573
91802,-0.966034,-0.162592
91803,-3.167133,0.988831
91804,-1.323809,0.455573
91805,-1.906779,-0.535628
91806,-0.102430,-1.889800
91807,-2.383160,1.191580
91808,-1.634892,-0.826239
91809,-2.669008,0.988831
91810,-3.563623,1.781812
91811,-2.964384,1.191580
91812,-3.866718,2.000000
91813,-3.434289,1.911146
91814,-2.605388,-0.134659
91815,-1.489885,-1.977662
91816,-2.099031,-1.801938
91817,-0.866720,-1.233052
91818,-1.864156,-0.367711
91819,-1.574293,-1.721883
91820,-1.988459,-1.889800
91821,-0.109208,0.054604
91822,-2.826042,1.911146
91823,-2.780575,0.603718
91824,-3.824265,1.781812
91825,-1.461364,0.730682
91826,-1.413198,1.623490
91827,-2.899457,1.449729
91828,-3.824265,1.781812
91829,-3.434289,1.911146
91830,-1.847313,0.603718
91831,-3.088468,0.698220
91832,-3.074730,0.149460
91833,-3.246980,1.623490
91834,-2.641828,1.320914
91835,-2.859464,-0.147791
91836,-3.911146,1.955573
91837,-2.938128,0.142820
91838,-3.911146,1.955573
91839,-3.281713,1.826239
91840,-2.899457,1.449729
91841,-1.168783,-0.365341
91842,-2.964384,1.191580
91843,-3.123202,0.900969
91844,-3.779838,1.826239
91845,-2.576901,1.579063
91846,-1.801938,0.900969
91847,-2.051596,1.911146
91848,-2.011910,1.320914
91849,-1.988459,-1.889800
91850,-3.215828,0.698220
91851,-3.158125,1.579063
91852,-2.793116,1.623490
91853,-2.717704,0.698220
91854,-3.158125,1.579063
91855,-3.652478,1.826239
91856,-3.246980,1.623490
91857,-2.334986,1.579063
91858,-3.246980,1.623490
91859,-2.941449,0.149460
91860,-1.762918,-1.211352
91861,-3.123202,0.900969
91862,-3.955573,1.911146
91863,-3.911146,1.955573
91864,-1.933731,0.900969
91865,-2.873202,0.400969
91866,-2.873202,0.400969
91867,-1.794458,-1.889800
91868,-1.357582,-1.634021
91869,-1.154522,0.988831
91870,-2.885719,0.900969
91871,-3.065499,1.781812
91872,-2.060606,1.030303
91873,-3.822291,1.911146
91874,-3.158125,1.579063
91875,-3.153395,0.440071
91876,-3.335148,1.191580
91877,-3.652478,1.826239
91878,-3.065499,1.781812
91879,-3.650504,1.955573
91880,-3.656250,1.579063
91881,-3.246980,1.623490
91882,-3.153395,0.440071
91883,-2.872277,1.781812
91884,-1.858780,0.142820
91885,-3.095692,1.320914
91886,-1.275116,0.455573
91887,-2.336959,1.449729
91888,-1.568917,-1.211352
91889,-0.186388,-1.721883
91890,-3.462508,1.191580
91891,-3.692957,1.652478
91892,-2.696708,1.652478
91893,-2.163198,1.623490
91894,-3.397582,1.449729
91895,-3.824265,1.781812
91896,-2.641828,1.320914
91897,-3.911146,1.955573
91898,-2.526723,-0.425270
91899,-3.153395,0.440071
91900,-2.938128,0.142820
91901,-3.955573,1.911146
91902,-3.051264,1.365341
91903,-3.434289,1.911146
91904,-3.563623,1.781812
91905,-3.694931,1.911146
91906,-2.837543,1.579063
91907,-3.658223,1.449729
91908,-3.333174,1.320914
91909,-3.650504,1.955573
91910,-3.623490,1.246980
91911,-2.993868,1.030303
91912,-3.955573,1.911146
91913,-3.194833,1.652478
91914,-1.933731,0.900969
91915,-1.279149,1.191580
91916,-3.824265,1.781812
91917,-3.528889,1.579063
91918,-2.670453,0.603718
91919,-3.095692,1.320914
91920,-3.692957,1.652478
91921,-3.434289,1.911146
91922,-3.694931,1.911146
91923,-3.658223,1.449729
91924,-2.302521,1.030303
91925,-3.326140,1.781812
91926,-2.259209,0.777479
91927,-3.911146,1.955573
91928,-3.397582,1.449729
91929,-3.065499,1.781812
91930,-3.528889,1.579063
91931,-1.978716,-1.000000
91932,-3.528889,1.579063
91933,-3.326140,1.781812
91934,-3.268248,1.579063
91935,-3.051264,1.365341
91936,-1.574293,-1.721883
91937,-3.528889,1.579063
91938,-0.873667,-0.955573
91939,0.466409,-0.445042
91940,1.682896,-0.623490
91941,-3.281713,1.826239
91942,-3.434289,1.911146
91943,-3.911146,1.955573
91944,-2.431855,0.900969
91945,-3.528889,1.579063
91946,-3.692957,1.652478
91947,-2.461033,1.955573
91948,-2.015156,0.455573
91949,-1.592048,0.093187
91950,-2.316833,-1.233052
91951,-2.374152,1.781812
91952,-3.333174,1.320914
91953,-3.692957,1.652478
91954,-3.563623,1.781812
91955,-1.225625,-1.123490
91956,-2.826042,1.911146
91957,-1.127350,1.826239
91958,-2.899457,1.449729
91959,-3.153395,0.440071
91960,-1.244415,0.988831
91961,-2.440004,0.142820
91962,-3.779838,1.826239
91963,-1.960449,1.826239
91964,-3.658223,1.449729
91965,-3.528889,1.579063
91966,-3.650504,1.955573
91967,-3.167133,0.988831
91968,-2.605388,-0.134659
91969,-0.801938,0.400969
91970,-2.109756,0.123490
91971,-1.794458,-1.889800
91972,-2.294861,-0.367711
91973,-2.826042,1.911146
91974,-3.650504,1.955573
91975,-3.650504,1.955573
91976,-2.349870,0.603718
91977,-3.822291,1.911146
91978,-3.326140,1.781812
91979,-2.883745,1.030303
91980,-3.065499,1.781812
91981,-1.928302,-1.488831
91982,0.546495,0.777479
91983,0.432157,-0.535628
91984,-2.706235,1.449729
91985,-2.337712,0.326239
91986,-0.319126,-0.162592
91987,-1.988459,-1.889800
91988,-1.303596,-1.488831
91989,-3.335148,1.191580
91990,-3.095692,1.320914
91991,-3.158125,1.579063
91992,-3.911146,1.955573
91993,-3.658223,1.449729
91994,-3.658223,1.449729
91995,-3.152379,1.955573
91996,-3.490208,1.246980
91997,-3.658223,1.449729
91998,-1.858780,0.142820
91999,-1.988459,-1.889800
92000,-3.167133,0.988831
92001,-2.899457,1.449729
92002,-3.095692,1.320914
92003,-3.152379,1.955573
92004,-2.964384,1.191580
92005,-1.824442,1.449729
92006,-3.694931,1.911146
92007,-3.694931,1.911146
92008,-3.268248,1.579063
92009,-2.576901,1.579063
92010,-3.095692,1.320914
92011,-2.388932,-0.955573
92012,-2.706235,1.449729
92013,-0.718169,-0.658322
92014,-1.801938,0.900969
92015,-1.877888,-1.977662
92016,-1.988459,-1.889800
92017,-3.335148,1.191580
92018,-3.490208,1.246980
92019,-3.427775,0.988831
92020,-3.158125,1.579063
92021,-3.335148,1.191580
92022,-3.656250,1.579063
92023,-3.822291,1.911146
92024,-3.650504,1.955573
92025,-3.335148,1.191580
92026,-2.717704,0.698220
92027,-3.563623,1.781812
92028,-0.861260,0.222521
92029,-1.944528,-1.977662
92030,-2.302521,1.030303
92031,-3.152379,1.955573
92032,-2.670453,0.603718
92033,-3.528889,1.579063
92034,-2.742943,1.911146
92035,-2.870469,2.000000
92036,-1.051938,0.900969
92037,-0.764573,0.326239
92038,-3.153395,0.440071
92039,-2.641828,1.320914
92040,-3.563623,1.781812
92041,-3.427775,0.988831
92042,-3.434289,1.911146
92043,-2.100697,-0.147791
92044,-2.440004,0.142820
92045,-3.194833,1.652478
92046,-1.845869,0.988831
92047,0.065502,0.093187
92048,-2.166234,-1.400969
92049,-2.635719,0.400969
92050,-3.490208,1.246980
92051,-2.835050,1.320914
92052,-3.158125,1.579063
92053,-2.343556,-0.658322
92054,-3.304955,1.652478
92055,-1.977662,0.988831
92056,-3.490208,1.246980
92057,-3.065499,1.781812
92058,-3.826239,1.652478
92059,-3.484462,1.623490
92060,-1.717979,0.733052
92061,-3.065499,1.781812
92062,-2.110972,-1.123490
92063,0.201708,-0.074730
92064,-0.926428,-1.721883
92065,0.215734,0.400969
92066,-0.652478,0.326239
92067,-3.326140,1.781812
92068,-3.822291,1.911146
92069,-3.824265,1.781812
92070,-1.014727,-0.162592
92071,-3.650504,1.955573
92072,-3.123202,0.900969
92073,-3.650504,1.955573
92074,-2.336959,1.449729
92075,-2.493959,1.246980
92076,-2.176109,0.777479
92077,-2.388932,-0.955573
92078,-3.268248,1.579063
92079,-1.681370,1.030303
92080,-3.281713,1.826239
92081,-3.650504,1.955573
92082,-2.576901,1.579063
92083,-1.921819,-1.889800
92084,-1.965750,-1.801938
92085,-2.572099,-0.722521
92086,-2.038874,-1.400969
92087,-0.109208,0.054604
92088,-3.232059,0.730682
92089,-3.153395,0.440071
92090,-2.110972,-1.123490
92091,-1.771749,-1.801938
92092,0.275884,-0.147791
92093,0.764201,-0.425270
92094,-3.232059,0.730682
92095,-3.484462,1.623490
92096,-3.065499,1.781812
92097,-3.955573,1.911146
92098,-3.095692,1.320914
92099,-3.268248,1.579063
92100,-3.779838,1.826239
92101,-2.259209,0.777479
92102,-3.281713,1.826239
92103,-0.985218,0.603718
92104,-3.563623,1.781812
92105,-2.870469,2.000000
92106,-1.330319,-0.914101
92107,-3.246980,1.623490
92108,-3.333174,1.320914
92109,-0.974766,1.579063
92110,-1.466104,0.733052
92111,-3.123202,0.900969
92112,-3.123202,0.900969
92113,-2.654083,-0.425270
92114,-2.635719,0.400969
92115,-3.065499,1.781812
92116,-2.826042,1.911146
92117,-1.396440,0.698220
92118,-1.955475,-0.826239
92119,-0.652478,0.326239
92120,-3.490208,1.246980
92121,-3.333174,1.320914
92122,-1.717542,-0.914101
92123,-2.700489,1.826239
92124,-0.151626,1.579063
92125,-3.652478,1.826239
92126,-3.484462,1.623490
92127,-3.215828,0.698220
92128,-3.427775,0.988831
92129,-2.717704,0.698220
92130,-2.899457,1.449729
92131,-1.577747,-1.801938
92132,-3.650504,1.955573
92133,-2.056191,-1.233052
92134,-1.133363,0.455573
92135,-3.694931,1.911146
92136,-0.855884,0.733052
92137,-2.696708,1.652478
92138,-3.065499,1.781812
92139,-2.793116,1.623490
92140,-3.065499,1.781812
92141,-2.742943,1.911146
92142,-3.281713,1.826239
92143,-0.771367,0.222521
92144,-1.978716,-1.000000
92145,-2.635719,0.400969
92146,-1.409351,-0.147791
92147,-0.766862,-0.658322
92148,-1.873490,-1.123490
92149,-2.242359,1.781812
92150,-3.652478,1.826239
92151,-3.397582,1.449729
92152,-2.873202,0.400969
92153,-3.065499,1.781812
92154,-3.656250,1.579063
92155,-3.822291,1.911146
92156,-3.158125,1.579063
92157,-3.478716,2.000000
92158,-3.650504,1.955573
92159,-1.593993,0.988831
92160,-0.008010,-0.147791
92161,-2.311457,-0.722521
92162,-3.326140,1.781812
92163,-0.272729,0.988831
92164,-1.648630,-0.277479
92165,-1.524320,-0.914101
92166,-2.466259,1.191580
92167,-1.978621,0.733052
92168,-1.492359,1.781812
92169,-3.866718,2.000000
92170,-3.866718,2.000000
92171,-2.302521,1.030303
92172,-1.123325,0.054604
92173,-0.866720,-1.233052
92174,0.174686,0.054604
92175,-2.371693,1.652478
92176,-3.563623,1.781812
92177,-3.692957,1.652478
92178,-3.528889,1.579063
92179,-3.167133,0.988831
92180,-3.434289,1.911146
92181,-2.605388,-0.134659
92182,-3.650504,1.955573
92183,-2.964384,1.191580
92184,-1.847313,0.603718
92185,-3.911146,1.955573
92186,-3.694931,1.911146
92187,-2.184738,-0.367711
92188,-3.623490,1.246980
92189,-2.873202,0.400969
92190,-2.993868,1.030303
92191,-3.528889,1.579063
92192,-3.268248,1.579063
92193,-3.167133,0.988831
92194,-3.528889,1.579063
92195,-2.670453,0.603718
92196,-1.280886,-1.400969
92197,-0.153316,0.142820
92198,-1.027479,-0.277479
92199,-3.484462,1.623490
92200,-2.136480,0.698220
92201,-1.855707,-1.634021
92202,-2.466259,1.191580
92203,-2.892753,0.440071
92204,-3.528889,1.579063
92205,-2.572099,-0.722521
92206,-3.658223,1.449729
92207,-2.700489,1.826239
92208,0.526644,0.222521
92209,0.001651,0.440071
92210,-3.563623,1.781812
92211,-2.383160,1.191580
92212,-2.334986,1.579063
92213,-3.161387,1.365341
92214,-3.824265,1.781812
92215,-3.324167,1.911146
92216,-3.658223,1.449729
92217,-0.880142,0.440071
92218,-1.955475,-0.826239
92219,-1.507653,-1.721883
92220,-2.038874,-1.400969
92221,-1.375695,-1.211352
92222,-1.801938,0.900969
92223,-2.837543,1.579063
92224,-3.102206,1.246980
92225,-2.272552,1.320914
92226,-2.440004,0.142820
92227,-3.462508,1.191580
92228,-3.427775,0.988831
92229,-2.885719,0.900969
92230,-3.866718,2.000000
92231,-3.528889,1.579063
92232,-1.960449,1.826239
92233,-2.100697,-0.147791
92234,-1.419626,-1.123490
92235,-2.563163,1.030303
92236,-2.644197,-0.445042
92237,-3.434289,1.911146
92238,-2.540461,0.123490
92239,-3.051264,1.365341
92240,-1.323809,0.455573
92241,-2.873202,0.400969
92242,-3.563623,1.781812
92243,-1.890808,-0.955573
92244,-3.051264,1.365341
92245,-2.440004,0.142820
92246,-3.462508,1.191580
92247,-3.779838,1.826239
92248,-3.397582,1.449729
92249,-3.824265,1.781812
92250,-2.272552,1.320914
92251,-3.563623,1.781812
92252,-3.095692,1.320914
92253,-3.232059,0.730682
92254,-2.109756,0.123490
92255,-3.051264,1.365341
92256,-3.281713,1.826239
92257,-3.779838,1.826239
92258,-2.572099,-0.722521
92259,0.646287,1.449729
92260,-3.484462,1.623490
92261,-3.397582,1.449729
92262,-3.955573,1.911146
92263,-3.528889,1.579063
92264,-1.847313,0.603718
92265,-2.885719,0.900969
92266,-3.427775,0.988831
92267,-3.911146,1.955573
92268,-2.730682,1.365341
92269,-2.311457,-0.722521
92270,-1.977662,0.988831
92271,-1.551012,1.781812
92272,-3.779838,1.826239
92273,-2.526723,-0.425270
92274,-2.133667,-1.466104
92275,-2.553446,0.149460
92276,-2.526723,-0.425270
92277,-3.866718,2.000000
92278,-3.167133,0.988831
92279,-3.824265,1.781812
92280,0.269318,-0.134659
92281,-0.202183,0.733052
92282,-1.466104,0.733052
92283,-2.347897,0.733052
92284,-2.899457,1.449729
92285,-2.272552,1.320914
92286,-2.859464,-0.147791
92287,-0.088164,0.142820
92288,-1.179763,1.911146
92289,-2.669008,0.988831
92290,-4.000000,2.000000
92291,-3.824265,1.781812
92292,-2.844057,0.730682
92293,-3.911146,1.955573
92294,-3.478716,2.000000
92295,-3.158125,1.579063
92296,-3.824265,1.781812
92297,-3.656250,1.579063
92298,-1.773241,0.455573
92299,-2.730682,1.365341
92300,-2.461033,1.955573
92301,0.239354,-0.074730
92302,-1.170844,-1.233052
92303,-1.170844,-1.233052
92304,-3.088468,0.698220
92305,-3.694931,1.911146
92306,-2.228125,1.365341
92307,-1.445133,0.698220
92308,-0.932879,0.054604
92309,-2.859464,-0.147791
92310,-2.540461,0.123490
92311,-3.694931,1.911146
92312,-3.779838,1.826239
92313,-2.837543,1.579063
92314,-3.051264,1.365341
92315,-1.592048,0.093187
92316,-2.742943,1.911146
92317,-1.254687,0.698220
92318,-1.574735,-0.425270
92319,-1.928302,-1.488831
92320,-0.305503,-0.367711
92321,-0.728444,-1.634021
92322,-1.344281,-0.535628
92323,-3.563623,1.781812
92324,-2.885719,0.900969
92325,-2.670453,0.603718
92326,-1.926590,-0.109562
92327,-3.167133,0.988831
92328,-3.268248,1.579063
92329,-3.694931,1.911146
92330,-3.658223,1.449729
92331,-3.650504,1.955573
92332,-1.413198,1.623490
92333,-3.911146,1.955573
92334,-3.623490,1.246980
92335,-2.964384,1.191580
92336,-2.563163,1.030303
92337,-2.899457,1.449729
92338,-2.184738,-0.367711
92339,-2.872277,1.781812
92340,-2.742943,1.911146
92341,-0.276723,-0.425270
92342,-0.221544,-0.535628
92343,-1.873490,-1.123490
92344,-1.713557,-0.535628
92345,-2.872277,1.781812
92346,-1.014727,-0.162592
92347,-2.717704,0.698220
92348,-1.171501,-0.623490
92349,-3.826239,1.652478
92350,-3.123202,0.900969
92351,-1.933731,0.900969
92352,0.284793,-1.889800
92353,-1.300576,-0.365341
92354,-1.878417,-1.721883
92355,-3.434289,1.911146
92356,-3.434289,1.911146
92357,-2.859464,-0.147791
92358,-3.462508,1.191580
92359,-3.088468,0.698220
92360,-3.779838,1.826239
92361,0.858223,-0.109562
92362,-0.911146,0.455573
92363,-3.650504,1.955573
92364,-3.650504,1.955573
92365,-2.883745,1.030303
92366,-1.231001,-1.634021
92367,-3.397582,1.449729
92368,-2.605388,-0.134659
92369,-1.873490,-1.123490
92370,-0.140335,-0.147791
92371,-2.670453,0.603718
92372,-2.466259,1.191580
92373,-3.102206,1.246980
92374,-3.955573,1.911146
92375,-2.563163,1.030303
92376,-2.526723,-0.425270
92377,-3.281713,1.826239
92378,-2.872277,1.781812
92379,-3.563623,1.781812
92380,-3.194833,1.652478
92381,-2.641828,1.320914
92382,-2.051596,1.911146
92383,-3.462508,1.191580
92384,-1.254687,0.698220
92385,-1.890808,-0.955573
92386,-2.641828,1.320914
92387,-2.837543,1.579063
92388,-3.563623,1.781812
92389,-2.964384,1.191580
92390,-2.964384,1.191580
92391,-3.779838,1.826239
92392,-3.824265,1.781812
92393,-1.960449,1.826239
92394,-3.153395,0.440071
92395,-2.964384,1.191580
92396,-3.427775,0.988831
92397,-1.643120,1.191580
92398,-3.528889,1.579063
92399,-3.246980,1.623490
92400,-2.605388,-0.134659
92401,-3.397582,1.449729
92402,-2.015156,0.455573
92403,-0.652478,0.326239
92404,-1.648630,-0.277479
92405,-3.326140,1.781812
92406,-2.892753,0.440071
92407,-3.434289,1.911146
92408,-2.837543,1.579063
92409,-3.779838,1.826239
92410,0.351082,0.400969
92411,-1.727818,-1.889800
92412,-3.051264,1.365341
92413,-3.866718,2.000000
92414,-3.167133,0.988831
92415,-2.892753,0.440071
92416,-2.859464,-0.147791
92417,-3.694931,1.911146
92418,-3.563623,1.781812
92419,-3.074730,0.149460
92420,-3.658223,1.449729
92421,-2.837543,1.579063
92422,-2.563163,1.030303
92423,-1.873490,-1.123490
92424,-2.793116,1.623490
92425,-3.484462,1.623490
92426,-2.899457,1.449729
92427,-1.133363,0.455573
92428,-2.440004,0.142820
92429,-3.911146,1.955573
92430,-3.065499,1.781812
92431,-2.870469,2.000000
92432,-3.911146,1.955573
92433,-2.228125,1.365341
92434,-3.051264,1.365341
92435,-2.644197,-0.445042
92436,-3.528889,1.579063
92437,-2.541119,0.733052
92438,-3.955573,1.911146
92439,-2.899457,1.449729
92440,-3.051264,1.365341
92441,-3.528889,1.579063
92442,-3.824265,1.781812
92443,-3.088468,0.698220
92444,-2.892753,0.440071
92445,-2.038874,-1.400969
92446,-2.553446,0.149460
92447,-0.966034,-0.162592
92448,-0.113232,0.326239
92449,-3.490208,1.246980
92450,-2.060606,1.030303
92451,-2.826042,1.911146
92452,-1.928302,-1.488831
92453,-2.777479,-0.445042
92454,-1.845869,0.988831
92455,-3.335148,1.191580
92456,-3.822291,1.911146
92457,-3.652478,1.826239
92458,-3.065499,1.781812
92459,-3.650504,1.955573
92460,-3.656250,1.579063
92461,-2.383160,1.191580
92462,-3.158125,1.579063
92463,-3.652478,1.826239
92464,-3.824265,1.781812
92465,-3.656250,1.579063
92466,-3.652478,1.826239
92467,-3.397582,1.449729
92468,-3.158125,1.579063
92469,-1.039708,-0.623490
92470,-2.302521,1.030303
92471,-0.983709,-1.123490
92472,-0.388818,-0.425270
92473,-3.333174,1.320914
92474,-1.849772,0.733052
92475,-3.095692,1.320914
92476,-3.161387,1.365341
92477,-2.641828,1.320914
92478,-3.397582,1.449729
92479,-3.304955,1.652478
92480,-2.844057,0.730682
92481,-1.771749,-1.801938
92482,-3.102206,1.246980
92483,-3.051264,1.365341
92484,-1.988459,-1.889800
92485,-3.326140,1.781812
92486,-2.872277,1.781812
92487,-2.141244,1.191580
92488,-3.692957,1.652478
92489,-3.462508,1.191580
92490,-3.088468,0.698220
92491,-3.397582,1.449729
92492,-1.703282,0.440071
92493,-3.153395,0.440071
92494,-0.763270,1.246980
92495,-2.302521,1.030303
92496,-3.051264,1.365341
92497,-1.703282,0.440071
92498,-2.149460,1.074730
92499,-2.670453,0.603718
92500,-3.397582,1.449729
92501,-2.899457,1.449729
92502,-1.474108,-1.400969
92503,-1.370469,-1.000000
92504,-3.650504,1.955573
92505,-2.899457,1.449729
92506,0.066516,-0.033258
92507,-0.437586,-0.445042
92508,-2.541119,0.733052
92509,-3.911146,1.955573
92510,-2.641828,1.320914
92511,-3.088468,0.698220
92512,-3.281713,1.826239
92513,-3.955573,1.911146
92514,-3.650504,1.955573
92515,-3.563623,1.781812
92516,-3.232059,0.730682
92517,-1.592048,0.093187
92518,-3.326140,1.781812
92519,-3.281713,1.826239
92520,-1.284124,-0.134659
92521,-1.419626,-1.123490
92522,-1.890808,-0.955573
92523,-1.917063,0.093187
92524,-2.294861,-0.367711
92525,-2.366718,-1.000000
92526,-2.266948,-1.466104
92527,-1.413198,1.623490
92528,-3.650504,1.955573
92529,-3.824265,1.781812
92530,-3.161387,1.365341
92531,-1.928302,-1.488831
92532,-3.397582,1.449729
92533,-3.167133,0.988831
92534,-3.563623,1.781812
92535,-1.794458,-1.889800
92536,-1.878417,-1.721883
92537,-1.507653,-1.721883
92538,-3.065499,1.781812
92539,-3.692957,1.652478
92540,-3.484462,1.623490
92541,-1.231001,-1.634021
92542,-2.163198,1.623490
92543,-1.760035,1.320914
92544,-3.158125,1.579063
92545,-3.167133,0.988831
92546,-3.304955,1.652478
92547,-2.883745,1.030303
92548,-3.335148,1.191580
92549,-3.563623,1.781812
92550,-3.065499,1.781812
92551,-3.484462,1.623490
92552,-2.899457,1.449729
92553,-3.826239,1.652478
92554,-2.669008,0.988831
92555,-1.080402,-1.801938
92556,-1.921819,-1.889800
92557,-2.644197,-0.445042
92558,-2.311457,-0.722521
92559,-1.607199,0.123490
92560,-3.826239,1.652478
92561,-3.335148,1.191580
92562,-2.899457,1.449729
92563,-3.397582,1.449729
92564,-2.793116,1.623490
92565,0.276467,-0.109562
92566,-2.383160,1.191580
92567,-2.669008,0.988831
92568,-3.065499,1.781812
92569,-3.158125,1.579063
92570,-3.822291,1.911146
92571,-2.493959,1.246980
92572,-2.700489,1.826239
92573,-3.826239,1.652478
92574,-3.658223,1.449729
92575,-2.899457,1.449729
92576,-0.260824,0.093187
92577,-1.551938,0.400969
92578,-1.466104,0.733052
92579,-1.396440,0.698220
92580,-2.334986,1.579063
92581,-2.598822,-0.147791
92582,-3.158125,1.579063
92583,-3.333174,1.320914
92584,-3.167133,0.988831
92585,-3.153395,0.440071
92586,-3.490208,1.246980
92587,-2.826042,1.911146
92588,-3.656250,1.579063
92589,-1.811776,-1.721883
92590,-3.824265,1.781812
92591,-3.652478,1.826239
92592,-3.652478,1.826239
92593,-3.333174,1.320914
92594,-2.060606,1.030303
92595,-3.326140,1.781812
92596,-3.215828,0.698220
92597,-3.650504,1.955573
92598,-1.396440,0.698220
92599,-3.158125,1.579063
92600,-1.845869,0.988831
92601,-3.153395,0.440071
92602,-2.060606,1.030303
92603,-2.383160,1.191580
92604,-1.396440,0.698220
92605,-2.669008,0.988831
92606,-1.384971,1.449729
92607,-1.588247,1.365341
92608,-0.637763,-0.535628
92609,-0.604474,-1.123490
92610,-0.974766,1.579063
92611,-2.337712,0.326239
92612,-3.824265,1.781812
92613,-2.700489,1.826239
92614,-2.706235,1.449729
92615,-1.773241,0.455573
92616,0.144005,-0.955573
92617,-1.568917,-1.211352
92618,-3.095692,1.320914
92619,-3.528889,1.579063
92620,-3.333174,1.320914
92621,-3.281713,1.826239
92622,-2.119812,-0.109562
92623,-1.308725,-1.123490
92624,-0.272292,-0.658322
92625,-2.541119,0.733052
92626,-3.911146,1.955573
92627,-1.921819,-1.889800
92628,-3.268248,1.579063
92629,-3.281713,1.826239
92630,-3.268248,1.579063
92631,-3.326140,1.781812
92632,-0.382320,0.988831
92633,-0.288010,1.911146
92634,-2.272552,1.320914
92635,-2.141244,1.191580
92636,-2.461033,1.955573
92637,-2.576901,1.579063
92638,-3.484462,1.623490
92639,-1.349189,0.603718
92640,-0.317668,1.911146
92641,-2.641828,1.320914
92642,-3.826239,1.652478
92643,-3.652478,1.826239
92644,-3.650504,1.955573
92645,-1.261910,1.320914
92646,-2.844057,0.730682
92647,-2.844057,0.730682
92648,-1.855707,-1.634021
92649,-2.349870,0.603718
92650,-2.885719,0.900969
92651,-1.396440,0.698220
92652,-1.762008,1.191580
92653,-3.095692,1.320914
92654,-2.383160,1.191580
92655,-0.721721,-0.367711
92656,-2.883745,1.030303
92657,-3.427775,0.988831
92658,-2.096023,2.000000
92659,-2.385621,1.030303
92660,-1.594507,0.222521
92661,-2.294861,-0.367711
92662,-2.885719,0.900969
92663,-2.810768,0.142820
92664,-3.158125,1.579063
92665,-3.656250,1.579063
92666,-1.762008,1.191580
92667,-3.095692,1.320914
92668,-1.762008,1.191580
92669,-3.158125,1.579063
92670,-0.266837,-0.445042
92671,-0.735570,1.191580
92672,-3.658223,1.449729
92673,-3.490208,1.246980
92674,-3.656250,1.579063
92675,-2.598822,-0.147791
92676,-1.836861,1.579063
92677,-2.176109,0.777479
92678,-1.357582,-1.634021
92679,-2.110972,-1.123490
92680,-2.883745,1.030303
92681,-1.762918,-1.211352
92682,-2.106074,-0.658322
92683,-2.149460,1.074730
92684,0.872832,0.733052
92685,-1.022292,-0.658322
92686,-3.434289,1.911146
92687,-3.167133,0.988831
92688,-3.484462,1.623490
92689,-2.242359,1.781812
92690,-3.333174,1.320914
92691,-1.006419,-1.211352
92692,-3.528889,1.579063
92693,-3.779838,1.826239
92694,-3.955573,1.911146
92695,-3.434289,1.911146
92696,-3.326140,1.781812
92697,-3.824265,1.781812
92698,-3.123202,0.900969
92699,-3.095692,1.320914
92700,-2.899457,1.449729
92701,-3.779838,1.826239
92702,-3.152379,1.955573
92703,-3.779838,1.826239
92704,-3.268248,1.579063
92705,-3.563623,1.781812
92706,-2.711958,1.074730
92707,-3.397582,1.449729
92708,-3.779838,1.826239
92709,-2.576901,1.579063
92710,-0.298846,-0.722521
92711,-1.048700,0.730682
92712,-2.184738,-0.367711
92713,-2.835050,1.320914
92714,-2.873202,0.400969
92715,-3.694931,1.911146
92716,-3.051264,1.365341
92717,-3.658223,1.449729
92718,-3.246980,1.623490
92719,-3.246980,1.623490
92720,-3.434289,1.911146
92721,-2.563163,1.030303
92722,-2.669008,0.988831
92723,-1.198511,1.030303
92724,-2.835050,1.320914
92725,-2.810768,0.142820
92726,-2.605388,-0.134659
92727,-2.810768,0.142820
92728,1.752564,-0.134659
92729,0.188432,0.455573
92730,-2.334986,1.579063
92731,-4.000000,2.000000
92732,-2.641828,1.320914
92733,-3.484462,1.623490
92734,-3.333174,1.320914
92735,-1.551012,1.781812
92736,-2.176109,0.777479
92737,-3.397582,1.449729
92738,-3.658223,1.449729
92739,-2.874250,1.652478
92740,-3.911146,1.955573
92741,-2.835050,1.320914
92742,-3.824265,1.781812
92743,-3.563623,1.781812
92744,-3.158125,1.579063
92745,-2.572099,-0.722521
92746,-3.652478,1.826239
92747,-3.484462,1.623490
92748,-0.637763,-0.535628
92749,0.001224,0.326239
92750,-3.281713,1.826239
92751,-3.427775,0.988831
92752,-3.167133,0.988831
92753,-2.711958,1.074730
92754,-2.993868,1.030303
92755,-3.658223,1.449729
92756,-3.911146,1.955573
92757,-3.694931,1.911146
92758,-2.872277,1.781812
92759,-3.065499,1.781812
92760,-1.214222,1.449729
92761,-3.824265,1.781812
92762,-3.866718,2.000000
92763,-2.873202,0.400969
92764,-1.344281,-0.535628
92765,-3.528889,1.579063
92766,-3.866718,2.000000
92767,-2.635719,0.400969
92768,-1.960449,1.826239
92769,-1.926590,-0.109562
92770,-2.837543,1.579063
92771,-1.550062,0.900969
92772,-0.880142,0.440071
92773,-3.333174,1.320914
92774,-2.641828,1.320914
92775,0.053596,0.988831
92776,0.038027,-0.109562
92777,-2.859464,-0.147791
92778,-1.833963,0.093187
92779,-3.158125,1.579063
92780,-3.333174,1.320914
92781,-3.152379,1.955573
92782,-3.911146,1.955573
92783,-1.914041,-0.134659
92784,-2.641828,1.320914
92785,-0.317668,1.911146
92786,-2.256195,-0.445042
92787,-1.445881,-0.074730
92788,-2.136480,0.698220
92789,-1.681370,1.030303
92790,-3.462508,1.191580
92791,0.087252,-0.074730
92792,-1.344281,-0.535628
92793,-3.623490,1.246980
92794,-3.088468,0.698220
92795,-2.711958,1.074730
92796,-2.644197,-0.445042
92797,-2.119812,-0.109562
92798,-3.658223,1.449729
92799,-2.706235,1.449729
92800,-2.873202,0.400969
92801,-2.964384,1.191580
92802,-2.371693,1.652478
92803,-3.563623,1.781812
92804,-3.194833,1.652478
92805,-3.484462,1.623490
92806,-2.388932,-0.955573
92807,-3.955573,1.911146
92808,-3.528889,1.579063
92809,-3.779838,1.826239
92810,-3.462508,1.191580
92811,-1.977662,0.988831
92812,-3.397582,1.449729
92813,-3.333174,1.320914
92814,-3.152379,1.955573
92815,-3.824265,1.781812
92816,-1.719513,1.246980
92817,-3.694931,1.911146
92818,-3.658223,1.449729
92819,-2.541119,0.733052
92820,-3.563623,1.781812
92821,-1.550062,0.900969
92822,-3.232059,0.730682
92823,-2.056191,-1.233052
92824,-2.572099,-0.722521
92825,-2.394628,0.440071
92826,-2.793116,1.623490
92827,-2.015156,0.455573
92828,-3.167133,0.988831
92829,-3.326140,1.781812
92830,-2.644197,-0.445042
92831,-3.866718,2.000000
92832,-2.835050,1.320914
92833,-3.484462,1.623490
92834,-3.268248,1.579063
92835,-1.574735,-0.425270
92836,-2.598822,-0.147791
92837,-3.692957,1.652478
92838,-2.526723,-0.425270
92839,-3.153395,0.440071
92840,-3.779838,1.826239
92841,-2.669008,0.988831
92842,-0.583781,0.500000
92843,-0.447472,-0.425270
92844,-3.397582,1.449729
92845,-3.650504,1.955573
92846,-2.430339,0.123490
92847,-3.824265,1.781812
92848,-3.650504,1.955573
92849,-2.598822,-0.147791
92850,-1.026723,1.074730
92851,-1.713557,-0.535628
92852,-3.065499,1.781812
92853,-2.670453,0.603718
92854,-2.136480,0.698220
92855,-3.434289,1.911146
92856,-2.526723,-0.425270
92857,-1.118740,0.142820
92858,-2.163198,1.623490
92859,-3.650504,1.955573
92860,-3.326140,1.781812
92861,-3.658223,1.449729
92862,-3.246980,1.623490
92863,-2.163198,1.623490
92864,-2.184738,-0.367711
92865,-0.718169,-0.658322
92866,-3.652478,1.826239
92867,-3.652478,1.826239
92868,-2.166234,-1.400969
92869,-0.084999,-0.109562
92870,-1.811776,-1.721883
92871,-2.563163,1.030303
92872,-2.837543,1.579063
92873,-3.650504,1.955573
92874,-3.434289,1.911146
92875,-2.899457,1.449729
92876,-2.572099,-0.722521
92877,-2.964384,1.191580
92878,-2.669008,0.988831
92879,-2.100697,-0.147791
92880,-3.333174,1.320914
92881,-3.397582,1.449729
92882,-1.462714,0.222521
92883,-2.343556,-0.658322
92884,-3.528889,1.579063
92885,-2.993868,1.030303
92886,-3.955573,1.911146
92887,-3.650504,1.955573
92888,-3.694931,1.911146
92889,-2.641828,1.320914
92890,-3.866718,2.000000
92891,-3.866718,2.000000
92892,-1.855707,-1.634021
92893,-1.794458,-1.889800
92894,-2.166234,-1.400969
92895,-2.294861,-0.367711
92896,-2.110972,-1.123490
92897,-2.844057,0.730682
92898,-1.745664,-1.466104
92899,-3.658223,1.449729
92900,-3.652478,1.826239
92901,-3.246980,1.623490
92902,-3.911146,1.955573
92903,-2.635719,0.400969
92904,-3.911146,1.955573
92905,-3.478716,2.000000
92906,-1.207436,0.603718
92907,-2.883745,1.030303
92908,-3.324167,1.911146
92909,-3.427775,0.988831
92910,-3.652478,1.826239
92911,-2.844057,0.730682
92912,-3.822291,1.911146
92913,-2.706235,1.449729
92914,-3.158125,1.579063
92915,-2.394628,0.440071
92916,-3.326140,1.781812
92917,-2.598822,-0.147791
92918,-2.883745,1.030303
92919,-2.598822,-0.147791
92920,-3.246980,1.623490
92921,-2.899457,1.449729
92922,-3.158125,1.579063
92923,-3.484462,1.623490
92924,-3.563623,1.781812
92925,-1.926590,-0.109562
92926,-1.466104,0.733052
92927,-3.650504,1.955573
92928,-3.478716,2.000000
92929,-3.911146,1.955573
92930,-2.700489,1.826239
92931,-3.822291,1.911146
92932,-3.397582,1.449729
92933,-2.316833,-1.233052
92934,-2.541119,0.733052
92935,-0.299901,-1.211352
92936,-0.787833,-0.623490
92937,-1.683887,-1.977662
92938,-3.528889,1.579063
92939,0.044302,0.011169
92940,-1.977662,0.988831
92941,-2.431855,0.900969
92942,-3.246980,1.623490
92943,-3.434289,1.911146
92944,-2.835050,1.320914
92945,-3.051264,1.365341
92946,-3.911146,1.955573
92947,-3.462508,1.191580
92948,-1.492359,1.781812
92949,-0.043581,-1.233052
92950,-2.184738,-0.367711
92951,-3.088468,0.698220
92952,-3.824265,1.781812
92953,-0.985218,0.603718
92954,-3.246980,1.623490
92955,-3.824265,1.781812
92956,-2.374152,1.781812
92957,-3.102206,1.246980
92958,-3.051264,1.365341
92959,-1.988459,-1.889800
92960,-1.794458,-1.889800
92961,-2.553446,0.149460
92962,-3.397582,1.449729
92963,-2.873202,0.400969
92964,-2.374152,1.781812
92965,-2.208111,1.449729
92966,-3.528889,1.579063
92967,-3.623490,1.246980
92968,-1.441541,-1.466104
92969,-2.572099,-0.722521
92970,-3.528889,1.579063
92971,-1.717979,0.733052
92972,-2.899457,1.449729
92973,-1.849772,0.733052
92974,-1.733246,0.500000
92975,-1.594507,0.222521
92976,-3.779838,1.826239
92977,-2.371693,1.652478
92978,-3.281713,1.826239
92979,-3.563623,1.781812
92980,-3.658223,1.449729
92981,-3.232059,0.730682
92982,-2.466259,1.191580
92983,-3.528889,1.579063
92984,-3.065499,1.781812
92985,-2.259209,0.777479
92986,-2.964384,1.191580
92987,-3.528889,1.579063
92988,-2.711958,1.074730
92989,-2.598822,-0.147791
92990,0.080769,0.326239
92991,-2.793116,1.623490
92992,-2.885719,0.900969
92993,-2.366718,-1.000000
92994,-2.883745,1.030303
92995,-2.383160,1.191580
92996,-0.226309,-0.914101
92997,-0.270784,0.093187
92998,-1.558725,-0.623490
92999,-0.824281,-0.162592
93000,0.489821,0.123490
93001,-0.855884,0.733052
93002,-3.232059,0.730682
93003,-3.484462,1.623490
93004,-1.039708,-0.623490
93005,-0.001041,-0.277479
93006,-2.964384,1.191580
93007,-2.576901,1.579063
93008,-3.153395,0.440071
93009,-3.824265,1.781812
93010,-3.102206,1.246980
93011,-2.885719,0.900969
93012,-3.694931,1.911146
93013,-3.528889,1.579063
93014,-3.528889,1.579063
93015,-2.347897,0.733052
93016,-1.308725,-1.123490
93017,-2.730682,1.365341
93018,-3.911146,1.955573
93019,-3.911146,1.955573
93020,-1.309583,-0.955573
93021,-3.304955,1.652478
93022,-3.158125,1.579063
93023,-3.397582,1.449729
93024,-3.152379,1.955573
93025,-2.383160,1.191580
93026,-0.000125,-0.033258
93027,-1.248319,-1.466104
93028,-1.574293,-1.721883
93029,-2.256195,-0.445042
93030,-0.911146,0.455573
93031,-1.760035,1.320914
93032,-1.906779,-0.535628
93033,-2.096023,2.000000
93034,-3.065499,1.781812
93035,-3.427775,0.988831
93036,-3.826239,1.652478
93037,-3.335148,1.191580
93038,-3.246980,1.623490
93039,-2.885719,0.900969
93040,-3.158125,1.579063
93041,-2.641828,1.320914
93042,-2.700489,1.826239
93043,-2.641828,1.320914
93044,-3.658223,1.449729
93045,-3.656250,1.579063
93046,-2.700489,1.826239
93047,-3.427775,0.988831
93048,-3.658223,1.449729
93049,-2.605388,-0.134659
93050,-2.261572,-0.955573
93051,-2.163198,1.623490
93052,-2.181855,0.400969
93053,-3.484462,1.623490
93054,-2.885719,0.900969
93055,-3.304955,1.652478
93056,-2.899457,1.449729
93057,-3.324167,1.911146
93058,-2.892753,0.440071
93059,-3.335148,1.191580
93060,-3.490208,1.246980
93061,-2.385621,1.030303
93062,0.328724,-1.977662
93063,-0.578811,-0.162592
93064,-0.916907,-0.365341
93065,-0.458468,1.320914
93066,-2.383160,1.191580
93067,-3.656250,1.579063
93068,-3.152379,1.955573
93069,-2.706235,1.449729
93070,-2.334986,1.579063
93071,-3.652478,1.826239
93072,-3.158125,1.579063
93073,-3.826239,1.652478
93074,-2.899457,1.449729
93075,-0.496114,1.320914
93076,-4.000000,2.000000
93077,-1.445881,-0.074730
93078,-2.184738,-0.367711
93079,-1.524320,-0.914101
93080,-2.109756,0.123490
93081,-3.268248,1.579063
93082,-2.899457,1.449729
93083,-1.934194,0.777479
93084,-3.955573,1.911146
93085,-3.658223,1.449729
93086,-0.288010,1.911146
93087,-0.932879,0.054604
93088,-2.964384,1.191580
93089,-3.095692,1.320914
93090,-3.462508,1.191580
93091,-3.326140,1.781812
93092,-3.462508,1.191580
93093,-2.394628,0.440071
93094,-0.729953,0.093187
93095,-3.563623,1.781812
93096,-3.866718,2.000000
93097,-2.706235,1.449729
93098,-3.563623,1.781812
93099,-3.281713,1.826239
93100,-2.964384,1.191580
93101,-3.623490,1.246980
93102,-2.553446,0.149460
93103,-3.051264,1.365341
93104,-2.641828,1.320914
93105,-3.194833,1.652478
93106,-2.228125,1.365341
93107,-2.181855,0.400969
93108,-2.793116,1.623490
93109,-3.152379,1.955573
93110,-3.779838,1.826239
93111,-1.072099,0.777479
93112,-3.123202,0.900969
93113,-2.837543,1.579063
93114,-2.388932,-0.955573
93115,-3.563623,1.781812
93116,-1.845869,0.988831
93117,-3.528889,1.579063
93118,-3.623490,1.246980
93119,-3.434289,1.911146
93120,-2.696708,1.652478
93121,-0.916907,-0.365341
93122,-3.528889,1.579063
93123,-0.652478,0.326239
93124,-1.801938,0.900969
93125,-2.374152,1.781812
93126,-2.051596,1.911146
93127,-3.326140,1.781812
93128,-1.592048,0.093187
93129,-3.088468,0.698220
93130,-3.326140,1.781812
93131,-2.015156,0.455573
93132,-2.576901,1.579063
93133,-3.528889,1.579063
93134,-3.102206,1.246980
93135,-3.462508,1.191580
93136,-3.650504,1.955573
93137,-2.964384,1.191580
93138,-2.461033,1.955573
93139,-3.051264,1.365341
93140,-3.065499,1.781812
93141,-2.993868,1.030303
93142,-0.938334,-0.826239
93143,0.486254,-1.400969
93144,1.616030,-0.365341
93145,-0.816833,0.266948
93146,-3.650504,1.955573
93147,-3.911146,1.955573
93148,-2.576901,1.579063
93149,-2.859464,-0.147791
93150,-2.119812,-0.109562
93151,-1.965750,-1.801938
93152,-1.423694,-1.889800
93153,0.972600,-0.074730
93154,-2.730682,1.365341
93155,-3.246980,1.623490
93156,-3.911146,1.955573
93157,-2.873202,0.400969
93158,-3.333174,1.320914
93159,-1.270918,0.730682
93160,-2.669008,0.988831
93161,-1.557314,-0.109562
93162,-3.324167,1.911146
93163,-3.095692,1.320914
93164,-1.044797,-0.109562
93165,-2.155959,-0.425270
93166,-2.261572,-0.955573
93167,-3.304955,1.652478
93168,-3.911146,1.955573
93169,-2.872277,1.781812
93170,1.133474,0.733052
93171,-0.816833,0.266948
93172,-1.906779,-0.535628
93173,-2.641828,1.320914
93174,-2.899457,1.449729
93175,-3.281713,1.826239
93176,-3.326140,1.781812
93177,-2.859464,-0.147791
93178,-3.692957,1.652478
93179,-3.194833,1.652478
93180,-3.911146,1.955573
93181,-3.167133,0.988831
93182,-2.670453,0.603718
93183,-3.623490,1.246980
93184,-2.742943,1.911146
93185,-3.694931,1.911146
93186,-2.964384,1.191580
93187,-2.553446,0.149460
93188,-2.461033,1.955573
93189,-1.419626,-1.123490
93190,-2.136480,0.698220
93191,-1.760035,1.320914
93192,-3.955573,1.911146
93193,-3.095692,1.320914
93194,-2.136480,0.698220
93195,-2.553446,0.149460
93196,-1.636943,1.074730
93197,-1.280886,-1.400969
93198,-1.690819,-1.488831
93199,-0.756100,1.955573
93200,-3.434289,1.911146
93201,-1.681370,1.030303
93202,-0.689843,0.400969
93203,-2.576901,1.579063
93204,-2.208111,1.449729
93205,-3.955573,1.911146
93206,-2.518736,1.074730
93207,-3.088468,0.698220
93208,-1.643120,1.191580
93209,-3.694931,1.911146
93210,-2.431855,0.900969
93211,-2.316833,-1.233052
93212,-3.051264,1.365341
93213,-2.993868,1.030303
93214,-3.658223,1.449729
93215,-3.462508,1.191580
93216,-3.246980,1.623490
93217,-2.347897,0.733052
93218,-3.051264,1.365341
93219,-1.062213,-0.074730
93220,0.262522,-0.425270
93221,-1.624178,-1.488831
93222,-2.038874,-1.400969
93223,-3.911146,1.955573
93224,-3.563623,1.781812
93225,-3.824265,1.781812
93226,-2.938128,0.142820
93227,-3.911146,1.955573
93228,-3.911146,1.955573
93229,-2.461033,1.955573
93230,-1.637893,1.955573
93231,-2.899457,1.449729
93232,0.231673,-0.134659
93233,-3.955573,1.911146
93234,-3.167133,0.988831
93235,-3.866718,2.000000
93236,-2.837543,1.579063
93237,-3.397582,1.449729
93238,-3.650504,1.955573
93239,-2.696708,1.652478
93240,-2.461033,1.955573
93241,-3.866718,2.000000
93242,-2.793116,1.623490
93243,-3.779838,1.826239
93244,-3.232059,0.730682
93245,-3.397582,1.449729
93246,-3.427775,0.988831
93247,-3.484462,1.623490
93248,-3.563623,1.781812
93249,-1.824442,1.449729
93250,-1.864156,-0.367711
93251,-0.207561,-0.033258
93252,-3.246980,1.623490
93253,-1.261910,1.320914
93254,-3.365341,0.730682
93255,-2.810768,0.142820
93256,-3.478716,2.000000
93257,-3.246980,1.623490
93258,-3.822291,1.911146
93259,-3.326140,1.781812
93260,-0.246980,0.123490
93261,-2.572099,-0.722521
93262,-3.095692,1.320914
93263,-3.304955,1.652478
93264,-3.650504,1.955573
93265,-2.941449,0.149460
93266,-3.158125,1.579063
93267,-3.397582,1.449729
93268,-2.730682,1.365341
93269,-3.478716,2.000000
93270,-3.335148,1.191580
93271,-2.374152,1.781812
93272,-1.955475,-0.826239
93273,-1.442336,-1.211352
93274,-0.854474,-0.623490
93275,-2.343556,-0.658322
93276,-3.822291,1.911146
93277,-2.730682,1.365341
93278,-3.304955,1.652478
93279,-3.484462,1.623490
93280,-3.484462,1.623490
93281,-2.826042,1.911146
93282,-0.272729,0.988831
93283,-3.650504,1.955573
93284,-2.518736,1.074730
93285,-3.153395,0.440071
93286,-3.652478,1.826239
93287,-3.822291,1.911146
93288,-3.563623,1.781812
93289,-0.285640,0.142820
93290,-2.941449,0.149460
93291,-2.899457,1.449729
93292,-3.490208,1.246980
93293,-2.383160,1.191580
93294,-3.652478,1.826239
93295,-3.397582,1.449729
93296,-3.158125,1.579063
93297,-3.652478,1.826239
93298,-3.478716,2.000000
93299,-3.397582,1.449729
93300,-2.334986,1.579063
93301,-2.518736,1.074730
93302,-3.152379,1.955573
93303,-2.598822,-0.147791
93304,-0.549693,-1.233052
93305,-0.349031,0.400969
93306,-2.964384,1.191580
93307,-2.837543,1.579063
93308,-2.374152,1.781812
93309,-3.065499,1.781812
93310,-3.658223,1.449729
93311,-1.568917,-1.211352
93312,-2.669008,0.988831
93313,-2.163198,1.623490
93314,-2.038874,-1.400969
93315,-2.005777,-1.721883
93316,-3.123202,0.900969
93317,-2.541119,0.733052
93318,-3.652478,1.826239
93319,-3.911146,1.955573
93320,-2.859464,-0.147791
93321,-1.003761,1.579063
93322,-2.572099,-0.722521
93323,-3.153395,0.440071
93324,-3.484462,1.623490
93325,-3.528889,1.579063
93326,-2.742943,1.911146
93327,-2.706235,1.449729
93328,-2.885719,0.900969
93329,-0.967322,0.123490
93330,0.508862,-1.466104
93331,-1.864156,-0.367711
93332,-2.717704,0.698220
93333,-3.215828,0.698220
93334,-2.899457,1.449729
93335,-3.065499,1.781812
93336,-3.652478,1.826239
93337,-2.605388,-0.134659
93338,-2.430339,0.123490
93339,-0.319126,-0.162592
93340,-2.711958,1.074730
93341,-3.658223,1.449729
93342,-3.911146,1.955573
93343,-3.484462,1.623490
93344,-0.113232,0.326239
93345,-0.408062,-0.162592
93346,-3.158125,1.579063
93347,-3.822291,1.911146
93348,-2.060606,1.030303
93349,-2.941449,0.149460
93350,-3.822291,1.911146
93351,-2.717704,0.698220
93352,-3.123202,0.900969
93353,-2.106074,-0.658322
93354,-1.423694,-1.889800
93355,-2.711958,1.074730
93356,-3.095692,1.320914
93357,-0.686458,-0.826239
93358,-0.427724,0.054604
93359,-3.088468,0.698220
93360,-3.694931,1.911146
93361,-2.837543,1.579063
93362,-2.311457,-0.722521
93363,-3.051264,1.365341
93364,-3.528889,1.579063
93365,-1.960449,1.826239
93366,-1.849772,0.733052
93367,-1.168783,-0.365341
93368,-3.692957,1.652478
93369,-2.899457,1.449729
93370,-3.955573,1.911146
93371,-2.641828,1.320914
93372,-1.050429,1.652478
93373,-3.866718,2.000000
93374,-2.336959,1.449729
93375,-3.088468,0.698220
93376,-2.870469,2.000000
93377,-2.015156,0.455573
93378,-2.993868,1.030303
93379,-2.144490,0.326239
93380,-2.051596,1.911146
93381,-3.397582,1.449729
93382,-1.934194,0.777479
93383,-2.669008,0.988831
93384,-1.574735,-0.425270
93385,-3.326140,1.781812
93386,-2.641828,1.320914
93387,-2.410859,1.246980
93388,-3.232059,0.730682
93389,-2.563163,1.030303
93390,-2.518736,1.074730
93391,-3.650504,1.955573
93392,-3.528889,1.579063
93393,-3.232059,0.730682
93394,-2.837543,1.579063
93395,-1.261910,1.320914
93396,-3.866718,2.000000
93397,-1.180804,0.266948
93398,-3.065499,1.781812
93399,-2.872277,1.781812
93400,-3.911146,1.955573
93401,-2.964384,1.191580
93402,-3.397582,1.449729
93403,-2.885719,0.900969
93404,-0.161161,-1.488831
93405,-3.397582,1.449729
93406,-2.835050,1.320914
93407,-3.194833,1.652478
93408,-2.859464,-0.147791
93409,-1.419626,-1.123490
93410,-3.326140,1.781812
93411,-3.658223,1.449729
93412,-3.304955,1.652478
93413,-3.826239,1.652478
93414,-0.764573,0.326239
93415,-0.879043,-1.466104
93416,-1.396440,0.698220
93417,-1.309583,-0.955573
93418,-2.266948,-1.466104
93419,-0.669220,1.781812
93420,-3.563623,1.781812
93421,-2.899457,1.449729
93422,-2.826042,1.911146
93423,-3.397582,1.449729
93424,-2.337712,0.326239
93425,-2.336959,1.449729
93426,-3.658223,1.449729
93427,-3.427775,0.988831
93428,-3.123202,0.900969
93429,-2.872277,1.781812
93430,-3.650504,1.955573
93431,-3.065499,1.781812
93432,-2.835050,1.320914
93433,-1.977662,0.988831
93434,-2.700489,1.826239
93435,-2.383160,1.191580
93436,-2.294861,-0.367711
93437,-3.484462,1.623490
93438,-3.656250,1.579063
93439,-1.813332,-0.722521
93440,-3.484462,1.623490
93441,-3.650504,1.955573
93442,-3.333174,1.320914
93443,-3.911146,1.955573
93444,-3.656250,1.579063
93445,-1.637893,1.955573
93446,-3.215828,0.698220
93447,-3.563623,1.781812
93448,-3.826239,1.652478
93449,-3.427775,0.988831
93450,-3.215828,0.698220
93451,-3.095692,1.320914
93452,-3.656250,1.579063
93453,-3.656250,1.579063
93454,-1.849772,0.733052
93455,-3.215828,0.698220
93456,-3.650504,1.955573
93457,-1.607199,0.123490
93458,-2.810768,0.142820
93459,-2.431855,0.900969
93460,-3.326140,1.781812
93461,-1.773241,0.455573
93462,-1.507653,-1.721883
93463,-2.793116,1.623490
93464,-3.065499,1.781812
93465,-3.326140,1.781812
93466,-3.462508,1.191580
93467,-2.563163,1.030303
93468,-0.851453,-1.000000
93469,-1.409351,-0.147791
93470,-3.333174,1.320914
93471,-3.694931,1.911146
93472,-1.384971,1.449729
93473,-2.311457,-0.722521
93474,-3.955573,1.911146
93475,-2.371693,1.652478
93476,-3.484462,1.623490
93477,-2.302521,1.030303
93478,-3.281713,1.826239
93479,-3.123202,0.900969
93480,-3.434289,1.911146
93481,-3.824265,1.781812
93482,-2.051596,1.911146
93483,-3.333174,1.320914
93484,-3.102206,1.246980
93485,-3.779838,1.826239
93486,-1.801938,0.900969
93487,-3.123202,0.900969
93488,-2.837543,1.579063
93489,-3.246980,1.623490
93490,-3.866718,2.000000
93491,-1.200484,0.900969
93492,0.196183,0.440071
93493,-3.824265,1.781812
93494,-2.383160,1.191580
93495,-2.835050,1.320914
93496,-2.780575,0.603718
93497,-2.394628,0.440071
93498,-2.431855,0.900969
93499,-3.304955,1.652478
93500,-3.397582,1.449729
93501,-2.383160,1.191580
93502,-0.916907,-0.365341
93503,-2.336959,1.449729
93504,-2.635719,0.400969
93505,-1.601453,0.500000
93506,-2.526723,-0.425270
93507,-1.394005,0.455573
93508,-3.123202,0.900969
93509,-1.396440,0.698220
93510,-1.409351,-0.147791
93511,-2.336959,1.449729
93512,-3.658223,1.449729
93513,-2.011910,1.320914
93514,-2.336959,1.449729
93515,-3.335148,1.191580
93516,-3.333174,1.320914
93517,-2.336959,1.449729
93518,-3.153395,0.440071
93519,-0.864659,-0.365341
93520,-3.911146,1.955573
93521,-3.326140,1.781812
93522,-3.365341,0.730682
93523,-2.349870,0.603718
93524,-3.246980,1.623490
93525,-3.911146,1.955573
93526,-3.658223,1.449729
93527,-3.826239,1.652478
93528,-2.793116,1.623490
93529,-3.215828,0.698220
93530,-3.158125,1.579063
93531,-1.858780,0.142820
93532,1.134659,0.730682
93533,0.269318,-0.134659
93534,-1.214222,1.449729
93535,-3.658223,1.449729
93536,-2.635719,0.400969
93537,-2.526723,-0.425270
93538,-2.696708,1.652478
93539,-3.088468,0.698220
93540,-2.837543,1.579063
93541,-2.371693,1.652478
93542,-2.302521,1.030303
93543,-3.326140,1.781812
93544,-1.813332,-0.722521
93545,-3.779838,1.826239
93546,-3.528889,1.579063
93547,-1.413198,1.623490
93548,-2.669008,0.988831
93549,-3.692957,1.652478
93550,-0.231828,0.093187
93551,-3.152379,1.955573
93552,-3.281713,1.826239
93553,-1.361599,-0.367711
93554,-3.650504,1.955573
93555,-3.692957,1.652478
93556,-1.558725,-0.623490
93557,-1.000000,0.500000
93558,-1.933731,0.900969
93559,-2.155959,-0.425270
93560,-2.374152,1.781812
93561,-3.304955,1.652478
93562,-3.490208,1.246980
93563,-2.874250,1.652478
93564,-3.656250,1.579063
93565,-3.484462,1.623490
93566,-3.246980,1.623490
93567,-1.261910,1.320914
93568,-2.176109,0.777479
93569,-3.650504,1.955573
93570,-3.826239,1.652478
93571,-3.911146,1.955573
93572,-3.158125,1.579063
93573,-3.333174,1.320914
93574,-3.304955,1.652478
93575,-2.383160,1.191580
93576,-2.810768,0.142820
93577,-1.833963,0.093187
93578,-3.911146,1.955573
93579,-3.658223,1.449729
93580,-1.731730,-0.277479
93581,-3.656250,1.579063
93582,-1.375695,-1.211352
93583,-2.711958,1.074730
93584,-1.207436,0.603718
93585,-0.528520,0.777479
93586,-0.873502,-0.445042
93587,-3.652478,1.826239
93588,-3.158125,1.579063
93589,-3.652478,1.826239
93590,-3.911146,1.955573
93591,-3.326140,1.781812
93592,-3.652478,1.826239
93593,-3.826239,1.652478
93594,-2.337712,0.326239
93595,-2.892753,0.440071
93596,-3.656250,1.579063
93597,-2.461033,1.955573
93598,-3.656250,1.579063
93599,-2.883745,1.030303
93600,-2.899457,1.449729
93601,-2.717704,0.698220
93602,-2.383160,1.191580
93603,-2.844057,0.730682
93604,-2.717704,0.698220
93605,-1.588247,1.365341
93606,-3.167133,0.988831
93607,-3.911146,1.955573
93608,-3.484462,1.623490
93609,-3.563623,1.781812
93610,-1.396440,0.698220
93611,-1.006419,-1.211352
93612,-1.978716,-1.000000
93613,-2.644197,-0.445042
93614,-1.149815,1.320914
93615,-3.102206,1.246980
93616,-3.955573,1.911146
93617,-1.005460,-0.955573
93618,-2.410859,1.246980
93619,-1.279149,1.191580
93620,-2.899457,1.449729
93621,-3.911146,1.955573
93622,-2.541119,0.733052
93623,-3.088468,0.698220
93624,-2.228125,1.365341
93625,-2.181855,0.400969
93626,-3.326140,1.781812
93627,-3.152379,1.955573
93628,-2.144490,0.326239
93629,-1.789708,1.246980
93630,-0.880142,0.440071
93631,-2.993868,1.030303
93632,-3.051264,1.365341
93633,-3.623490,1.246980
93634,-3.232059,0.730682
93635,-3.694931,1.911146
93636,-1.789708,1.246980
93637,-3.692957,1.652478
93638,-2.526723,-0.425270
93639,-0.911611,-1.400969
93640,-3.427775,0.988831
93641,-3.167133,0.988831
93642,-3.692957,1.652478
93643,-2.106074,-0.658322
93644,-1.507653,-1.721883
93645,-2.859464,-0.147791
93646,-3.397582,1.449729
93647,-3.650504,1.955573
93648,-3.152379,1.955573
93649,-3.650504,1.955573
93650,-2.899457,1.449729
93651,-2.540461,0.123490
93652,-3.955573,1.911146
93653,-3.824265,1.781812
93654,-2.873202,0.400969
93655,-3.123202,0.900969
93656,-1.695108,1.579063
93657,-3.484462,1.623490
93658,-1.423694,-1.889800
93659,-3.911146,1.955573
93660,-3.434289,1.911146
93661,-2.993868,1.030303
93662,-2.343556,-0.658322
93663,-2.541119,0.733052
93664,-3.152379,1.955573
93665,-3.528889,1.579063
93666,-3.824265,1.781812
93667,-3.167133,0.988831
93668,-3.427775,0.988831
93669,-1.681370,1.030303
93670,-2.605388,-0.134659
93671,-3.824265,1.781812
93672,-2.835050,1.320914
93673,-3.088468,0.698220
93674,-2.938128,0.142820
93675,-2.005777,-1.721883
93676,-2.100697,-0.147791
93677,-2.184738,-0.367711
93678,-2.644197,-0.445042
93679,-3.462508,1.191580
93680,-2.149460,1.074730
93681,-3.911146,1.955573
93682,-3.650504,1.955573
93683,-3.779838,1.826239
93684,-1.713557,-0.535628
93685,-3.528889,1.579063
93686,-3.824265,1.781812
93687,-3.911146,1.955573
93688,-0.609756,1.623490
93689,-0.652478,0.326239
93690,-1.072099,0.777479
93691,-2.938128,0.142820
93692,-3.955573,1.911146
93693,-3.528889,1.579063
93694,-3.694931,1.911146
93695,-3.694931,1.911146
93696,-2.899457,1.449729
93697,-3.194833,1.652478
93698,-3.484462,1.623490
93699,-3.694931,1.911146
93700,-0.873667,-0.955573
93701,-1.396440,0.698220
93702,-3.658223,1.449729
93703,-3.490208,1.246980
93704,-3.324167,1.911146
93705,-2.106074,-0.658322
93706,-2.038874,-1.400969
93707,-2.793116,1.623490
93708,-2.837543,1.579063
93709,-2.885719,0.900969
93710,-0.932879,0.054604
93711,-2.336959,1.449729
93712,-2.844057,0.730682
93713,-0.801938,0.400969
93714,-1.032469,0.698220
93715,-2.133667,-1.466104
93716,-1.557314,-0.109562
93717,-1.833963,0.093187
93718,-0.666236,-1.634021
93719,-1.133363,0.455573
93720,-0.712635,-0.074730
93721,-2.572099,-0.722521
93722,-1.636943,1.074730
93723,-3.088468,0.698220
93724,-1.303596,-1.488831
93725,-3.153395,0.440071
93726,-2.598822,-0.147791
93727,-3.065499,1.781812
93728,-3.779838,1.826239
93729,-2.228125,1.365341
93730,-2.993868,1.030303
93731,-3.152379,1.955573
93732,-1.349189,0.603718
93733,-1.214222,1.449729
93734,-2.899457,1.449729
93735,-2.563163,1.030303
93736,-1.375695,-1.211352
93737,-1.349189,0.603718
93738,-3.955573,1.911146
93739,-3.623490,1.246980
93740,-1.003761,1.579063
93741,-3.088468,0.698220
93742,-2.605388,-0.134659
93743,-2.572099,-0.722521
93744,-1.648630,-0.277479
93745,-1.773241,0.455573
93746,-3.326140,1.781812
93747,-2.641828,1.320914
93748,-3.158125,1.579063
93749,-1.275116,0.455573
93750,-3.652478,1.826239
93751,-3.335148,1.191580
93752,-3.484462,1.623490
93753,-2.810768,0.142820
93754,-2.873202,0.400969
93755,0.065502,0.093187
93756,-2.141244,1.191580
93757,-1.794458,-1.889800
93758,-2.859464,-0.147791
93759,-2.711958,1.074730
93760,-1.731730,-0.277479
93761,-0.801039,-1.488831
93762,-1.577747,-1.801938
93763,-3.694931,1.911146
93764,-2.242359,1.781812
93765,-2.576901,1.579063
93766,-3.563623,1.781812
93767,-2.119812,-0.109562
93768,-3.194833,1.652478
93769,-1.801938,0.900969
93770,0.016102,0.455573
93771,-1.592048,0.093187
93772,-0.490512,-1.721883
93773,-2.635719,0.400969
93774,-1.557314,-0.109562
93775,-1.554958,0.777479
93776,-2.826042,1.911146
93777,-3.650504,1.955573
93778,-3.650504,1.955573
93779,-2.874250,1.652478
93780,-3.152379,1.955573
93781,-2.641828,1.320914
93782,-3.324167,1.911146
93783,-3.652478,1.826239
93784,-3.335148,1.191580
93785,-2.899457,1.449729
93786,-2.060606,1.030303
93787,-2.635719,0.400969
93788,-2.002903,1.911146
93789,-3.658223,1.449729
93790,-3.123202,0.900969
93791,-3.656250,1.579063
93792,-3.304955,1.652478
93793,-3.215828,0.698220
93794,-3.152379,1.955573
93795,-2.493959,1.246980
93796,-2.780575,0.603718
93797,-3.824265,1.781812
93798,-3.652478,1.826239
93799,-0.533896,0.266948
93800,-0.322099,-0.722521
93801,-3.153395,0.440071
93802,-3.194833,1.652478
93803,-3.911146,1.955573
93804,-3.281713,1.826239
93805,-2.261572,-0.955573
93806,-1.127350,1.826239
93807,-2.941449,0.149460
93808,-3.822291,1.911146
93809,-3.911146,1.955573
93810,-4.000000,2.000000
93811,-3.563623,1.781812
93812,-3.427775,0.988831
93813,-3.911146,1.955573
93814,-2.872277,1.781812
93815,-3.490208,1.246980
93816,-3.158125,1.579063
93817,-2.316833,-1.233052
93818,-2.149460,1.074730
93819,-2.859464,-0.147791
93820,-3.215828,0.698220
93821,-3.478716,2.000000
93822,-2.181855,0.400969
93823,-3.158125,1.579063
93824,-0.576416,-0.658322
93825,0.001651,0.440071
93826,-2.149460,1.074730
93827,-2.553446,0.149460
93828,-1.607199,0.123490
93829,-1.690819,-1.488831
93830,-0.207271,1.246980
93831,-3.656250,1.579063
93832,-0.847680,1.246980
93833,-1.445881,-0.074730
93834,-0.823226,0.326239
93835,-0.140335,-0.147791
93836,-0.966034,-0.162592
93837,-0.146901,-0.134659
93838,-2.700489,1.826239
93839,-3.158125,1.579063
93840,-1.607199,0.123490
93841,-1.637893,1.955573
93842,-1.878417,-1.721883
93843,-1.248319,-1.466104
93844,-2.388932,-0.955573
93845,-2.641828,1.320914
93846,-0.831764,-0.535628
93847,-3.658223,1.449729
93848,-3.326140,1.781812
93849,-1.349189,0.603718
93850,-2.228125,1.365341
93851,-3.434289,1.911146
93852,-1.703282,0.440071
93853,-3.563623,1.781812
93854,-3.650504,1.955573
93855,-3.650504,1.955573
93856,-3.434289,1.911146
93857,-1.760035,1.320914
93858,0.420083,1.030303
93859,-0.346845,-1.400969
93860,-1.200484,0.900969
93861,-3.304955,1.652478
93862,-3.490208,1.246980
93863,-2.598822,-0.147791
93864,-3.427775,0.988831
93865,-2.347897,0.733052
93866,-1.027479,-0.277479
93867,-3.427775,0.988831
93868,-2.835050,1.320914
93869,-0.563340,0.698220
93870,-2.641828,1.320914
93871,-3.123202,0.900969
93872,-3.824265,1.781812
93873,-3.658223,1.449729
93874,-2.742943,1.911146
93875,-2.872277,1.781812
93876,-2.670453,0.603718
93877,-2.742943,1.911146
93878,-3.694931,1.911146
93879,-3.123202,0.900969
93880,-0.867905,1.365341
93881,0.211126,-1.400969
93882,-1.574293,-1.721883
93883,-1.384971,1.449729
93884,-3.528889,1.579063
93885,-3.434289,1.911146
93886,-3.692957,1.652478
93887,-3.692957,1.652478
93888,-3.824265,1.781812
93889,-2.835050,1.320914
93890,-3.955573,1.911146
93891,-1.977662,0.988831
93892,-2.100697,-0.147791
93893,-3.326140,1.781812
93894,-2.696708,1.652478
93895,-2.526723,-0.425270
93896,-0.088566,-1.634021
93897,-3.462508,1.191580
93898,-3.955573,1.911146
93899,-3.088468,0.698220
93900,-3.824265,1.781812
93901,-1.762918,-1.211352
93902,-3.650504,1.955573
93903,-3.694931,1.911146
93904,-1.171501,-0.623490
93905,-0.881639,-1.977662
93906,-3.095692,1.320914
93907,-2.383160,1.191580
93908,-3.397582,1.449729
93909,-2.060606,1.030303
93910,-4.000000,2.000000
93911,-3.911146,1.955573
93912,-3.158125,1.579063
93913,-3.246980,1.623490
93914,-3.824265,1.781812
93915,-3.167133,0.988831
93916,-2.780575,0.603718
93917,-1.200484,0.900969
93918,-3.652478,1.826239
93919,-1.044797,-0.109562
93920,-2.374152,1.781812
93921,-1.794458,-1.889800
93922,-2.116349,-1.634021
93923,-0.879043,-1.466104
93924,-2.518736,1.074730
93925,-2.430339,0.123490
93926,-2.874250,1.652478
93927,-3.652478,1.826239
93928,-2.155959,-0.425270
93929,-3.563623,1.781812
93930,-1.551012,1.781812
93931,-2.706235,1.449729
93932,-2.700489,1.826239
93933,-2.641828,1.320914
93934,-2.336959,1.449729
93935,-1.914041,-0.134659
93936,-1.873040,-1.211352
93937,-2.266948,-1.466104
93938,-1.212812,0.093187
93939,-1.988459,-1.889800
93940,0.646287,1.449729
93941,-3.123202,0.900969
93942,-2.576901,1.579063
93943,-3.563623,1.781812
93944,-3.123202,0.900969
93945,-2.964384,1.191580
93946,-1.648630,-0.277479
93947,-2.605388,-0.134659
93948,-2.635719,0.400969
93949,-2.493959,1.246980
93950,-2.168944,1.246980
93951,-3.095692,1.320914
93952,-2.168944,1.246980
93953,-3.324167,1.911146
93954,-4.000000,2.000000
93955,-3.158125,1.579063
93956,-3.911146,1.955573
93957,-3.324167,1.911146
93958,-1.601453,0.500000
93959,-3.326140,1.781812
93960,-2.700489,1.826239
93961,-2.374152,1.781812
93962,-2.383160,1.191580
93963,-3.324167,1.911146
93964,-2.349870,0.603718
93965,-3.335148,1.191580
93966,-2.098256,0.455573
93967,-2.572099,-0.722521
93968,-3.304955,1.652478
93969,-2.700489,1.826239
93970,-3.246980,1.623490
93971,-2.385621,1.030303
93972,-1.717979,0.733052
93973,-2.885719,0.900969
93974,-2.883745,1.030303
93975,-3.652478,1.826239
93976,-3.427775,0.988831
93977,-3.167133,0.988831
93978,-3.824265,1.781812
93979,-3.397582,1.449729
93980,-2.780575,0.603718
93981,-3.484462,1.623490
93982,-3.326140,1.781812
93983,-3.484462,1.623490
93984,-3.158125,1.579063
93985,-3.563623,1.781812
93986,-3.478716,2.000000
93987,-3.167133,0.988831
93988,-2.110972,-1.123490
93989,-3.167133,0.988831
93990,-2.669008,0.988831
93991,-2.367905,-0.134659
93992,-1.132335,-0.826239
93993,-3.484462,1.623490
93994,-3.123202,0.900969
93995,-2.700489,1.826239
93996,-3.161387,1.365341
93997,-2.669008,0.988831
93998,-3.822291,1.911146
93999,-3.158125,1.579063
94000,-3.152379,1.955573
94001,-3.563623,1.781812
94002,-2.461033,1.955573
94003,-3.335148,1.191580
94004,-2.883745,1.030303
94005,-3.095692,1.320914
94006,-2.641828,1.320914
94007,-0.938334,-0.826239
94008,-1.370469,-1.000000
94009,-2.385621,1.030303
94010,-2.541119,0.733052
94011,-2.155959,-0.425270
94012,-2.493959,1.246980
94013,-1.524320,-0.914101
94014,-3.822291,1.911146
94015,-2.336959,1.449729
94016,-3.911146,1.955573
94017,-3.158125,1.579063
94018,-3.167133,0.988831
94019,-3.153395,0.440071
94020,-2.780575,0.603718
94021,-1.760035,1.320914
94022,-3.123202,0.900969
94023,-2.883745,1.030303
94024,-2.826042,1.911146
94025,-3.911146,1.955573
94026,-3.335148,1.191580
94027,-3.484462,1.623490
94028,-2.641828,1.320914
94029,-2.261572,-0.955573
94030,-1.794458,-1.889800
94031,-0.652478,0.326239
94032,-3.484462,1.623490
94033,-1.858780,0.142820
94034,0.066516,-0.033258
94035,-2.002903,1.911146
94036,-2.272552,1.320914
94037,-2.383160,1.191580
94038,-2.641828,1.320914
94039,-1.154522,0.988831
94040,-2.899457,1.449729
94041,-2.347897,0.733052
94042,-2.885719,0.900969
94043,-2.176109,0.777479
94044,-1.978621,0.733052
94045,-2.873202,0.400969
94046,-0.246980,0.123490
94047,-3.161387,1.365341
94048,-3.658223,1.449729
94049,-2.892753,0.440071
94050,-3.563623,1.781812
94051,-3.304955,1.652478
94052,-2.349870,0.603718
94053,-2.374152,1.781812
94054,-3.652478,1.826239
94055,-3.123202,0.900969
94056,-3.658223,1.449729
94057,-2.706235,1.449729
94058,-3.123202,0.900969
94059,-2.518736,1.074730
94060,-3.158125,1.579063
94061,-1.557314,-0.109562
94062,-2.810768,0.142820
94063,-3.335148,1.191580
94064,-2.060606,1.030303
94065,-2.155959,-0.425270
94066,-3.335148,1.191580
94067,-1.717542,-0.914101
94068,-1.926590,-0.109562
94069,-3.650504,1.955573
94070,-2.347897,0.733052
94071,-3.152379,1.955573
94072,-3.158125,1.579063
94073,-2.641828,1.320914
94074,-2.334986,1.579063
94075,-2.208111,1.449729
94076,1.372917,1.652478
94077,-2.383160,1.191580
94078,-3.652478,1.826239
94079,-1.554958,0.777479
94080,-0.346845,-1.400969
94081,-2.110972,-1.123490
94082,-3.824265,1.781812
94083,-3.153395,0.440071
94084,-3.658223,1.449729
94085,-0.710661,0.054604
94086,-1.280886,-1.400969
94087,-1.330319,-0.914101
94088,-2.696708,1.652478
94089,-3.528889,1.579063
94090,-2.598822,-0.147791
94091,-3.246980,1.623490
94092,-3.246980,1.623490
94093,-3.650504,1.955573
94094,-2.563163,1.030303
94095,-3.065499,1.781812
94096,-3.528889,1.579063
94097,-3.484462,1.623490
94098,-3.268248,1.579063
94099,-2.742943,1.911146
94100,-3.484462,1.623490
94101,-2.235810,0.730682
94102,-0.842470,-1.889800
94103,-1.149815,1.320914
94104,-3.434289,1.911146
94105,-1.574293,-1.721883
94106,-1.717542,-0.914101
94107,0.106511,0.011169
94108,-2.892753,0.440071
94109,-3.153395,0.440071
94110,-2.374152,1.781812
94111,-3.650504,1.955573
94112,-1.607199,0.123490
94113,-1.833963,0.093187
94114,-3.194833,1.652478
94115,-1.978621,0.733052
94116,-3.484462,1.623490
94117,-2.793116,1.623490
94118,-3.088468,0.698220
94119,-3.095692,1.320914
94120,-3.692957,1.652478
94121,-3.528889,1.579063
94122,-3.694931,1.911146
94123,-2.228125,1.365341
94124,-3.563623,1.781812
94125,-1.855707,-1.634021
94126,-2.133667,-1.466104
94127,-2.410859,1.246980
94128,-3.779838,1.826239
94129,-3.779838,1.826239
94130,-3.955573,1.911146
94131,-2.635719,0.400969
94132,-3.911146,1.955573
94133,-1.934194,0.777479
94134,-2.873202,0.400969
94135,-3.911146,1.955573
94136,-3.563623,1.781812
94137,-3.167133,0.988831
94138,-3.397582,1.449729
94139,-3.563623,1.781812
94140,-1.121986,-0.722521
94141,-1.824442,1.449729
94142,0.044302,0.011169
94143,-2.106074,-0.658322
94144,-1.275116,0.455573
94145,-3.490208,1.246980
94146,-3.158125,1.579063
94147,-3.324167,1.911146
94148,-3.095692,1.320914
94149,-3.822291,1.911146
94150,-2.717704,0.698220
94151,-1.703282,0.440071
94152,-2.717704,0.698220
94153,-1.462714,0.222521
94154,-3.484462,1.623490
94155,-3.563623,1.781812
94156,-3.158125,1.579063
94157,-2.872277,1.781812
94158,-2.060606,1.030303
94159,-2.730682,1.365341
94160,-2.899457,1.449729
94161,-2.899457,1.449729
94162,-3.324167,1.911146
94163,-2.383160,1.191580
94164,-0.121146,-0.425270
94165,-0.621791,-0.955573
94166,-2.518736,1.074730
94167,-2.136480,0.698220
94168,-3.232059,0.730682
94169,-3.281713,1.826239
94170,-3.074730,0.149460
94171,-3.484462,1.623490
94172,-1.344281,-0.535628
94173,-3.397582,1.449729
94174,-0.718169,-0.658322
94175,-3.658223,1.449729
94176,-2.641828,1.320914
94177,-2.641828,1.320914
94178,-2.168944,1.246980
94179,-3.427775,0.988831
94180,-3.911146,1.955573
94181,-3.652478,1.826239
94182,-2.669008,0.988831
94183,-3.333174,1.320914
94184,-2.060606,1.030303
94185,-2.941449,0.149460
94186,-2.060606,1.030303
94187,-3.658223,1.449729
94188,-2.011910,1.320914
94189,-1.922262,1.652478
94190,-3.427775,0.988831
94191,-1.275116,0.455573
94192,-3.826239,1.652478
94193,-3.167133,0.988831
94194,-2.844057,0.730682
94195,-2.144490,0.326239
94196,-3.822291,1.911146
94197,-2.261572,-0.955573
94198,-1.309583,-0.955573
94199,-3.167133,0.988831
94200,-3.652478,1.826239
94201,-2.892753,0.440071
94202,-2.872277,1.781812
94203,-3.650504,1.955573
94204,-3.065499,1.781812
94205,-3.397582,1.449729
94206,-2.518736,1.074730
94207,-1.733246,0.500000
94208,-0.179571,1.191580
94209,0.331531,0.440071
94210,-3.333174,1.320914
94211,-3.335148,1.191580
94212,-0.350619,-0.277479
94213,-0.288010,1.911146
94214,-1.637893,1.955573
94215,-3.333174,1.320914
94216,-3.824265,1.781812
94217,-3.779838,1.826239
94218,-3.246980,1.623490
94219,-2.872277,1.781812
94220,-3.152379,1.955573
94221,-2.835050,1.320914
94222,-1.917063,0.093187
94223,-2.136480,0.698220
94224,-3.397582,1.449729
94225,-2.670453,0.603718
94226,-3.528889,1.579063
94227,-2.964384,1.191580
94228,-2.572099,-0.722521
94229,-2.133667,-1.466104
94230,-3.088468,0.698220
94231,-1.933731,0.900969
94232,-3.123202,0.900969
94233,-2.388932,-0.955573
94234,-2.706235,1.449729
94235,-3.281713,1.826239
94236,-3.462508,1.191580
94237,-3.397582,1.449729
94238,-3.911146,1.955573
94239,-3.065499,1.781812
94240,-3.194833,1.652478
94241,-3.911146,1.955573
94242,-3.462508,1.191580
94243,-2.431855,0.900969
94244,-3.427775,0.988831
94245,-2.899457,1.449729
94246,-3.955573,1.911146
94247,-3.658223,1.449729
94248,-2.242359,1.781812
94249,-1.593993,0.988831
94250,-0.338389,0.900969
94251,-0.285640,0.142820
94252,-2.336959,1.449729
94253,-1.858780,0.142820
94254,-2.892753,0.440071
94255,-3.427775,0.988831
94256,-0.599578,-1.000000
94257,-0.254431,0.733052
94258,-0.534266,0.400969
94259,-3.326140,1.781812
94260,-3.326140,1.781812
94261,-2.302521,1.030303
94262,-2.837543,1.579063
94263,-2.696708,1.652478
94264,-2.742943,1.911146
94265,-2.410859,1.246980
94266,-3.326140,1.781812
94267,-3.692957,1.652478
94268,-2.635719,0.400969
94269,-2.641828,1.320914
94270,-3.650504,1.955573
94271,-3.623490,1.246980
94272,-2.872277,1.781812
94273,-2.837543,1.579063
94274,-3.281713,1.826239
94275,-0.771367,0.222521
94276,-3.563623,1.781812
94277,-2.410859,1.246980
94278,-0.881639,-1.977662
94279,-3.365341,0.730682
94280,-3.158125,1.579063
94281,-1.801938,0.900969
94282,-2.598822,-0.147791
94283,-2.669008,0.988831
94284,-1.397882,0.603718
94285,-2.176109,0.777479
94286,-3.246980,1.623490
94287,-2.872277,1.781812
94288,-2.336959,1.449729
94289,-1.116526,0.733052
94290,-2.598822,-0.147791
94291,-2.899457,1.449729
94292,-3.333174,1.320914
94293,-0.765763,0.730682
94294,-3.065499,1.781812
94295,-3.658223,1.449729
94296,-2.430339,0.123490
94297,-2.883745,1.030303
94298,-3.563623,1.781812
94299,-3.911146,1.955573
94300,-2.883745,1.030303
94301,-3.656250,1.579063
94302,-3.822291,1.911146
94303,-4.000000,2.000000
94304,-3.161387,1.365341
94305,-3.333174,1.320914
94306,-3.822291,1.911146
94307,-1.413198,1.623490
94308,-1.955475,-0.826239
94309,-1.344281,-0.535628
94310,-1.873040,-1.211352
94311,-1.762918,-1.211352
94312,-2.272552,1.320914
94313,-2.993868,1.030303
94314,-2.141244,1.191580
94315,-2.964384,1.191580
94316,-3.074730,0.149460
94317,-2.109756,0.123490
94318,-3.911146,1.955573
94319,-3.088468,0.698220
94320,-0.186825,-0.074730
94321,-1.300576,-0.365341
94322,-3.826239,1.652478
94323,-3.158125,1.579063
94324,-2.706235,1.449729
94325,-2.899457,1.449729
94326,-3.822291,1.911146
94327,-3.652478,1.826239
94328,-2.941449,0.149460
94329,-1.198511,1.030303
94330,-3.158125,1.579063
94331,-3.911146,1.955573
94332,-2.793116,1.623490
94333,-3.123202,0.900969
94334,-1.977662,0.988831
94335,-3.427775,0.988831
94336,-2.374152,1.781812
94337,-3.123202,0.900969
94338,-1.668109,-1.400969
94339,-3.194833,1.652478
94340,-3.911146,1.955573
94341,-3.427775,0.988831
94342,-2.899457,1.449729
94343,-0.563340,0.698220
94344,-3.824265,1.781812
94345,-3.658223,1.449729
94346,-2.184738,-0.367711
94347,-3.694931,1.911146
94348,-3.232059,0.730682
94349,-3.326140,1.781812
94350,-3.427775,0.988831
94351,-2.100697,-0.147791
94352,-3.528889,1.579063
94353,-2.388932,-0.955573
94354,-3.123202,0.900969
94355,-2.371693,1.652478
94356,0.219124,-0.109562
94357,-2.563163,1.030303
94358,-3.692957,1.652478
94359,0.600074,-0.367711
94360,-2.337712,0.326239
94361,-2.367905,-0.134659
94362,-2.347897,0.733052
94363,-3.484462,1.623490
94364,0.020611,-0.074730
94365,-2.706235,1.449729
94366,-2.366718,-1.000000
94367,-1.132335,-0.826239
94368,-2.844057,0.730682
94369,-1.727818,-1.889800
94370,-1.253943,-1.233052
94371,-0.983709,-1.123490
94372,-2.572099,-0.722521
94373,-1.168783,-0.365341
94374,-3.123202,0.900969
94375,-3.397582,1.449729
94376,-3.623490,1.246980
94377,-3.824265,1.781812
94378,-2.242359,1.781812
94379,-2.051596,1.911146
94380,-1.789708,1.246980
94381,-3.528889,1.579063
94382,-3.528889,1.579063
94383,-3.911146,1.955573
94384,-3.246980,1.623490
94385,-2.208111,1.449729
94386,0.096577,1.781812
94387,-0.044056,0.054604
94388,-1.926590,-0.109562
94389,-2.336959,1.449729
94390,-1.858780,0.142820
94391,-3.822291,1.911146
94392,-3.324167,1.911146
94393,-3.304955,1.652478
94394,-3.335148,1.191580
94395,-3.822291,1.911146
94396,-1.926590,-0.109562
94397,-3.652478,1.826239
94398,-2.598822,-0.147791
94399,-3.326140,1.781812
94400,-3.911146,1.955573
94401,-2.385621,1.030303
94402,-2.311457,-0.722521
94403,-3.658223,1.449729
94404,-3.652478,1.826239
94405,-3.650504,1.955573
94406,-3.215828,0.698220
94407,-2.116349,-1.634021
94408,-2.098256,0.455573
94409,-2.347897,0.733052
94410,-2.706235,1.449729
94411,-3.650504,1.955573
94412,-2.872277,1.781812
94413,-1.406715,-0.277479
94414,-0.688917,1.781812
94415,-1.026723,1.074730
94416,-2.347897,0.733052
94417,-3.326140,1.781812
94418,-1.922262,1.652478
94419,-3.652478,1.826239
94420,-1.717979,0.733052
94421,-1.306849,1.246980
94422,-2.730682,1.365341
94423,-3.656250,1.579063
94424,-3.335148,1.191580
94425,-3.335148,1.191580
94426,-1.445881,-0.074730
94427,-2.810768,0.142820
94428,-3.167133,0.988831
94429,-2.383160,1.191580
94430,-3.822291,1.911146
94431,-3.304955,1.652478
94432,-2.892753,0.440071
94433,-2.700489,1.826239
94434,-1.466104,0.733052
94435,-0.087490,0.011169
94436,-3.692957,1.652478
94437,-3.692957,1.652478
94438,-3.246980,1.623490
94439,-2.038874,-1.400969
94440,-0.686069,-0.722521
94441,-3.824265,1.781812
94442,-3.232059,0.730682
94443,-3.153395,0.440071
94444,-1.734301,-1.488831
94445,-0.983709,-1.123490
94446,-3.434289,1.911146
94447,-2.835050,1.320914
94448,-2.374152,1.781812
94449,-3.563623,1.781812
94450,-2.015156,0.455573
94451,-2.892753,0.440071
94452,-3.088468,0.698220
94453,-2.598822,-0.147791
94454,-3.692957,1.652478
94455,-1.254687,0.698220
94456,-1.441541,-1.466104
94457,-1.965750,-1.801938
94458,-2.259209,0.777479
94459,-2.106074,-0.658322
94460,0.158759,0.011169
94461,-0.057971,0.603718
94462,-3.656250,1.579063
94463,-2.144490,0.326239
94464,-2.859464,-0.147791
94465,-3.153395,0.440071
94466,-1.775215,0.326239
94467,-2.872277,1.781812
94468,-3.824265,1.781812
94469,-2.334986,1.579063
94470,-2.461033,1.955573
94471,-3.246980,1.623490
94472,-3.215828,0.698220
94473,-2.242359,1.781812
94474,-1.977662,0.988831
94475,-1.731816,1.652478
94476,-2.349870,0.603718
94477,-3.484462,1.623490
94478,-2.810768,0.142820
94479,-2.711958,1.074730
94480,-2.872277,1.781812
94481,-0.784266,0.900969
94482,-3.167133,0.988831
94483,-1.594507,0.222521
94484,-1.120429,-1.721883
94485,-3.102206,1.246980
94486,-2.605388,-0.134659
94487,-2.136480,0.698220
94488,-3.232059,0.730682
94489,-3.102206,1.246980
94490,-3.650504,1.955573
94491,-2.837543,1.579063
94492,-2.598822,-0.147791
94493,-2.259209,0.777479
94494,-3.462508,1.191580
94495,-3.102206,1.246980
94496,-3.694931,1.911146
94497,-2.518736,1.074730
94498,-1.000000,0.500000
94499,-3.095692,1.320914
94500,-2.835050,1.320914
94501,-0.202183,0.733052
94502,-2.116349,-1.634021
94503,-1.309583,-0.955573
94504,-2.294861,-0.367711
94505,-2.311457,-0.722521
94506,-0.604474,-1.123490
94507,-3.095692,1.320914
94508,-3.484462,1.623490
94509,-1.212812,0.093187
94510,-1.921819,-1.889800
94511,-1.933731,0.900969
94512,-3.563623,1.781812
94513,-2.669008,0.988831
94514,-3.333174,1.320914
94515,-1.120429,-1.721883
94516,-0.967322,0.123490
94517,-2.051596,1.911146
94518,-3.123202,0.900969
94519,-2.109756,0.123490
94520,-3.911146,1.955573
94521,-1.039708,-0.623490
94522,-0.718169,-0.658322
94523,-1.039051,0.266948
94524,-4.000000,2.000000
94525,-1.275116,0.455573
94526,-3.324167,1.911146
94527,-1.492359,1.781812
94528,-1.762008,1.191580
94529,-2.730682,1.365341
94530,-3.822291,1.911146
94531,-2.899457,1.449729
94532,-2.873202,0.400969
94533,-0.854474,-0.623490
94534,-3.397582,1.449729
94535,-2.873202,0.400969
94536,-0.911146,0.455573
94537,-1.270918,0.730682
94538,-1.132335,-0.826239
94539,-1.978716,-1.000000
94540,-0.983246,-1.000000
94541,-2.228125,1.365341
94542,-3.427775,0.988831
94543,-3.397582,1.449729
94544,-2.670453,0.603718
94545,-1.005460,-0.955573
94546,-2.261572,-0.955573
94547,-3.167133,0.988831
94548,-3.335148,1.191580
94549,-1.955475,-0.826239
94550,-2.336959,1.449729
94551,-2.176109,0.777479
94552,-3.658223,1.449729
94553,-3.563623,1.781812
94554,-3.335148,1.191580
94555,-3.822291,1.911146
94556,-2.810768,0.142820
94557,-3.826239,1.652478
94558,-3.304955,1.652478
94559,-3.158125,1.579063
94560,-3.911146,1.955573
94561,0.027479,0.777479
94562,-1.648630,-0.277479
94563,-3.152379,1.955573
94564,-2.302521,1.030303
94565,-2.899457,1.449729
94566,-3.866718,2.000000
94567,-3.692957,1.652478
94568,-3.434289,1.911146
94569,-2.993868,1.030303
94570,-2.885719,0.900969
94571,-3.694931,1.911146
94572,-3.333174,1.320914
94573,-3.434289,1.911146
94574,-3.246980,1.623490
94575,-1.794458,-1.889800
94576,-1.637893,1.955573
94577,-2.576901,1.579063
94578,-3.167133,0.988831
94579,-2.302521,1.030303
94580,-3.281713,1.826239
94581,-3.563623,1.781812
94582,-3.088468,0.698220
94583,-2.993868,1.030303
94584,-2.964384,1.191580
94585,-2.872277,1.781812
94586,-3.694931,1.911146
94587,-2.837543,1.579063
94588,-3.866718,2.000000
94589,-3.779838,1.826239
94590,-2.873202,0.400969
94591,-3.427775,0.988831
94592,-1.118740,0.142820
94593,-2.964384,1.191580
94594,-2.394628,0.440071
94595,-3.462508,1.191580
94596,-2.311457,-0.722521
94597,-1.727818,-1.889800
94598,-1.928302,-1.488831
94599,-2.144490,0.326239
94600,-0.317152,-0.033258
94601,-2.711958,1.074730
94602,-2.870469,2.000000
94603,-3.153395,0.440071
94604,-3.281713,1.826239
94605,-2.964384,1.191580
94606,-3.694931,1.911146
94607,-3.650504,1.955573
94608,-3.658223,1.449729
94609,-3.153395,0.440071
94610,-2.141244,1.191580
94611,-1.594507,0.222521
94612,-2.696708,1.652478
94613,-3.167133,0.988831
94614,-3.281713,1.826239
94615,-3.074730,0.149460
94616,-3.194833,1.652478
94617,-3.462508,1.191580
94618,-2.641828,1.320914
94619,-2.371693,1.652478
94620,-3.065499,1.781812
94621,-3.095692,1.320914
94622,-3.427775,0.988831
94623,-2.015156,0.455573
94624,-2.899457,1.449729
94625,-3.694931,1.911146
94626,-3.065499,1.781812
94627,-2.440004,0.142820
94628,-3.623490,1.246980
94629,-3.088468,0.698220
94630,-1.801938,0.900969
94631,-3.866718,2.000000
94632,-3.911146,1.955573
94633,-2.316833,-1.233052
94634,-1.558725,-0.623490
94635,-1.836861,1.579063
94636,-3.158125,1.579063
94637,-2.349870,0.603718
94638,-3.095692,1.320914
94639,-2.826042,1.911146
94640,-1.977662,0.988831
94641,-1.833963,0.093187
94642,-2.859464,-0.147791
94643,-1.132335,-0.826239
94644,-2.844057,0.730682
94645,-1.760035,1.320914
94646,-3.563623,1.781812
94647,-3.911146,1.955573
94648,-2.383160,1.191580
94649,-3.650504,1.955573
94650,-2.730682,1.365341
94651,-3.658223,1.449729
94652,-3.065499,1.781812
94653,-2.347897,0.733052
94654,-2.155959,-0.425270
94655,-2.347897,0.733052
94656,-2.717704,0.698220
94657,-2.899457,1.449729
94658,-0.528520,0.777479
94659,-3.563623,1.781812
94660,-0.974766,1.579063
94661,-3.911146,1.955573
94662,-3.824265,1.781812
94663,-3.335148,1.191580
94664,-2.367905,-0.134659
94665,-3.658223,1.449729
94666,-1.593993,0.988831
94667,-1.466104,0.733052
94668,-2.334986,1.579063
94669,-2.261572,-0.955573
94670,-2.793116,1.623490
94671,-1.466104,0.733052
94672,-2.366718,-1.000000
94673,-2.859464,-0.147791
94674,-3.304955,1.652478
94675,-2.873202,0.400969
94676,-0.388818,-0.425270
94677,-3.194833,1.652478
94678,0.142962,-1.488831
94679,-1.681370,1.030303
94680,-3.167133,0.988831
94681,-1.594507,0.222521
94682,-2.576901,1.579063
94683,-3.281713,1.826239
94684,-3.866718,2.000000
94685,-2.644197,-0.445042
94686,-0.607038,-1.488831
94687,-1.647948,-0.445042
94688,0.770019,-1.211352
94689,-2.899457,1.449729
94690,-3.333174,1.320914
94691,-3.427775,0.988831
94692,-2.110972,-1.123490
94693,-0.417598,-0.367711
94694,-2.883745,1.030303
94695,-1.551938,0.400969
94696,-1.466104,0.733052
94697,-3.153395,0.440071
94698,-3.478716,2.000000
94699,-2.899457,1.449729
94700,-2.598822,-0.147791
94701,-2.383160,1.191580
94702,-3.652478,1.826239
94703,-1.955475,-0.826239
94704,-3.652478,1.826239
94705,-3.563623,1.781812
94706,-3.658223,1.449729
94707,-3.911146,1.955573
94708,-2.844057,0.730682
94709,-2.316833,-1.233052
94710,-1.323809,0.455573
94711,-2.228125,1.365341
94712,-1.926590,-0.109562
94713,-2.316833,-1.233052
94714,-2.899457,1.449729
94715,-3.088468,0.698220
94716,-2.793116,1.623490
94717,-2.696708,1.652478
94718,-3.462508,1.191580
94719,-3.326140,1.781812
94720,-2.635719,0.400969
94721,-2.038874,-1.400969
94722,-3.167133,0.988831
94723,-3.528889,1.579063
94724,-0.867905,1.365341
94725,-1.594507,0.222521
94726,-3.326140,1.781812
94727,-1.574293,-1.721883
94728,-3.158125,1.579063
94729,-2.641828,1.320914
94730,-3.065499,1.781812
94731,-3.563623,1.781812
94732,-1.492359,1.781812
94733,-3.826239,1.652478
94734,-1.955475,-0.826239
94735,-0.285640,0.142820
94736,-1.858780,0.142820
94737,-2.493959,1.246980
94738,-2.394628,0.440071
94739,-3.658223,1.449729
94740,-3.822291,1.911146
94741,-2.334986,1.579063
94742,-2.385621,1.030303
94743,-3.656250,1.579063
94744,-2.493959,1.246980
94745,-3.563623,1.781812
94746,-3.911146,1.955573
94747,-3.563623,1.781812
94748,-2.272552,1.320914
94749,-2.899457,1.449729
94750,-1.558067,-1.233052
94751,-2.598822,-0.147791
94752,-2.964384,1.191580
94753,-2.440004,0.142820
94754,-2.899457,1.449729
94755,-0.939778,-1.211352
94756,-2.065597,-0.826239
94757,-2.670453,0.603718
94758,-3.281713,1.826239
94759,-2.793116,1.623490
94760,-2.109756,0.123490
94761,-1.303596,-1.488831
94762,-1.384971,1.449729
94763,-3.281713,1.826239
94764,-3.694931,1.911146
94765,-2.711958,1.074730
94766,-1.977662,0.988831
94767,-2.892753,0.440071
94768,-3.528889,1.579063
94769,-3.911146,1.955573
94770,-3.528889,1.579063
94771,-3.484462,1.623490
94772,-2.011910,1.320914
94773,-2.892753,0.440071
94774,-1.745664,-1.466104
94775,-3.824265,1.781812
94776,0.986112,-0.365341
94777,-1.396440,0.698220
94778,-3.484462,1.623490
94779,-3.123202,0.900969
94780,-0.880142,0.440071
94781,-1.906779,-0.535628
94782,-3.051264,1.365341
94783,-2.110972,-1.123490
94784,-2.859464,-0.147791
94785,0.249707,0.603718
94786,-2.184738,-0.367711
94787,-0.167082,0.054604
94788,0.080769,0.326239
94789,-3.484462,1.623490
94790,-2.717704,0.698220
94791,-2.730682,1.365341
94792,-2.383160,1.191580
94793,-3.123202,0.900969
94794,-2.941449,0.149460
94795,-2.941449,0.149460
94796,-3.822291,1.911146
94797,-2.336959,1.449729
94798,-3.333174,1.320914
94799,-1.703282,0.440071
94800,-3.652478,1.826239
94801,-2.383160,1.191580
94802,-3.152379,1.955573
94803,-1.396440,0.698220
94804,-2.835050,1.320914
94805,-2.941449,0.149460
94806,-2.892753,0.440071
94807,-2.002903,1.911146
94808,-3.158125,1.579063
94809,-2.883745,1.030303
94810,-1.811776,-1.721883
94811,-2.242359,1.781812
94812,0.938944,0.988831
94813,-2.440004,0.142820
94814,-2.993868,1.030303
94815,-3.528889,1.579063
94816,-2.892753,0.440071
94817,-3.268248,1.579063
94818,-3.281713,1.826239
94819,-1.137418,-1.466104
94820,-3.484462,1.623490
94821,-3.779838,1.826239
94822,-3.246980,1.623490
94823,-3.650504,1.955573
94824,-2.440004,0.142820
94825,-3.692957,1.652478
94826,-3.623490,1.246980
94827,-3.528889,1.579063
94828,-1.466104,0.733052
94829,-3.484462,1.623490
94830,-3.692957,1.652478
94831,-3.911146,1.955573
94832,-3.065499,1.781812
94833,-1.344281,-0.535628
94834,-0.450484,-1.801938
94835,-1.169803,1.911146
94836,-2.541119,0.733052
94837,-3.333174,1.320914
94838,-3.866718,2.000000
94839,-2.793116,1.623490
94840,-3.911146,1.955573
94841,-2.964384,1.191580
94842,-3.427775,0.988831
94843,-2.742943,1.911146
94844,-3.955573,1.911146
94845,-2.670453,0.603718
94846,-3.427775,0.988831
94847,-3.268248,1.579063
94848,-2.518736,1.074730
94849,-3.281713,1.826239
94850,-2.563163,1.030303
94851,-3.095692,1.320914
94852,-0.880142,0.440071
94853,-2.706235,1.449729
94854,-2.576901,1.579063
94855,-3.281713,1.826239
94856,-2.119812,-0.109562
94857,-3.779838,1.826239
94858,-2.837543,1.579063
94859,-2.993868,1.030303
94860,-3.955573,1.911146
94861,-3.694931,1.911146
94862,-3.528889,1.579063
94863,-2.793116,1.623490
94864,-2.553446,0.149460
94865,-3.658223,1.449729
94866,-3.088468,0.698220
94867,-2.641828,1.320914
94868,-3.074730,0.149460
94869,-2.696708,1.652478
94870,-1.349189,0.603718
94871,-1.026723,1.074730
94872,-3.232059,0.730682
94873,-2.670453,0.603718
94874,-1.507653,-1.721883
94875,-3.167133,0.988831
94876,-1.229693,-1.889800
94877,-2.155959,-0.425270
94878,-2.461033,1.955573
94879,-2.336959,1.449729
94880,-2.518736,1.074730
94881,-3.152379,1.955573
94882,-3.623490,1.246980
94883,-2.873202,0.400969
94884,-2.410859,1.246980
94885,-1.413198,1.623490
94886,-1.914041,-0.134659
94887,-2.892753,0.440071
94888,-3.434289,1.911146
94889,-2.461033,1.955573
94890,-2.109756,0.123490
94891,-1.813332,-0.722521
94892,-1.229693,-1.889800
94893,-0.864659,-0.365341
94894,-1.396440,0.698220
94895,-1.149815,1.320914
94896,-3.824265,1.781812
94897,-3.652478,1.826239
94898,-2.430339,0.123490
94899,-2.654083,-0.425270
94900,-3.822291,1.911146
94901,-2.060606,1.030303
94902,-2.941449,0.149460
94903,-3.326140,1.781812
94904,-3.658223,1.449729
94905,-3.365341,0.730682
94906,-2.730682,1.365341
94907,-2.873202,0.400969
94908,-2.670453,0.603718
94909,-2.141244,1.191580
94910,-2.440004,0.142820
94911,-3.333174,1.320914
94912,-2.374152,1.781812
94913,-0.198062,0.099031
94914,-2.717704,0.698220
94915,-2.883745,1.030303
94916,-3.397582,1.449729
94917,-3.152379,1.955573
94918,-3.652478,1.826239
94919,-2.835050,1.320914
94920,-3.065499,1.781812
94921,-2.885719,0.900969
94922,-3.658223,1.449729
94923,-3.326140,1.781812
94924,-3.563623,1.781812
94925,-3.153395,0.440071
94926,-2.155959,-0.425270
94927,-2.780575,0.603718
94928,-3.152379,1.955573
94929,-1.845869,0.988831
94930,-2.060606,1.030303
94931,-3.158125,1.579063
94932,-3.650504,1.955573
94933,-3.563623,1.781812
94934,-2.700489,1.826239
94935,-1.849772,0.733052
94936,-2.493959,1.246980
94937,-3.158125,1.579063
94938,-1.845869,0.988831
94939,-3.911146,1.955573
94940,-2.885719,0.900969
94941,-3.563623,1.781812
94942,-3.158125,1.579063
94943,-2.163198,1.623490
94944,-2.711958,1.074730
94945,-3.822291,1.911146
94946,-3.658223,1.449729
94947,-2.098256,0.455573
94948,-3.652478,1.826239
94949,-3.326140,1.781812
94950,-1.801938,0.900969
94951,-3.333174,1.320914
94952,-3.397582,1.449729
94953,-1.284124,-0.134659
94954,-2.883745,1.030303
94955,-3.652478,1.826239
94956,-1.550062,0.900969
94957,-1.836861,1.579063
94958,-0.066833,-1.233052
94959,-0.462714,-0.277479
94960,-2.563163,1.030303
94961,-1.624178,-1.488831
94962,-0.259807,0.222521
94963,-2.835050,1.320914
94964,-3.333174,1.320914
94965,-3.484462,1.623490
94966,-1.637893,1.955573
94967,-1.960449,1.826239
94968,-2.106074,-0.658322
94969,-1.039708,-0.623490
94970,-2.793116,1.623490
94971,-3.335148,1.191580
94972,-3.335148,1.191580
94973,-3.158125,1.579063
94974,-3.563623,1.781812
94975,-3.822291,1.911146
94976,-3.652478,1.826239
94977,-3.153395,0.440071
94978,-3.650504,1.955573
94979,-3.304955,1.652478
94980,-2.844057,0.730682
94981,-3.153395,0.440071
94982,-3.911146,1.955573
94983,-2.700489,1.826239
94984,-3.822291,1.911146
94985,-3.824265,1.781812
94986,-2.872277,1.781812
94987,-1.568917,-1.211352
94988,-2.316833,-1.233052
94989,-1.727818,-1.889800
94990,-2.518736,1.074730
94991,-2.336959,1.449729
94992,-1.801938,0.900969
94993,-3.528889,1.579063
94994,-3.427775,0.988831
94995,-1.801938,0.900969
94996,-2.005777,-1.721883
94997,-3.123202,0.900969
94998,-3.281713,1.826239
94999,-2.181855,0.400969
95000,-2.208111,1.449729
95001,-3.484462,1.623490
95002,-3.866718,2.000000
95003,-3.484462,1.623490
95004,-2.235810,0.730682
95005,-1.681370,1.030303
95006,-3.824265,1.781812
95007,-1.254687,0.698220
95008,-1.492359,1.781812
95009,-3.281713,1.826239
95010,-2.964384,1.191580
95011,-0.969501,-1.801938
95012,-3.824265,1.781812
95013,-3.563623,1.781812
95014,-2.518736,1.074730
95015,-3.161387,1.365341
95016,-3.153395,0.440071
95017,-2.654083,-0.425270
95018,-3.161387,1.365341
95019,-1.554958,0.777479
95020,-2.883745,1.030303
95021,-3.911146,1.955573
95022,-3.824265,1.781812
95023,-3.333174,1.320914
95024,-3.324167,1.911146
95025,-2.941449,0.149460
95026,-2.641828,1.320914
95027,-3.324167,1.911146
95028,-3.123202,0.900969
95029,-2.654083,-0.425270
95030,-4.000000,2.000000
95031,-1.858780,0.142820
95032,-3.167133,0.988831
95033,-3.158125,1.579063
95034,-1.207436,0.603718
95035,-2.056191,-1.233052
95036,-1.836861,1.579063
95037,-2.899457,1.449729
95038,-3.824265,1.781812
95039,-2.793116,1.623490
95040,-2.347897,0.733052
95041,-1.396440,0.698220
95042,-1.928302,-1.488831
95043,-3.158125,1.579063
95044,-3.158125,1.579063
95045,-3.158125,1.579063
95046,-2.810768,0.142820
95047,-3.095692,1.320914
95048,-2.730682,1.365341
95049,-3.427775,0.988831
95050,-3.826239,1.652478
95051,-3.822291,1.911146
95052,-3.427775,0.988831
95053,-3.911146,1.955573
95054,-3.123202,0.900969
95055,-3.911146,1.955573
95056,-2.793116,1.623490
95057,-2.874250,1.652478
95058,-2.706235,1.449729
95059,-3.427775,0.988831
95060,-3.656250,1.579063
95061,-1.396440,0.698220
95062,-3.824265,1.781812
95063,-2.056191,-1.233052
95064,-1.554958,0.777479
95065,-3.152379,1.955573
95066,-3.652478,1.826239
95067,-3.427775,0.988831
95068,-3.824265,1.781812
95069,-2.669008,0.988831
95070,-3.335148,1.191580
95071,-3.911146,1.955573
95072,-3.826239,1.652478
95073,-0.553817,0.440071
95074,-1.955475,-0.826239
95075,-3.911146,1.955573
95076,-3.911146,1.955573
95077,-2.873202,0.400969
95078,-3.333174,1.320914
95079,-3.484462,1.623490
95080,-1.396440,0.698220
95081,-3.324167,1.911146
95082,-2.272552,1.320914
95083,-3.246980,1.623490
95084,-2.899457,1.449729
95085,-1.551938,0.400969
95086,-3.153395,0.440071
95087,-2.383160,1.191580
95088,-2.793116,1.623490
95089,-2.641828,1.320914
95090,-2.110972,-1.123490
95091,-2.294861,-0.367711
95092,-2.717704,0.698220
95093,-0.700386,1.030303
95094,-2.038874,-1.400969
95095,-1.847313,0.603718
95096,-3.824265,1.781812
95097,-2.208111,1.449729
95098,-3.650504,1.955573
95099,-3.528889,1.579063
95100,-3.281713,1.826239
95101,-3.658223,1.449729
95102,-2.670453,0.603718
95103,-3.167133,0.988831
95104,-1.394005,0.455573
95105,-2.899457,1.449729
95106,-3.694931,1.911146
95107,-2.696708,1.652478
95108,-3.650504,1.955573
95109,-1.601453,0.500000
95110,-2.670453,0.603718
95111,-1.210838,0.222521
95112,-3.333174,1.320914
95113,-3.246980,1.623490
95114,-2.670453,0.603718
95115,-2.872277,1.781812
95116,-2.899457,1.449729
95117,-2.899457,1.449729
95118,-3.434289,1.911146
95119,-2.793116,1.623490
95120,-3.462508,1.191580
95121,-3.268248,1.579063
95122,-2.870469,2.000000
95123,-2.837543,1.579063
95124,-3.563623,1.781812
95125,-2.859464,-0.147791
95126,-2.371693,1.652478
95127,-1.303596,-1.488831
95128,-2.461033,1.955573
95129,-1.072099,0.777479
95130,-2.461033,1.955573
95131,-2.938128,0.142820
95132,-1.988459,-1.889800
95133,-2.810768,0.142820
95134,-2.311457,-0.722521
95135,-0.226309,-0.914101
95136,-1.375695,-1.211352
95137,-1.794458,-1.889800
95138,-0.128499,0.093187
95139,-3.397582,1.449729
95140,-3.281713,1.826239
95141,-2.208111,1.449729
95142,-3.281713,1.826239
95143,-3.268248,1.579063
95144,-3.779838,1.826239
95145,-3.102206,1.246980
95146,-3.563623,1.781812
95147,-3.281713,1.826239
95148,-3.824265,1.781812
95149,-1.681370,1.030303
95150,-1.847313,0.603718
95151,-2.598822,-0.147791
95152,-2.106074,-0.658322
95153,-3.333174,1.320914
95154,-3.434289,1.911146
95155,-3.152379,1.955573
95156,-3.779838,1.826239
95157,-3.911146,1.955573
95158,-2.388932,-0.955573
95159,-1.558725,-0.623490
95160,-2.576901,1.579063
95161,-0.834695,-0.425270
95162,-1.212812,0.093187
95163,-2.844057,0.730682
95164,-2.835050,1.320914
95165,-2.899457,1.449729
95166,-1.554958,0.777479
95167,-3.065499,1.781812
95168,-0.834695,-0.425270
95169,-1.592048,0.093187
95170,-3.694931,1.911146
95171,-2.793116,1.623490
95172,-3.152379,1.955573
95173,-1.824442,1.449729
95174,-3.911146,1.955573
95175,-3.911146,1.955573
95176,-3.658223,1.449729
95177,-3.427775,0.988831
95178,-2.870469,2.000000
95179,-1.550062,0.900969
95180,-2.337712,0.326239
95181,-2.038874,-1.400969
95182,-2.964384,1.191580
95183,-2.461033,1.955573
95184,-2.336959,1.449729
95185,-3.824265,1.781812
95186,-2.669008,0.988831
95187,-2.311457,-0.722521
95188,-1.524320,-0.914101
95189,-2.056191,-1.233052
95190,-2.261572,-0.955573
95191,-2.056191,-1.233052
95192,-3.152379,1.955573
95193,-3.822291,1.911146
95194,-3.656250,1.579063
95195,-3.652478,1.826239
95196,-3.824265,1.781812
95197,-1.557314,-0.109562
95198,-3.824265,1.781812
95199,-3.215828,0.698220
95200,-2.493959,1.246980
95201,-3.563623,1.781812
95202,-2.208111,1.449729
95203,-0.718169,-0.658322
95204,-2.336959,1.449729
95205,-2.060606,1.030303
95206,-1.022292,-0.658322
95207,-2.343556,-0.658322
95208,-2.430339,0.123490
95209,-3.326140,1.781812
95210,-1.214222,1.449729
95211,-1.652210,-0.658322
95212,0.180972,-0.033258
95213,-2.430339,0.123490
95214,-3.652478,1.826239
95215,-3.911146,1.955573
95216,-3.158125,1.579063
95217,-2.383160,1.191580
95218,-2.717704,0.698220
95219,-2.717704,0.698220
95220,-3.563623,1.781812
95221,-3.911146,1.955573
95222,-2.349870,0.603718
95223,-1.965750,-1.801938
95224,-1.877888,-1.977662
95225,-2.835050,1.320914
95226,-3.658223,1.449729
95227,-3.215828,0.698220
95228,-2.155959,-0.425270
95229,-1.811776,-1.721883
95230,-0.916907,-0.365341
95231,-1.027479,-0.277479
95232,-2.670453,0.603718
95233,-2.670453,0.603718
95234,-3.051264,1.365341
95235,-2.119812,-0.109562
95236,-2.394628,0.440071
95237,-1.062213,-0.074730
95238,0.003294,0.093187
95239,-0.824281,-0.162592
95240,-0.151626,1.579063
95241,-4.000000,2.000000
95242,-3.324167,1.911146
95243,-2.336959,1.449729
95244,-3.652478,1.826239
95245,-0.600619,0.222521
95246,-1.695108,1.579063
95247,-2.993868,1.030303
95248,-2.742943,1.911146
95249,-3.397582,1.449729
95250,-2.106074,-0.658322
95251,-3.528889,1.579063
95252,-3.268248,1.579063
95253,-1.420728,1.030303
95254,-1.661706,-1.634021
95255,-1.624178,-1.488831
95256,-2.730682,1.365341
95257,-1.637893,1.955573
95258,-2.149460,1.074730
95259,-1.727818,-1.889800
95260,-2.109756,0.123490
95261,-1.118740,0.142820
95262,-0.117905,-0.134659
95263,-1.236955,-1.488831
95264,-2.598822,-0.147791
95265,-0.121146,-0.425270
95266,0.044302,0.011169
95267,-3.152379,1.955573
95268,-2.696708,1.652478
95269,-2.576901,1.579063
95270,-3.153395,0.440071
95271,-3.650504,1.955573
95272,-3.167133,0.988831
95273,-2.394628,0.440071
95274,-3.462508,1.191580
95275,-0.583781,0.500000
95276,-0.272729,0.988831
95277,-0.861260,0.222521
95278,-3.088468,0.698220
95279,-2.136480,0.698220
95280,-2.870469,2.000000
95281,-2.706235,1.449729
95282,-0.823226,0.326239
95283,-2.706235,1.449729
95284,-3.650504,1.955573
95285,-3.955573,1.911146
95286,-1.977662,0.988831
95287,1.656394,-1.977662
95288,-0.260824,0.093187
95289,-3.333174,1.320914
95290,-2.835050,1.320914
95291,-2.874250,1.652478
95292,-2.899457,1.449729
95293,-2.635719,0.400969
95294,-2.874250,1.652478
95295,-3.824265,1.781812
95296,-3.911146,1.955573
95297,-1.926590,-0.109562
95298,-3.490208,1.246980
95299,-3.427775,0.988831
95300,-2.654083,-0.425270
95301,-0.831764,-0.535628
95302,-3.161387,1.365341
95303,-3.326140,1.781812
95304,-2.605388,-0.134659
95305,-3.826239,1.652478
95306,0.117750,0.093187
95307,-0.346845,-1.400969
95308,-0.039162,-0.722521
95309,-1.357582,-1.634021
95310,-0.831764,-0.535628
95311,-0.088566,-1.634021
95312,-2.885719,0.900969
95313,-2.493959,1.246980
95314,-3.658223,1.449729
95315,-3.658223,1.449729
95316,-3.326140,1.781812
95317,-2.835050,1.320914
95318,-3.246980,1.623490
95319,0.747661,1.246980
95320,0.166876,-0.109562
95321,0.484750,0.900969
95322,-2.837543,1.579063
95323,-3.955573,1.911146
95324,-1.551938,0.400969
95325,-3.563623,1.781812
95326,-3.779838,1.826239
95327,-3.866718,2.000000
95328,-2.837543,1.579063
95329,-2.056191,-1.233052
95330,-0.066833,-1.233052
95331,-2.228125,1.365341
95332,-0.128499,0.093187
95333,-3.065499,1.781812
95334,-2.964384,1.191580
95335,-3.824265,1.781812
95336,-3.955573,1.911146
95337,-0.801938,0.400969
95338,-0.569543,-0.955573
95339,-2.541119,0.733052
95340,-2.540461,0.123490
95341,-1.557314,-0.109562
95342,-2.110972,-1.123490
95343,-2.641828,1.320914
95344,-1.445133,0.698220
95345,-2.466259,1.191580
95346,-2.347897,0.733052
95347,-0.586211,-0.147791
95348,-2.440004,0.142820
95349,-1.934194,0.777479
95350,-1.466104,0.733052
95351,0.123782,-0.147791
95352,-3.484462,1.623490
95353,-3.281713,1.826239
95354,-3.658223,1.449729
95355,-1.965750,-1.801938
95356,-3.123202,0.900969
95357,-1.955475,-0.826239
95358,-2.730682,1.365341
95359,-3.304955,1.652478
95360,-2.374152,1.781812
95361,-3.652478,1.826239
95362,-2.844057,0.730682
95363,-3.304955,1.652478
95364,-3.656250,1.579063
95365,-3.158125,1.579063
95366,-2.098256,0.455573
95367,-2.208111,1.449729
95368,-1.594507,0.222521
95369,-2.349870,0.603718
95370,-1.878417,-1.721883
95371,-3.324167,1.911146
95372,-2.706235,1.449729
95373,-3.490208,1.246980
95374,-3.153395,0.440071
95375,-3.095692,1.320914
95376,-2.493959,1.246980
95377,-0.132608,-0.535628
95378,-3.484462,1.623490
95379,-2.242359,1.781812
95380,-0.490512,-1.721883
95381,-1.375695,-1.211352
95382,-3.563623,1.781812
95383,-3.528889,1.579063
95384,-2.742943,1.911146
95385,-2.259209,0.777479
95386,-3.397582,1.449729
95387,-0.496901,0.326239
95388,-0.928928,-1.233052
95389,-2.793116,1.623490
95390,-3.158125,1.579063
95391,-2.383160,1.191580
95392,-3.490208,1.246980
95393,-1.977662,0.988831
95394,-3.563623,1.781812
95395,-3.652478,1.826239
95396,-2.899457,1.449729
95397,-2.700489,1.826239
95398,-2.700489,1.826239
95399,-3.911146,1.955573
95400,-2.334986,1.579063
95401,-3.427775,0.988831
95402,-3.153395,0.440071
95403,-3.326140,1.781812
95404,-1.636943,1.074730
95405,-3.153395,0.440071
95406,-2.431855,0.900969
95407,-3.326140,1.781812
95408,-2.883745,1.030303
95409,-1.279149,1.191580
95410,-3.333174,1.320914
95411,-3.779838,1.826239
95412,-3.281713,1.826239
95413,-3.824265,1.781812
95414,-2.605388,-0.134659
95415,-2.461033,1.955573
95416,-3.462508,1.191580
95417,-3.246980,1.623490
95418,-3.779838,1.826239
95419,-1.845869,0.988831
95420,-3.152379,1.955573
95421,-3.051264,1.365341
95422,-0.270784,0.093187
95423,-3.779838,1.826239
95424,-3.955573,1.911146
95425,-3.246980,1.623490
95426,-2.641828,1.320914
95427,-1.420728,1.030303
95428,-3.194833,1.652478
95429,-3.397582,1.449729
95430,-2.872277,1.781812
95431,-2.598822,-0.147791
95432,-1.116526,0.733052
95433,-3.694931,1.911146
95434,-2.835050,1.320914
95435,-2.056191,-1.233052
95436,-3.563623,1.781812
95437,-3.123202,0.900969
95438,-3.652478,1.826239
95439,-3.333174,1.320914
95440,-3.065499,1.781812
95441,-3.652478,1.826239
95442,0.269318,-0.134659
95443,-3.484462,1.623490
95444,-2.883745,1.030303
95445,-0.408062,-0.162592
95446,-3.478716,2.000000
95447,-1.977662,0.988831
95448,-3.650504,1.955573
95449,-3.158125,1.579063
95450,-2.011169,-1.977662
95451,-1.855707,-1.634021
95452,-0.709168,-0.914101
95453,-1.349189,0.603718
95454,-3.232059,0.730682
95455,-2.461033,1.955573
95456,-3.462508,1.191580
95457,-3.123202,0.900969
95458,-3.268248,1.579063
95459,-3.152379,1.955573
95460,0.369625,0.093187
95461,-1.855707,-1.634021
95462,-1.873040,-1.211352
95463,-2.717704,0.698220
95464,-3.304955,1.652478
95465,-3.304955,1.652478
95466,-2.430339,0.123490
95467,-2.635719,0.400969
95468,-3.158125,1.579063
95469,-2.493959,1.246980
95470,-2.899457,1.449729
95471,-3.656250,1.579063
95472,-3.822291,1.911146
95473,-2.541119,0.733052
95474,-3.304955,1.652478
95475,-3.065499,1.781812
95476,-2.163198,1.623490
95477,-2.859464,-0.147791
95478,-1.309583,-0.955573
95479,-2.349870,0.603718
95480,-3.123202,0.900969
95481,-1.116526,0.733052
95482,-3.822291,1.911146
95483,-3.095692,1.320914
95484,-3.656250,1.579063
95485,-3.650504,1.955573
95486,-0.272729,0.988831
95487,-3.158125,1.579063
95488,-2.844057,0.730682
95489,-1.637893,1.955573
95490,-2.383160,1.191580
95491,-2.810768,0.142820
95492,-2.859464,-0.147791
95493,-0.928928,-1.233052
95494,-0.926428,-1.721883
95495,-1.717542,-0.914101
95496,-3.692957,1.652478
95497,-3.268248,1.579063
95498,-2.109756,0.123490
95499,-1.873040,-1.211352
95500,-1.760035,1.320914
95501,-2.011910,1.320914
95502,-2.711958,1.074730
95503,-2.730682,1.365341
95504,-3.650504,1.955573
95505,-3.824265,1.781812
95506,-1.813332,-0.722521
95507,-3.822291,1.911146
95508,-3.397582,1.449729
95509,-1.978621,0.733052
95510,-3.824265,1.781812
95511,-3.563623,1.781812
95512,-3.911146,1.955573
95513,-2.493959,1.246980
95514,-2.056191,-1.233052
95515,-2.431855,0.900969
95516,-4.000000,2.000000
95517,-3.650504,1.955573
95518,-1.127350,1.826239
95519,-2.717704,0.698220
95520,-0.207271,1.246980
95521,-0.496114,1.320914
95522,-2.383160,1.191580
95523,-3.563623,1.781812
95524,-1.127350,1.826239
95525,-1.773241,0.455573
95526,-3.563623,1.781812
95527,-2.899457,1.449729
95528,-3.652478,1.826239
95529,-3.911146,1.955573
95530,-3.822291,1.911146
95531,-2.892753,0.440071
95532,-3.304955,1.652478
95533,-3.656250,1.579063
95534,-2.518736,1.074730
95535,-1.409351,-0.147791
95536,-3.650504,1.955573
95537,-2.430339,0.123490
95538,-3.167133,0.988831
95539,-0.319126,-0.162592
95540,-2.742943,1.911146
95541,-3.152379,1.955573
95542,-3.528889,1.579063
95543,-1.890808,-0.955573
95544,-0.779516,-0.535628
95545,-2.641828,1.320914
95546,-2.302521,1.030303
95547,-3.333174,1.320914
95548,0.414537,0.266948
95549,0.219124,-0.109562
95550,-3.153395,0.440071
95551,-0.153316,0.142820
95552,-3.123202,0.900969
95553,-2.518736,1.074730
95554,0.432157,-0.535628
95555,-3.153395,0.440071
95556,-1.695108,1.579063
95557,-2.837543,1.579063
95558,-0.044541,-0.074730
95559,-1.507653,-1.721883
95560,-1.775215,0.326239
95561,-1.794458,-1.889800
95562,-1.717542,-0.914101
95563,-2.873202,0.400969
95564,-2.466259,1.191580
95565,-3.095692,1.320914
95566,-3.694931,1.911146
95567,-1.330319,-0.914101
95568,-2.526723,-0.425270
95569,-2.410859,1.246980
95570,-2.163198,1.623490
95571,-1.977662,0.988831
95572,0.786998,0.400969
95573,-2.706235,1.449729
95574,-2.563163,1.030303
95575,-2.109756,0.123490
95576,-2.184738,-0.367711
95577,-1.308725,-1.123490
95578,-0.462714,-0.277479
95579,-2.654083,-0.425270
95580,-1.855707,-1.634021
95581,-2.109756,0.123490
95582,-0.563340,0.698220
95583,-0.159449,-0.109562
95584,0.763733,-1.123490
95585,-2.899457,1.449729
95586,-3.304955,1.652478
95587,-3.324167,1.911146
95588,-3.656250,1.579063
95589,-3.822291,1.911146
95590,-3.246980,1.623490
95591,-3.822291,1.911146
95592,1.425270,0.149460
95593,-1.396440,0.698220
95594,-2.366718,-1.000000
95595,-0.828209,-0.535628
95596,0.181486,0.733052
95597,-1.116526,0.733052
95598,-2.874250,1.652478
95599,-3.335148,1.191580
95600,-1.731816,1.652478
95601,-3.822291,1.911146
95602,-3.158125,1.579063
95603,-3.650504,1.955573
95604,-2.256195,-0.445042
95605,-1.568917,-1.211352
95606,-1.474108,-1.400969
95607,-2.065597,-0.826239
95608,-2.316833,-1.233052
95609,-2.885719,0.900969
95610,-3.656250,1.579063
95611,0.632862,-0.162592
95612,-2.885719,0.900969
95613,-3.167133,0.988831
95614,-0.065277,-0.033258
95615,-1.088404,-0.914101
95616,-1.762918,-1.211352
95617,-1.507653,-1.721883
95618,-2.242359,1.781812
95619,-3.462508,1.191580
95620,-2.431855,0.900969
95621,-2.367905,-0.134659
95622,-1.794458,-1.889800
95623,-2.388932,-0.955573
95624,-1.070127,-0.826239
95625,-3.158125,1.579063
95626,-2.461033,1.955573
95627,-2.873202,0.400969
95628,-2.336959,1.449729
95629,-1.836861,1.579063
95630,-3.365341,0.730682
95631,-3.167133,0.988831
95632,-3.324167,1.911146
95633,-3.158125,1.579063
95634,-2.883745,1.030303
95635,-3.652478,1.826239
95636,-3.335148,1.191580
95637,-3.911146,1.955573
95638,-1.928302,-1.488831
95639,-1.944528,-1.977662
95640,-3.158125,1.579063
95641,-2.060606,1.030303
95642,-2.859464,-0.147791
95643,-3.333174,1.320914
95644,-1.601453,0.500000
95645,0.873269,-0.914101
95646,-1.409351,-0.147791
95647,-2.311457,-0.722521
95648,-1.873490,-1.123490
95649,-0.032308,-0.914101
95650,-0.860591,0.400969
95651,-3.326140,1.781812
95652,-2.706235,1.449729
95653,-2.826042,1.911146
95654,-3.158125,1.579063
95655,-2.730682,1.365341
95656,-2.859464,-0.147791
95657,-3.158125,1.579063
95658,-3.822291,1.911146
95659,-1.314088,-0.074730
95660,-3.911146,1.955573
95661,-2.261572,-0.955573
95662,-2.343556,-0.658322
95663,-2.696708,1.652478
95664,-3.051264,1.365341
95665,-2.641828,1.320914
95666,-1.593993,0.988831
95667,-3.102206,1.246980
95668,-2.119812,-0.109562
95669,-0.710661,0.054604
95670,-1.554958,0.777479
95671,-3.824265,1.781812
95672,-3.658223,1.449729
95673,-2.730682,1.365341
95674,-2.835050,1.320914
95675,-1.344281,-0.535628
95676,-2.711958,1.074730
95677,-3.563623,1.781812
95678,-3.694931,1.911146
95679,-2.011169,-1.977662
95680,-1.303596,-1.488831
95681,-1.934194,0.777479
95682,-1.607199,0.123490
95683,-3.158125,1.579063
95684,-2.181855,0.400969
95685,-2.730682,1.365341
95686,-1.926590,-0.109562
95687,-3.246980,1.623490
95688,-2.334986,1.579063
95689,-1.858780,0.142820
95690,-0.266837,-0.445042
95691,-1.594507,0.222521
95692,-3.484462,1.623490
95693,-2.431855,0.900969
95694,-2.100697,-0.147791
95695,-3.563623,1.781812
95696,-3.563623,1.781812
95697,-3.215828,0.698220
95698,-3.490208,1.246980
95699,-1.406715,-0.277479
95700,-2.810768,0.142820
95701,-2.826042,1.911146
95702,-3.652478,1.826239
95703,-3.656250,1.579063
95704,-3.824265,1.781812
95705,-3.652478,1.826239
95706,-3.826239,1.652478
95707,-3.652478,1.826239
95708,-1.275116,0.455573
95709,-1.624178,-1.488831
95710,-0.926428,-1.721883
95711,-1.384971,1.449729
95712,-3.158125,1.579063
95713,-3.563623,1.781812
95714,-1.349578,0.500000
95715,-1.864156,-0.367711
95716,-2.793116,1.623490
95717,-1.762008,1.191580
95718,-3.822291,1.911146
95719,-3.304955,1.652478
95720,-3.650504,1.955573
95721,-2.334986,1.579063
95722,-2.343556,-0.658322
95723,-1.988459,-1.889800
95724,-3.652478,1.826239
95725,-3.326140,1.781812
95726,-2.176109,0.777479
95727,-2.892753,0.440071
95728,-2.885719,0.900969
95729,-2.641828,1.320914
95730,-3.563623,1.781812
95731,-3.153395,0.440071
95732,-3.161387,1.365341
95733,-3.427775,0.988831
95734,-3.158125,1.579063
95735,-2.899457,1.449729
95736,-1.229497,0.266948
95737,-2.383160,1.191580
95738,-3.304955,1.652478
95739,-1.588247,1.365341
95740,-3.650504,1.955573
95741,-3.563623,1.781812
95742,-3.656250,1.579063
95743,-3.326140,1.781812
95744,-3.822291,1.911146
95745,-2.261572,-0.955573
95746,-1.727818,-1.889800
95747,-3.563623,1.781812
95748,-3.822291,1.911146
95749,-2.872277,1.781812
95750,-1.849772,0.733052
95751,-1.652210,-0.658322
95752,-3.478716,2.000000
95753,-1.558067,-1.233052
95754,-2.116349,-1.634021
95755,-1.534266,-1.801938
95756,-2.563163,1.030303
95757,-2.106074,-0.658322
95758,-1.717979,0.733052
95759,-3.167133,0.988831
95760,-3.194833,1.652478
95761,-2.136480,0.698220
95762,-3.658223,1.449729
95763,-3.955573,1.911146
95764,-3.326140,1.781812
95765,-3.268248,1.579063
95766,-3.123202,0.900969
95767,-3.246980,1.623490
95768,-2.576901,1.579063
95769,-3.397582,1.449729
95770,-1.210838,0.222521
95771,-2.635719,0.400969
95772,-1.934194,0.777479
95773,-1.492359,1.781812
95774,-1.695108,1.579063
95775,-1.636943,1.074730
95776,-2.711958,1.074730
95777,-3.911146,1.955573
95778,-2.394628,0.440071
95779,-2.336959,1.449729
95780,-3.153395,0.440071
95781,-3.650504,1.955573
95782,-3.528889,1.579063
95783,-3.333174,1.320914
95784,-2.873202,0.400969
95785,-0.383765,0.603718
95786,-2.641828,1.320914
95787,-1.229693,-1.889800
95788,-1.330319,-0.914101
95789,-1.236955,-1.488831
95790,-2.872277,1.781812
95791,-2.793116,1.623490
95792,-3.652478,1.826239
95793,-3.335148,1.191580
95794,-1.978621,0.733052
95795,-3.215828,0.698220
95796,-3.822291,1.911146
95797,-2.730682,1.365341
95798,-3.158125,1.579063
95799,-2.383160,1.191580
95800,-2.892753,0.440071
95801,-3.824265,1.781812
95802,-3.304955,1.652478
95803,-3.158125,1.579063
95804,-3.304955,1.652478
95805,-3.911146,1.955573
95806,-2.385621,1.030303
95807,-3.397582,1.449729
95808,-2.060606,1.030303
95809,-3.304955,1.652478
95810,-1.466104,0.733052
95811,-3.158125,1.579063
95812,-2.374152,1.781812
95813,-3.652478,1.826239
95814,-1.845869,0.988831
95815,-2.711958,1.074730
95816,-3.397582,1.449729
95817,-0.285640,0.142820
95818,-1.051938,0.900969
95819,-3.484462,1.623490
95820,-3.324167,1.911146
95821,-4.000000,2.000000
95822,-2.859464,-0.147791
95823,-1.132335,-0.826239
95824,-3.335148,1.191580
95825,-3.326140,1.781812
95826,-2.883745,1.030303
95827,-2.700489,1.826239
95828,-3.158125,1.579063
95829,-0.121453,0.730682
95830,-2.885719,0.900969
95831,0.629308,-0.162592
95832,-2.892753,0.440071
95833,-2.181855,0.400969
95834,-1.349578,0.500000
95835,-0.298846,-0.722521
95836,-1.717979,0.733052
95837,-3.779838,1.826239
95838,-3.326140,1.781812
95839,-2.518736,1.074730
95840,-3.434289,1.911146
95841,-3.434289,1.911146
95842,-2.899457,1.449729
95843,-3.194833,1.652478
95844,-3.692957,1.652478
95845,-1.801938,0.900969
95846,-3.650504,1.955573
95847,-2.316833,-1.233052
95848,-3.153395,0.440071
95849,-0.131104,1.365341
95850,-1.717979,0.733052
95851,-1.200484,0.900969
95852,-2.899457,1.449729
95853,-1.717542,-0.914101
95854,-1.607199,0.123490
95855,-3.246980,1.623490
95856,-3.484462,1.623490
95857,-1.813332,-0.722521
95858,-3.652478,1.826239
95859,-1.926590,-0.109562
95860,-3.650504,1.955573
95861,-2.144490,0.326239
95862,-3.824265,1.781812
95863,-3.397582,1.449729
95864,-2.383160,1.191580
95865,-2.669008,0.988831
95866,-2.100697,-0.147791
95867,-3.158125,1.579063
95868,-2.700489,1.826239
95869,-2.493959,1.246980
95870,-2.872277,1.781812
95871,-3.158125,1.579063
95872,-3.656250,1.579063
95873,-3.484462,1.623490
95874,-2.208111,1.449729
95875,-3.324167,1.911146
95876,-2.874250,1.652478
95877,-3.656250,1.579063
95878,-3.161387,1.365341
95879,-3.650504,1.955573
95880,-2.711958,1.074730
95881,-1.773241,0.455573
95882,-2.383160,1.191580
95883,-3.158125,1.579063
95884,-1.607199,0.123490
95885,-1.132335,-0.826239
95886,-1.551584,-1.634021
95887,-0.926428,-1.721883
95888,-3.656250,1.579063
95889,-0.801938,0.400969
95890,-2.311457,-0.722521
95891,-3.650504,1.955573
95892,-3.563623,1.781812
95893,-2.885719,0.900969
95894,-3.335148,1.191580
95895,-1.344281,-0.535628
95896,-1.824442,1.449729
95897,-0.810020,1.191580
95898,-3.158125,1.579063
95899,-3.656250,1.579063
95900,-3.326140,1.781812
95901,-3.152379,1.955573
95902,-3.658223,1.449729
95903,-1.624178,-1.488831
95904,-2.730682,1.365341
95905,-1.314088,-0.074730
95906,-2.155959,-0.425270
95907,-1.080402,-1.801938
95908,-3.824265,1.781812
95909,-2.859464,-0.147791
95910,-1.858780,0.142820
95911,-2.899457,1.449729
95912,-1.300576,-0.365341
95913,-2.311457,-0.722521
95914,-2.899457,1.449729
95915,-3.088468,0.698220
95916,-1.062213,-0.074730
95917,-3.065499,1.781812
95918,-2.899457,1.449729
95919,-3.866718,2.000000
95920,-0.544316,-0.722521
95921,-0.544620,-0.277479
95922,-2.700489,1.826239
95923,-2.941449,0.149460
95924,-3.822291,1.911146
95925,-3.427775,0.988831
95926,-3.215828,0.698220
95927,-2.374152,1.781812
95928,-3.822291,1.911146
95929,-1.551012,1.781812
95930,-0.490512,-1.721883
95931,-2.635719,0.400969
95932,-0.109208,0.054604
95933,-0.309692,0.455573
95934,-3.304955,1.652478
95935,-2.056191,-1.233052
95936,-3.650504,1.955573
95937,-1.588247,1.365341
95938,-3.326140,1.781812
95939,-2.641828,1.320914
95940,-2.835050,1.320914
95941,0.859756,-0.623490
95942,-1.977662,0.988831
95943,-3.563623,1.781812
95944,-3.246980,1.623490
95945,-2.051596,1.911146
95946,-2.793116,1.623490
95947,-2.938128,0.142820
95948,-2.133667,-1.466104
95949,-2.144490,0.326239
95950,-2.431855,0.900969
95951,-3.427775,0.988831
95952,-2.873202,0.400969
95953,-3.484462,1.623490
95954,-3.324167,1.911146
95955,-1.933731,0.900969
95956,-3.911146,1.955573
95957,-2.149460,1.074730
95958,-2.605388,-0.134659
95959,-1.847313,0.603718
95960,-3.462508,1.191580
95961,-3.051264,1.365341
95962,-3.824265,1.781812
95963,-2.440004,0.142820
95964,-3.650504,1.955573
95965,-1.695108,1.579063
95966,-2.410859,1.246980
95967,-2.793116,1.623490
95968,-3.824265,1.781812
95969,-3.563623,1.781812
95970,-3.123202,0.900969
95971,-3.051264,1.365341
95972,-2.136480,0.698220
95973,-3.658223,1.449729
95974,-3.779838,1.826239
95975,-3.051264,1.365341
95976,-2.141244,1.191580
95977,-3.281713,1.826239
95978,-3.462508,1.191580
95979,-3.484462,1.623490
95980,-3.694931,1.911146
95981,-2.837543,1.579063
95982,-2.302521,1.030303
95983,-3.658223,1.449729
95984,-2.899457,1.449729
95985,-3.194833,1.652478
95986,-3.102206,1.246980
95987,-3.088468,0.698220
95988,-3.528889,1.579063
95989,-2.553446,0.149460
95990,-2.837543,1.579063
95991,-3.658223,1.449729
95992,-2.100697,-0.147791
95993,-3.232059,0.730682
95994,-3.281713,1.826239
95995,-2.242359,1.781812
95996,-1.733246,0.500000
95997,-3.528889,1.579063
95998,-0.916907,-0.365341
95999,-2.116349,-1.634021
96000,-1.824442,1.449729
96001,-2.466259,1.191580
96002,-3.074730,0.149460
96003,-2.605388,-0.134659
96004,-3.397582,1.449729
96005,-2.334986,1.579063
96006,-2.349870,0.603718
96007,-2.334986,1.579063
96008,-1.198511,1.030303
96009,-3.246980,1.623490
96010,-2.493959,1.246980
96011,0.575655,0.455573
96012,-3.623490,1.246980
96013,-3.528889,1.579063
96014,-3.650504,1.955573
96015,-0.009807,-0.277479
96016,0.130578,0.142820
96017,-3.167133,0.988831
96018,-0.528520,0.777479
96019,-2.149460,1.074730
96020,-3.490208,1.246980
96021,-3.652478,1.826239
96022,-1.554958,0.777479
96023,-0.735570,1.191580
96024,-3.335148,1.191580
96025,-2.885719,0.900969
96026,-3.326140,1.781812
96027,-1.733246,0.500000
96028,-1.727818,-1.889800
96029,-2.598822,-0.147791
96030,-3.065499,1.781812
96031,-3.152379,1.955573
96032,-3.095692,1.320914
96033,-1.466104,0.733052
96034,-2.110972,-1.123490
96035,-0.718169,-0.658322
96036,-0.197601,-0.033258
96037,-3.152379,1.955573
96038,-0.650969,0.099031
96039,-2.235810,0.730682
96040,-2.208111,1.449729
96041,-2.793116,1.623490
96042,-2.670453,0.603718
96043,-3.955573,1.911146
96044,-1.933731,0.900969
96045,-3.911146,1.955573
96046,-3.824265,1.781812
96047,-2.837543,1.579063
96048,-1.978716,-1.000000
96049,-2.899457,1.449729
96050,-2.885719,0.900969
96051,-2.235810,0.730682
96052,-0.643478,-0.033258
96053,-1.906779,-0.535628
96054,-2.892753,0.440071
96055,-3.563623,1.781812
96056,-2.700489,1.826239
96057,-3.656250,1.579063
96058,-3.911146,1.955573
96059,-2.883745,1.030303
96060,-2.110972,-1.123490
96061,-2.899457,1.449729
96062,-3.158125,1.579063
96063,-3.822291,1.911146
96064,-3.215828,0.698220
96065,-2.311457,-0.722521
96066,-3.650504,1.955573
96067,-2.899457,1.449729
96068,-3.484462,1.623490
96069,-3.652478,1.826239
96070,-3.658223,1.449729
96071,-3.246980,1.623490
96072,-2.385621,1.030303
96073,-1.462714,0.222521
96074,-0.001379,-0.367711
96075,-3.088468,0.698220
96076,-3.167133,0.988831
96077,-3.281713,1.826239
96078,-2.431855,0.900969
96079,-1.551012,1.781812
96080,-2.540461,0.123490
96081,-3.051264,1.365341
96082,-2.440004,0.142820
96083,-3.095692,1.320914
96084,-3.427775,0.988831
96085,-1.849772,0.733052
96086,-3.484462,1.623490
96087,-3.397582,1.449729
96088,-3.095692,1.320914
96089,-2.576901,1.579063
96090,-3.326140,1.781812
96091,-3.065499,1.781812
96092,-3.088468,0.698220
96093,-3.528889,1.579063
96094,-2.051596,1.911146
96095,-3.911146,1.955573
96096,-3.102206,1.246980
96097,-3.528889,1.579063
96098,-3.779838,1.826239
96099,-3.123202,0.900969
96100,-2.873202,0.400969
96101,-3.911146,1.955573
96102,-1.643120,1.191580
96103,-2.892753,0.440071
96104,-3.268248,1.579063
96105,-3.268248,1.579063
96106,-3.911146,1.955573
96107,-3.462508,1.191580
96108,-0.336881,-0.826239
96109,0.073974,-0.445042
96110,-3.215828,0.698220
96111,-2.347897,0.733052
96112,-3.563623,1.781812
96113,-1.801938,0.900969
96114,-3.215828,0.698220
96115,-2.493959,1.246980
96116,-1.445881,-0.074730
96117,-3.427775,0.988831
96118,-2.383160,1.191580
96119,-2.793116,1.623490
96120,-3.215828,0.698220
96121,-3.167133,0.988831
96122,-2.337712,0.326239
96123,-2.635719,0.400969
96124,-1.524320,-0.914101
96125,-3.656250,1.579063
96126,0.080769,0.326239
96127,-1.121986,-0.722521
96128,-3.335148,1.191580
96129,-3.335148,1.191580
96130,-2.431855,0.900969
96131,-0.764573,0.326239
96132,-2.810768,0.142820
96133,-2.706235,1.449729
96134,-2.874250,1.652478
96135,-1.026723,1.074730
96136,-2.366718,-1.000000
96137,-1.461364,0.730682
96138,-3.822291,1.911146
96139,-2.730682,1.365341
96140,-3.822291,1.911146
96141,-2.669008,0.988831
96142,-2.605388,-0.134659
96143,-2.654083,-0.425270
96144,-2.261572,-0.955573
96145,-1.397882,0.603718
96146,-1.179763,1.911146
96147,-1.236955,-1.488831
96148,-1.236955,-1.488831
96149,-1.149815,1.320914
96150,-2.964384,1.191580
96151,-3.563623,1.781812
96152,-2.015156,0.455573
96153,-2.526723,-0.425270
96154,-0.231828,0.093187
96155,0.231673,-0.134659
96156,-1.965750,-1.801938
96157,-2.367905,-0.134659
96158,-0.569543,-0.955573
96159,-1.745664,-1.466104
96160,-2.367905,-0.134659
96161,-3.490208,1.246980
96162,-2.337712,0.326239
96163,-3.656250,1.579063
96164,-3.656250,1.579063
96165,-2.899457,1.449729
96166,-2.826042,1.911146
96167,-3.365341,0.730682
96168,-2.168944,1.246980
96169,-1.116526,0.733052
96170,-0.821489,0.440071
96171,-3.822291,1.911146
96172,-3.335148,1.191580
96173,-3.065499,1.781812
96174,-3.911146,1.955573
96175,-3.215828,0.698220
96176,-2.635719,0.400969
96177,-1.683887,-1.977662
96178,-3.484462,1.623490
96179,-2.461033,1.955573
96180,-3.397582,1.449729
96181,-2.669008,0.988831
96182,-2.835050,1.320914
96183,-3.650504,1.955573
96184,-3.397582,1.449729
96185,-3.194833,1.652478
96186,-2.410859,1.246980
96187,-2.347897,0.733052
96188,-3.528889,1.579063
96189,-3.153395,0.440071
96190,-2.837543,1.579063
96191,-3.427775,0.988831
96192,-3.692957,1.652478
96193,-3.427775,0.988831
96194,-3.088468,0.698220
96195,-2.873202,0.400969
96196,-1.762918,-1.211352
96197,-3.824265,1.781812
96198,-2.899457,1.449729
96199,-1.574735,-0.425270
96200,-1.574293,-1.721883
96201,-0.102430,-1.889800
96202,-2.541119,0.733052
96203,-3.095692,1.320914
96204,-2.872277,1.781812
96205,-1.845869,0.988831
96206,-3.232059,0.730682
96207,-3.102206,1.246980
96208,-2.056191,-1.233052
96209,-3.268248,1.579063
96210,-1.344281,-0.535628
96211,-2.899457,1.449729
96212,-3.123202,0.900969
96213,-3.088468,0.698220
96214,-2.371693,1.652478
96215,-3.911146,1.955573
96216,-3.102206,1.246980
96217,-2.563163,1.030303
96218,-2.964384,1.191580
96219,-3.650504,1.955573
96220,-3.528889,1.579063
96221,-3.102206,1.246980
96222,-3.563623,1.781812
96223,-2.964384,1.191580
96224,-2.742943,1.911146
96225,-3.484462,1.623490
96226,-3.824265,1.781812
96227,-3.102206,1.246980
96228,-3.866718,2.000000
96229,-2.563163,1.030303
96230,-3.563623,1.781812
96231,-2.235810,0.730682
96232,-1.978716,-1.000000
96233,-1.170844,-1.233052
96234,-2.155959,-0.425270
96235,-2.730682,1.365341
96236,-3.324167,1.911146
96237,0.605149,-0.722521
96238,-2.311457,-0.722521
96239,-2.700489,1.826239
96240,0.066516,-0.033258
96241,-3.088468,0.698220
96242,-3.528889,1.579063
96243,-2.859464,-0.147791
96244,-2.572099,-0.722521
96245,-3.167133,0.988831
96246,-1.855707,-1.634021
96247,-2.670453,0.603718
96248,-0.538874,0.099031
96249,0.158759,0.011169
96250,-2.056191,-1.233052
96251,-2.374152,1.781812
96252,-1.558067,-1.233052
96253,-3.427775,0.988831
96254,-3.484462,1.623490
96255,-3.333174,1.320914
96256,-3.268248,1.579063
96257,-2.873202,0.400969
96258,-2.635719,0.400969
96259,-2.343556,-0.658322
96260,-3.694931,1.911146
96261,-3.658223,1.449729
96262,-3.088468,0.698220
96263,-3.650504,1.955573
96264,-2.526723,-0.425270
96265,-3.333174,1.320914
96266,-3.268248,1.579063
96267,-3.088468,0.698220
96268,-2.259209,0.777479
96269,-3.333174,1.320914
96270,-2.100697,-0.147791
96271,-3.333174,1.320914
96272,-0.928928,-1.233052
96273,-1.118740,0.142820
96274,-2.311457,-0.722521
96275,-2.343556,-0.658322
96276,-1.423694,-1.889800
96277,-2.374152,1.781812
96278,-2.349870,0.603718
96279,-1.396440,0.698220
96280,-3.563623,1.781812
96281,-3.123202,0.900969
96282,-2.717704,0.698220
96283,-2.541119,0.733052
96284,-2.431855,0.900969
96285,-3.326140,1.781812
96286,-3.824265,1.781812
96287,-3.563623,1.781812
96288,-3.822291,1.911146
96289,-3.335148,1.191580
96290,-3.335148,1.191580
96291,-1.207436,0.603718
96292,-3.158125,1.579063
96293,-2.872277,1.781812
96294,-3.822291,1.911146
96295,-2.541119,0.733052
96296,-2.669008,0.988831
96297,-3.158125,1.579063
96298,-0.272214,-0.955573
96299,-0.503178,1.449729
96300,-3.232059,0.730682
96301,-0.350619,-0.277479
96302,-2.670453,0.603718
96303,-3.694931,1.911146
96304,-1.637893,1.955573
96305,-3.281713,1.826239
96306,-1.934194,0.777479
96307,-2.837543,1.579063
96308,-3.866718,2.000000
96309,-3.051264,1.365341
96310,-3.194833,1.652478
96311,-3.088468,0.698220
96312,-1.027479,-0.277479
96313,0.437420,0.400969
96314,-1.074632,0.054604
96315,-3.652478,1.826239
96316,-3.824265,1.781812
96317,-3.824265,1.781812
96318,-3.246980,1.623490
96319,-2.700489,1.826239
96320,-3.484462,1.623490
96321,-3.563623,1.781812
96322,-3.304955,1.652478
96323,-3.911146,1.955573
96324,-0.784266,0.900969
96325,-1.977662,0.988831
96326,-3.656250,1.579063
96327,-3.658223,1.449729
96328,-2.060606,1.030303
96329,-0.821489,0.440071
96330,-2.374152,1.781812
96331,-2.349870,0.603718
96332,-2.641828,1.320914
96333,-1.921819,-1.889800
96334,-3.326140,1.781812
96335,-1.801938,0.900969
96336,-2.572099,-0.722521
96337,-1.811776,-1.721883
96338,-2.431855,0.900969
96339,-1.123325,0.054604
96340,-3.333174,1.320914
96341,-2.641828,1.320914
96342,-1.254687,0.698220
96343,-3.051264,1.365341
96344,-2.938128,0.142820
96345,-2.228125,1.365341
96346,-3.528889,1.579063
96347,-3.563623,1.781812
96348,-3.866718,2.000000
96349,-3.167133,0.988831
96350,-0.686069,-0.722521
96351,-2.466259,1.191580
96352,-1.648630,-0.277479
96353,-0.388818,-0.425270
96354,0.266077,1.074730
96355,-2.272552,1.320914
96356,-3.484462,1.623490
96357,-3.215828,0.698220
96358,-3.158125,1.579063
96359,-3.326140,1.781812
96360,-3.650504,1.955573
96361,-3.650504,1.955573
96362,-3.650504,1.955573
96363,-2.899457,1.449729
96364,-2.885719,0.900969
96365,-3.563623,1.781812
96366,-3.333174,1.320914
96367,-2.654083,-0.425270
96368,-3.563623,1.781812
96369,-3.652478,1.826239
96370,-2.793116,1.623490
96371,-2.844057,0.730682
96372,-3.158125,1.579063
96373,-2.605388,-0.134659
96374,-3.652478,1.826239
96375,-3.324167,1.911146
96376,-2.844057,0.730682
96377,-3.397582,1.449729
96378,-0.709622,0.099031
96379,-2.100697,-0.147791
96380,-0.926428,-1.721883
96381,-2.256195,-0.445042
96382,-1.558067,-1.233052
96383,-2.873202,0.400969
96384,-3.656250,1.579063
96385,-1.873490,-1.123490
96386,-3.152379,1.955573
96387,-3.563623,1.781812
96388,-2.810768,0.142820
96389,-3.158125,1.579063
96390,-3.427775,0.988831
96391,-2.899457,1.449729
96392,-3.563623,1.781812
96393,-1.179763,1.911146
96394,-1.300576,-0.365341
96395,-2.883745,1.030303
96396,-3.335148,1.191580
96397,-3.153395,0.440071
96398,-2.641828,1.320914
96399,-0.823226,0.326239
96400,-3.335148,1.191580
96401,-1.773241,0.455573
96402,-3.065499,1.781812
96403,-3.268248,1.579063
96404,-3.232059,0.730682
96405,-3.779838,1.826239
96406,-1.643120,1.191580
96407,-2.347897,0.733052
96408,-0.576416,-0.658322
96409,-0.828209,-0.535628
96410,-2.347897,0.733052
96411,-3.652478,1.826239
96412,-1.933731,0.900969
96413,-2.518736,1.074730
96414,-3.161387,1.365341
96415,0.219124,-0.109562
96416,-2.015156,0.455573
96417,-3.694931,1.911146
96418,-3.095692,1.320914
96419,-2.272552,1.320914
96420,-2.670453,0.603718
96421,-2.337712,0.326239
96422,-2.316833,-1.233052
96423,-0.867905,1.365341
96424,-3.694931,1.911146
96425,-2.837543,1.579063
96426,-3.326140,1.781812
96427,-2.837543,1.579063
96428,-1.824442,1.449729
96429,-1.917063,0.093187
96430,-3.779838,1.826239
96431,-2.964384,1.191580
96432,-3.955573,1.911146
96433,-0.666236,-1.634021
96434,-3.694931,1.911146
96435,-3.065499,1.781812
96436,-3.462508,1.191580
96437,-3.779838,1.826239
96438,-2.374152,1.781812
96439,-2.343556,-0.658322
96440,-1.760035,1.320914
96441,-1.420728,1.030303
96442,-0.072451,-0.134659
96443,-1.988459,-1.889800
96444,-1.461364,0.730682
96445,-1.149815,1.320914
96446,-2.826042,1.911146
96447,-2.730682,1.365341
96448,-3.427775,0.988831
96449,-3.563623,1.781812
96450,-3.658223,1.449729
96451,-1.461364,0.730682
96452,-2.261572,-0.955573
96453,-3.158125,1.579063
96454,-2.383160,1.191580
96455,-3.779838,1.826239
96456,-3.658223,1.449729
96457,-3.484462,1.623490
96458,-3.692957,1.652478
96459,-3.153395,0.440071
96460,-3.528889,1.579063
96461,-2.540461,0.123490
96462,-2.235810,0.730682
96463,-2.116349,-1.634021
96464,-2.572099,-0.722521
96465,-0.102415,-0.074730
96466,-2.311457,-0.722521
96467,-3.484462,1.623490
96468,-1.574735,-0.425270
96469,-0.938334,-0.826239
96470,-3.333174,1.320914
96471,-3.955573,1.911146
96472,-3.779838,1.826239
96473,-3.563623,1.781812
96474,-1.003761,1.579063
96475,-2.837543,1.579063
96476,-2.837543,1.579063
96477,-2.793116,1.623490
96478,-2.696708,1.652478
96479,-3.268248,1.579063
96480,-3.955573,1.911146
96481,-3.824265,1.781812
96482,-2.641828,1.320914
96483,-3.462508,1.191580
96484,-2.440004,0.142820
96485,-2.742943,1.911146
96486,-2.706235,1.449729
96487,-3.051264,1.365341
96488,-2.899457,1.449729
96489,-2.793116,1.623490
96490,-2.696708,1.652478
96491,-1.849772,0.733052
96492,-0.583781,0.500000
96493,-1.833963,0.093187
96494,-2.334986,1.579063
96495,-2.883745,1.030303
96496,-1.248319,-1.466104
96497,-2.294861,-0.367711
96498,-3.246980,1.623490
96499,-2.873202,0.400969
96500,-3.326140,1.781812
96501,-3.397582,1.449729
96502,0.275884,-0.147791
96503,-1.878417,-1.721883
96504,-0.642527,-0.914101
96505,-3.427775,0.988831
96506,-3.281713,1.826239
96507,-3.692957,1.652478
96508,-3.427775,0.988831
96509,-1.233709,-0.623490
96510,-3.866718,2.000000
96511,-2.466259,1.191580
96512,-3.911146,1.955573
96513,-1.717979,0.733052
96514,-0.779516,-0.535628
96515,-2.311457,-0.722521
96516,-3.650504,1.955573
96517,-3.563623,1.781812
96518,-3.123202,0.900969
96519,-1.132335,-0.826239
96520,-2.541119,0.733052
96521,-3.065499,1.781812
96522,-3.822291,1.911146
96523,-3.167133,0.988831
96524,-2.374152,1.781812
96525,-3.826239,1.652478
96526,-2.002903,1.911146
96527,-3.152379,1.955573
96528,-2.892753,0.440071
96529,-2.844057,0.730682
96530,-2.872277,1.781812
96531,-2.493959,1.246980
96532,-2.641828,1.320914
96533,-3.563623,1.781812
96534,-2.060606,1.030303
96535,-3.167133,0.988831
96536,-2.874250,1.652478
96537,-3.153395,0.440071
96538,-1.977662,0.988831
96539,-1.349578,0.500000
96540,0.198902,0.698220
96541,-2.669008,0.988831
96542,-3.335148,1.191580
96543,-2.100697,-0.147791
96544,-3.911146,1.955573
96545,-3.427775,0.988831
96546,-2.780575,0.603718
96547,-2.706235,1.449729
96548,-2.835050,1.320914
96549,-0.399093,-1.400969
96550,-1.394005,0.455573
96551,-2.141244,1.191580
96552,-2.964384,1.191580
96553,-3.397582,1.449729
96554,-2.993868,1.030303
96555,-3.650504,1.955573
96556,-2.993868,1.030303
96557,-3.153395,0.440071
96558,-0.855884,0.733052
96559,-0.201525,0.123490
96560,-3.779838,1.826239
96561,-2.899457,1.449729
96562,-3.824265,1.781812
96563,-2.336959,1.449729
96564,-3.955573,1.911146
96565,-0.867905,1.365341
96566,-2.410859,1.246980
96567,-2.540461,0.123490
96568,-3.563623,1.781812
96569,-1.801938,0.900969
96570,-2.873202,0.400969
96571,-2.526723,-0.425270
96572,-3.694931,1.911146
96573,-3.152379,1.955573
96574,-1.760035,1.320914
96575,-2.540461,0.123490
96576,-3.824265,1.781812
96577,-1.703282,0.440071
96578,-3.268248,1.579063
96579,-3.088468,0.698220
96580,-2.670453,0.603718
96581,-2.500000,-1.000000
96582,-1.636943,1.074730
96583,-3.167133,0.988831
96584,-3.824265,1.781812
96585,-3.088468,0.698220
96586,-3.779838,1.826239
96587,-2.670453,0.603718
96588,-2.873202,0.400969
96589,-3.779838,1.826239
96590,-0.801938,0.400969
96591,-2.343556,-0.658322
96592,-3.650504,1.955573
96593,-3.824265,1.781812
96594,-2.837543,1.579063
96595,-0.445042,0.222521
96596,-2.235810,0.730682
96597,-2.259209,0.777479
96598,-0.966034,-0.162592
96599,-3.167133,0.988831
96600,-1.914041,-0.134659
96601,-3.692957,1.652478
96602,-2.837543,1.579063
96603,-3.232059,0.730682
96604,-2.742943,1.911146
96605,-3.694931,1.911146
96606,-2.670453,0.603718
96607,-2.461033,1.955573
96608,-3.911146,1.955573
96609,-2.109756,0.123490
96610,-3.779838,1.826239
96611,-2.343556,-0.658322
96612,-3.484462,1.623490
96613,-1.847313,0.603718
96614,-2.837543,1.579063
96615,-2.136480,0.698220
96616,-2.235810,0.730682
96617,-2.431855,0.900969
96618,0.556688,1.365341
96619,-1.917063,0.093187
96620,0.358917,1.449729
96621,-1.279149,1.191580
96622,-2.141244,1.191580
96623,-0.349031,0.400969
96624,-3.623490,1.246980
96625,-3.153395,0.440071
96626,-3.281713,1.826239
96627,-3.658223,1.449729
96628,-1.323809,0.455573
96629,-2.576901,1.579063
96630,-1.492359,1.781812
96631,-3.650504,1.955573
96632,-2.837543,1.579063
96633,-3.326140,1.781812
96634,-3.434289,1.911146
96635,-2.466259,1.191580
96636,-2.644197,-0.445042
96637,-1.253943,-1.233052
96638,-0.503178,1.449729
96639,-0.001379,-0.367711
96640,-0.149926,-0.367711
96641,-1.637893,1.955573
96642,-2.837543,1.579063
96643,-3.650504,1.955573
96644,-2.410859,1.246980
96645,-3.658223,1.449729
96646,-3.563623,1.781812
96647,-0.867905,1.365341
96648,-3.194833,1.652478
96649,-0.521367,-0.277479
96650,-3.158125,1.579063
96651,-2.874250,1.652478
96652,-3.158125,1.579063
96653,-3.826239,1.652478
96654,-2.810768,0.142820
96655,-3.822291,1.911146
96656,-1.762008,1.191580
96657,0.192876,1.781812
96658,-3.304955,1.652478
96659,-2.654083,-0.425270
96660,-2.430339,0.123490
96661,-1.207436,0.603718
96662,-0.317668,1.911146
96663,-2.793116,1.623490
96664,-1.409351,-0.147791
96665,-1.914041,-0.134659
96666,-2.144490,0.326239
96667,-3.563623,1.781812
96668,-3.650504,1.955573
96669,-2.872277,1.781812
96670,-3.158125,1.579063
96671,-3.824265,1.781812
96672,-3.333174,1.320914
96673,-1.466104,0.733052
96674,-3.484462,1.623490
96675,-2.060606,1.030303
96676,-2.883745,1.030303
96677,-2.941449,0.149460
96678,-2.541119,0.733052
96679,-2.641828,1.320914
96680,-3.246980,1.623490
96681,0.856000,1.030303
96682,-1.088404,-0.914101
96683,-2.347897,0.733052
96684,-0.415545,-0.535628
96685,-2.641828,1.320914
96686,-2.431855,0.900969
96687,-3.911146,1.955573
96688,-3.623490,1.246980
96689,-2.635719,0.400969
96690,-3.194833,1.652478
96691,-3.123202,0.900969
96692,-3.779838,1.826239
96693,-2.540461,0.123490
96694,-2.670453,0.603718
96695,-2.051596,1.911146
96696,-3.333174,1.320914
96697,-2.892753,0.440071
96698,-3.650504,1.955573
96699,-2.343556,-0.658322
96700,-1.236955,-1.488831
96701,0.850540,-0.425270
96702,-0.415545,-0.535628
96703,-1.396440,0.698220
96704,-3.656250,1.579063
96705,-3.652478,1.826239
96706,-2.899457,1.449729
96707,-3.478716,2.000000
96708,-3.563623,1.781812
96709,-2.873202,0.400969
96710,-3.656250,1.579063
96711,-3.335148,1.191580
96712,-1.878417,-1.721883
96713,-3.397582,1.449729
96714,-2.334986,1.579063
96715,-2.883745,1.030303
96716,-3.304955,1.652478
96717,-3.563623,1.781812
96718,-3.652478,1.826239
96719,-3.822291,1.911146
96720,-1.731730,-0.277479
96721,-3.826239,1.652478
96722,-1.824442,1.449729
96723,-3.478716,2.000000
96724,-2.060606,1.030303
96725,-3.153395,0.440071
96726,-2.334986,1.579063
96727,-2.011910,1.320914
96728,-2.717704,0.698220
96729,-2.176109,0.777479
96730,-0.873502,-0.445042
96731,-3.095692,1.320914
96732,-3.065499,1.781812
96733,-3.158125,1.579063
96734,-3.333174,1.320914
96735,-2.163198,1.623490
96736,-1.813332,-0.722521
96737,0.001504,0.400969
96738,-2.873202,0.400969
96739,-3.824265,1.781812
96740,-2.493959,1.246980
96741,-2.874250,1.652478
96742,-3.158125,1.579063
96743,-3.652478,1.826239
96744,-2.337712,0.326239
96745,-1.988459,-1.889800
96746,-1.864156,-0.367711
96747,-2.383160,1.191580
96748,-3.650504,1.955573
96749,-4.000000,2.000000
96750,-3.563623,1.781812
96751,-1.762008,1.191580
96752,-2.109756,0.123490
96753,-2.141244,1.191580
96754,-2.669008,0.988831
96755,-2.136480,0.698220
96756,-1.717979,0.733052
96757,-3.484462,1.623490
96758,-2.572099,-0.722521
96759,-1.384971,1.449729
96760,-1.120429,-1.721883
96761,-0.911146,0.455573
96762,-2.780575,0.603718
96763,-3.335148,1.191580
96764,-2.883745,1.030303
96765,-2.883745,1.030303
96766,-3.397582,1.449729
96767,-1.661706,-1.634021
96768,-3.335148,1.191580
96769,-2.518736,1.074730
96770,-3.304955,1.652478
96771,-3.158125,1.579063
96772,-3.158125,1.579063
96773,-2.899457,1.449729
96774,-3.324167,1.911146
96775,-3.911146,1.955573
96776,-1.601453,0.500000
96777,-3.822291,1.911146
96778,-3.824265,1.781812
96779,-3.158125,1.579063
96780,-3.658223,1.449729
96781,-0.864659,-0.365341
96782,-2.518736,1.074730
96783,-3.563623,1.781812
96784,-1.306849,1.246980
96785,-0.847680,1.246980
96786,-2.337712,0.326239
96787,-2.706235,1.449729
96788,-2.572099,-0.722521
96789,-2.641828,1.320914
96790,-3.826239,1.652478
96791,-3.095692,1.320914
96792,-1.554958,0.777479
96793,-2.717704,0.698220
96794,-2.367905,-0.134659
96795,-3.822291,1.911146
96796,-3.822291,1.911146
96797,-2.641828,1.320914
96798,-1.032469,0.698220
96799,-3.652478,1.826239
96800,-3.326140,1.781812
96801,-2.493959,1.246980
96802,-2.826042,1.911146
96803,-2.844057,0.730682
96804,-3.161387,1.365341
96805,-2.883745,1.030303
96806,-1.933731,0.900969
96807,-2.717704,0.698220
96808,-2.005777,-1.721883
96809,-2.367905,-0.134659
96810,-1.323809,0.455573
96811,-2.181855,0.400969
96812,-2.367905,-0.134659
96813,-2.885719,0.900969
96814,-1.558067,-1.233052
96815,-1.120429,-1.721883
96816,-3.694931,1.911146
96817,-3.658223,1.449729
96818,-3.123202,0.900969
96819,-2.641828,1.320914
96820,-2.106074,-0.658322
96821,-3.123202,0.900969
96822,-2.541119,0.733052
96823,-1.855707,-1.634021
96824,-2.316833,-1.233052
96825,-3.065499,1.781812
96826,-3.563623,1.781812
96827,-2.440004,0.142820
96828,-2.641828,1.320914
96829,-3.232059,0.730682
96830,-2.440004,0.142820
96831,-1.960449,1.826239
96832,-3.692957,1.652478
96833,-2.440004,0.142820
96834,-3.658223,1.449729
96835,-1.557314,-0.109562
96836,-3.158125,1.579063
96837,-3.650504,1.955573
96838,-3.335148,1.191580
96839,-2.149460,1.074730
96840,-1.801938,0.900969
96841,-2.060606,1.030303
96842,-3.822291,1.911146
96843,-2.730682,1.365341
96844,-2.885719,0.900969
96845,-1.845869,0.988831
96846,-3.563623,1.781812
96847,-3.563623,1.781812
96848,-2.334986,1.579063
96849,-2.572099,-0.722521
96850,-3.158125,1.579063
96851,-2.899457,1.449729
96852,-3.215828,0.698220
96853,-3.650504,1.955573
96854,-0.969501,-1.801938
96855,-2.635719,0.400969
96856,-3.153395,0.440071
96857,-2.874250,1.652478
96858,-3.158125,1.579063
96859,-2.394628,0.440071
96860,-3.822291,1.911146
96861,-0.911146,0.455573
96862,-3.153395,0.440071
96863,-3.484462,1.623490
96864,-2.938128,0.142820
96865,-2.540461,0.123490
96866,-1.845869,0.988831
96867,-2.641828,1.320914
96868,-0.867905,1.365341
96869,-3.051264,1.365341
96870,-2.598822,-0.147791
96871,-3.051264,1.365341
96872,-3.246980,1.623490
96873,-2.993868,1.030303
96874,-3.167133,0.988831
96875,-3.563623,1.781812
96876,-3.528889,1.579063
96877,-3.333174,1.320914
96878,-1.847313,0.603718
96879,0.016102,0.455573
96880,-3.123202,0.900969
96881,-3.095692,1.320914
96882,-1.637893,1.955573
96883,-3.824265,1.781812
96884,-3.102206,1.246980
96885,-2.598822,-0.147791
96886,-2.136480,0.698220
96887,-3.563623,1.781812
96888,-1.154522,0.988831
96889,-3.694931,1.911146
96890,-2.228125,1.365341
96891,-2.518736,1.074730
96892,-3.650504,1.955573
96893,-3.658223,1.449729
96894,-2.563163,1.030303
96895,-0.496901,0.326239
96896,-0.828197,0.988831
96897,-2.872277,1.781812
96898,-2.518736,1.074730
96899,-2.383160,1.191580
96900,-3.335148,1.191580
96901,-3.324167,1.911146
96902,-2.461033,1.955573
96903,-2.311457,-0.722521
96904,-2.730682,1.365341
96905,-3.335148,1.191580
96906,-0.207561,-0.033258
96907,-0.873667,-0.955573
96908,-1.624178,-1.488831
96909,-1.811776,-1.721883
96910,-0.983709,-1.123490
96911,-2.166234,-1.400969
96912,-0.350619,-0.277479
96913,-1.000000,0.500000
96914,-1.231001,-1.634021
96915,0.279355,-0.722521
96916,-3.397582,1.449729
96917,-2.793116,1.623490
96918,-3.326140,1.781812
96919,-3.694931,1.911146
96920,-3.333174,1.320914
96921,-2.837543,1.579063
96922,-2.302521,1.030303
96923,-2.837543,1.579063
96924,-2.144490,0.326239
96925,-2.670453,0.603718
96926,-1.445133,0.698220
96927,-0.861260,0.222521
96928,-0.338389,0.900969
96929,-3.658223,1.449729
96930,-2.899457,1.449729
96931,-3.824265,1.781812
96932,-2.938128,0.142820
96933,-2.242359,1.781812
96934,0.582947,-0.722521
96935,-1.813332,-0.722521
96936,-2.526723,-0.425270
96937,-3.095692,1.320914
96938,-1.978621,0.733052
96939,-2.526723,-0.425270
96940,-1.420728,1.030303
96941,-3.051264,1.365341
96942,-3.692957,1.652478
96943,-3.088468,0.698220
96944,-0.170149,0.440071
96945,-2.572099,-0.722521
96946,-1.155045,-0.914101
96947,-0.272292,-0.658322
96948,-1.551584,-1.634021
96949,-2.870469,2.000000
96950,-3.694931,1.911146
96951,-1.978621,0.733052
96952,-2.149460,1.074730
96953,-3.462508,1.191580
96954,-1.323809,0.455573
96955,-1.762918,-1.211352
96956,-2.349870,0.603718
96957,-2.149460,1.074730
96958,-0.254431,0.733052
96959,-0.689843,0.400969
96960,-2.181855,0.400969
96961,-0.828209,-0.535628
96962,-1.375695,-1.211352
96963,2.161323,-0.623490
96964,-0.801938,0.400969
96965,-2.272552,1.320914
96966,-2.149460,1.074730
96967,-3.658223,1.449729
96968,-3.563623,1.781812
96969,-3.652478,1.826239
96970,-3.563623,1.781812
96971,-3.652478,1.826239
96972,-3.563623,1.781812
96973,-2.176109,0.777479
96974,-1.225625,-1.123490
96975,-0.367567,0.455573
96976,-0.911611,-1.400969
96977,-2.394628,0.440071
96978,-2.374152,1.781812
96979,-3.335148,1.191580
96980,-3.656250,1.579063
96981,-0.607038,-1.488831
96982,-2.576901,1.579063
96983,-3.123202,0.900969
96984,-3.824265,1.781812
96985,-3.268248,1.579063
96986,-3.779838,1.826239
96987,-2.572099,-0.722521
96988,-3.088468,0.698220
96989,-2.576901,1.579063
96990,-2.635719,0.400969
96991,-1.284124,-0.134659
96992,-2.100697,-0.147791
96993,-2.051596,1.911146
96994,-3.051264,1.365341
96995,-3.167133,0.988831
96996,-2.885719,0.900969
96997,-1.568917,-1.211352
96998,-2.038874,-1.400969
96999,-3.623490,1.246980
97000,-3.694931,1.911146
97001,-1.022292,-0.658322
97002,-3.281713,1.826239
97003,-3.824265,1.781812
97004,-3.051264,1.365341
97005,-3.427775,0.988831
97006,-2.711958,1.074730
97007,-2.228125,1.365341
97008,-2.964384,1.191580
97009,-3.650504,1.955573
97010,-3.246980,1.623490
97011,-3.911146,1.955573
97012,-3.779838,1.826239
97013,-3.658223,1.449729
97014,-2.711958,1.074730
97015,-1.280886,-1.400969
97016,-2.116349,-1.634021
97017,-2.060606,1.030303
97018,-3.246980,1.623490
97019,-0.686069,-0.722521
97020,-2.149460,1.074730
97021,-1.833963,0.093187
97022,-1.717542,-0.914101
97023,-1.370469,-1.000000
97024,-2.899457,1.449729
97025,-1.762918,-1.211352
97026,-1.890808,-0.955573
97027,-3.232059,0.730682
97028,-3.088468,0.698220
97029,-3.158125,1.579063
97030,-3.158125,1.579063
97031,-2.598822,-0.147791
97032,-1.928302,-1.488831
97033,-1.070127,-0.826239
97034,-2.374152,1.781812
97035,-3.051264,1.365341
97036,-3.088468,0.698220
97037,-0.201525,0.123490
97038,-3.434289,1.911146
97039,-2.311457,-0.722521
97040,-0.861260,0.222521
97041,-2.837543,1.579063
97042,-2.641828,1.320914
97043,-3.563623,1.781812
97044,-2.466259,1.191580
97045,-2.872277,1.781812
97046,-3.528889,1.579063
97047,-3.563623,1.781812
97048,-3.694931,1.911146
97049,-3.911146,1.955573
97050,-3.692957,1.652478
97051,-2.576901,1.579063
97052,-3.427775,0.988831
97053,-2.163198,1.623490
97054,-3.153395,0.440071
97055,-3.246980,1.623490
97056,-3.326140,1.781812
97057,-2.859464,-0.147791
97058,-3.434289,1.911146
97059,-3.434289,1.911146
97060,-3.528889,1.579063
97061,-1.695108,1.579063
97062,-0.983709,-1.123490
97063,-0.462714,-0.277479
97064,-1.375695,-1.211352
97065,-0.985218,0.603718
97066,-1.960449,1.826239
97067,-1.824442,1.449729
97068,-3.955573,1.911146
97069,-2.885719,0.900969
97070,-1.933731,0.900969
97071,-2.870469,2.000000
97072,-0.749532,0.698220
97073,-2.015156,0.455573
97074,-2.706235,1.449729
97075,-2.261572,-0.955573
97076,-3.167133,0.988831
97077,0.001651,0.440071
97078,-0.528520,0.777479
97079,-2.717704,0.698220
97080,-3.478716,2.000000
97081,-2.334986,1.579063
97082,-3.333174,1.320914
97083,-3.650504,1.955573
97084,-2.394628,0.440071
97085,-0.721721,-0.367711
97086,-1.955475,-0.826239
97087,-2.334986,1.579063
97088,-2.155959,-0.425270
97089,-2.334986,1.579063
97090,-2.883745,1.030303
97091,-2.144490,0.326239
97092,-1.733246,0.500000
97093,-2.899457,1.449729
97094,-3.656250,1.579063
97095,-2.883745,1.030303
97096,-1.945199,0.149460
97097,-2.717704,0.698220
97098,-2.394628,0.440071
97099,-1.648630,-0.277479
97100,-2.388932,-0.955573
97101,-3.528889,1.579063
97102,-1.813332,-0.722521
97103,-2.100697,-0.147791
97104,-1.690819,-1.488831
97105,-1.375695,-1.211352
97106,-3.051264,1.365341
97107,-3.484462,1.623490
97108,-2.837543,1.579063
97109,-2.641828,1.320914
97110,-1.229693,-1.889800
97111,-2.176109,0.777479
97112,-1.588247,1.365341
97113,-3.563623,1.781812
97114,-0.700307,0.733052
97115,-3.911146,1.955573
97116,-3.158125,1.579063
97117,-3.563623,1.781812
97118,-3.158125,1.579063
97119,-3.822291,1.911146
97120,-2.383160,1.191580
97121,-3.563623,1.781812
97122,-2.347897,0.733052
97123,-2.635719,0.400969
97124,-2.060606,1.030303
97125,-2.096023,2.000000
97126,-3.652478,1.826239
97127,-2.374152,1.781812
97128,-2.641828,1.320914
97129,-1.849772,0.733052
97130,-3.826239,1.652478
97131,-3.656250,1.579063
97132,-3.158125,1.579063
97133,-3.333174,1.320914
97134,-3.158125,1.579063
97135,-3.826239,1.652478
97136,-2.110972,-1.123490
97137,-2.385621,1.030303
97138,-3.824265,1.781812
97139,-2.383160,1.191580
97140,-2.700489,1.826239
97141,-4.000000,2.000000
97142,-2.641828,1.320914
97143,-3.326140,1.781812
97144,-1.637893,1.955573
97145,-3.304955,1.652478
97146,-3.246980,1.623490
97147,-3.563623,1.781812
97148,-3.563623,1.781812
97149,-1.836861,1.579063
97150,-3.822291,1.911146
97151,-3.397582,1.449729
97152,-2.060606,1.030303
97153,-2.272552,1.320914
97154,-3.478716,2.000000
97155,-3.427775,0.988831
97156,-2.493959,1.246980
97157,-3.656250,1.579063
97158,-0.700386,1.030303
97159,-0.834695,-0.425270
97160,-3.563623,1.781812
97161,-3.484462,1.623490
97162,-3.656250,1.579063
97163,-2.883745,1.030303
97164,-2.541119,0.733052
97165,-2.654083,-0.425270
97166,-2.431855,0.900969
97167,-2.874250,1.652478
97168,-2.005777,-1.721883
97169,-1.648630,-0.277479
97170,-2.826042,1.911146
97171,-2.874250,1.652478
97172,-3.158125,1.579063
97173,-3.650504,1.955573
97174,-2.060606,1.030303
97175,-2.110972,-1.123490
97176,-3.656250,1.579063
97177,-3.658223,1.449729
97178,-2.493959,1.246980
97179,-3.065499,1.781812
97180,-3.397582,1.449729
97181,-3.153395,0.440071
97182,-2.810768,0.142820
97183,-2.144490,0.326239
97184,-2.266948,-1.466104
97185,-1.370469,-1.000000
97186,-0.434577,-0.109562
97187,-2.742943,1.911146
97188,-2.899457,1.449729
97189,-2.641828,1.320914
97190,-3.434289,1.911146
97191,-3.658223,1.449729
97192,-2.518736,1.074730
97193,-2.742943,1.911146
97194,-3.563623,1.781812
97195,-2.837543,1.579063
97196,-3.692957,1.652478
97197,-1.149815,1.320914
97198,-3.563623,1.781812
97199,-2.885719,0.900969
97200,-3.434289,1.911146
97201,-3.462508,1.191580
97202,-1.169803,1.911146
97203,-2.526723,-0.425270
97204,-2.184738,-0.367711
97205,-2.336959,1.449729
97206,-3.692957,1.652478
97207,-2.144490,0.326239
97208,-2.168944,1.246980
97209,-3.656250,1.579063
97210,-3.490208,1.246980
97211,-2.730682,1.365341
97212,-0.065277,-0.033258
97213,-3.161387,1.365341
97214,-3.563623,1.781812
97215,-2.337712,0.326239
97216,-3.824265,1.781812
97217,-2.654083,-0.425270
97218,-1.507653,-1.721883
97219,-1.229693,-1.889800
97220,-0.186388,-1.721883
97221,-1.062213,-0.074730
97222,-1.118740,0.142820
97223,-3.658223,1.449729
97224,-3.563623,1.781812
97225,-2.892753,0.440071
97226,-1.275116,0.455573
97227,-0.637763,-0.535628
97228,-0.654932,1.030303
97229,-2.371693,1.652478
97230,-2.964384,1.191580
97231,-3.326140,1.781812
97232,-2.461033,1.955573
97233,-3.658223,1.449729
97234,-2.106074,-0.658322
97235,-0.729953,0.093187
97236,-2.873202,0.400969
97237,-0.450484,-1.801938
97238,-3.194833,1.652478
97239,-2.793116,1.623490
97240,-2.873202,0.400969
97241,-1.466104,0.733052
97242,-2.228125,1.365341
97243,-2.336959,1.449729
97244,-3.694931,1.911146
97245,-3.268248,1.579063
97246,-3.563623,1.781812
97247,-2.563163,1.030303
97248,-2.316833,-1.233052
97249,-3.246980,1.623490
97250,-2.347897,0.733052
97251,-2.149460,1.074730
97252,-3.088468,0.698220
97253,-3.326140,1.781812
97254,-1.593993,0.988831
97255,-3.911146,1.955573
97256,-3.065499,1.781812
97257,-3.088468,0.698220
97258,-3.484462,1.623490
97259,-3.397582,1.449729
97260,-3.692957,1.652478
97261,-2.670453,0.603718
97262,-3.692957,1.652478
97263,-3.427775,0.988831
97264,-2.371693,1.652478
97265,-2.141244,1.191580
97266,-2.572099,-0.722521
97267,-2.100697,-0.147791
97268,-3.955573,1.911146
97269,-3.246980,1.623490
97270,-3.434289,1.911146
97271,-2.015156,0.455573
97272,-1.594507,0.222521
97273,-3.824265,1.781812
97274,-3.088468,0.698220
97275,-1.524320,-0.914101
97276,-1.760035,1.320914
97277,-1.813332,-0.722521
97278,-2.106074,-0.658322
97279,-3.658223,1.449729
97280,-2.461033,1.955573
97281,-3.650504,1.955573
97282,-3.427775,0.988831
97283,-1.637893,1.955573
97284,-2.793116,1.623490
97285,-0.231828,0.093187
97286,-2.885719,0.900969
97287,-3.484462,1.623490
97288,-2.461033,1.955573
97289,-1.261910,1.320914
97290,-3.658223,1.449729
97291,-3.694931,1.911146
97292,-1.557314,-0.109562
97293,-2.337712,0.326239
97294,-3.232059,0.730682
97295,-3.824265,1.781812
97296,-3.051264,1.365341
97297,-2.228125,1.365341
97298,-1.574293,-1.721883
97299,0.420441,-1.211352
97300,0.585377,-0.074730
97301,-2.835050,1.320914
97302,-1.933731,0.900969
97303,-3.911146,1.955573
97304,-0.983709,-1.123490
97305,-3.232059,0.730682
97306,-2.696708,1.652478
97307,-3.232059,0.730682
97308,-3.281713,1.826239
97309,-3.427775,0.988831
97310,-2.899457,1.449729
97311,-3.563623,1.781812
97312,-0.170149,0.440071
97313,-2.670453,0.603718
97314,-3.326140,1.781812
97315,-2.394628,0.440071
97316,-2.367905,-0.134659
97317,-3.397582,1.449729
97318,-3.694931,1.911146
97319,-3.333174,1.320914
97320,-3.153395,0.440071
97321,-3.911146,1.955573
97322,-2.526723,-0.425270
97323,-3.563623,1.781812
97324,-3.281713,1.826239
97325,-2.302521,1.030303
97326,-2.964384,1.191580
97327,-3.824265,1.781812
97328,-3.779838,1.826239
97329,-0.088566,-1.634021
97330,-1.409351,-0.147791
97331,-2.993868,1.030303
97332,-3.911146,1.955573
97333,-3.268248,1.579063
97334,-3.194833,1.652478
97335,-0.771367,0.222521
97336,-0.801938,0.400969
97337,-3.650504,1.955573
97338,-2.700489,1.826239
97339,-0.879043,-1.466104
97340,-1.445881,-0.074730
97341,-3.427775,0.988831
97342,-3.152379,1.955573
97343,-3.658223,1.449729
97344,-3.911146,1.955573
97345,-3.194833,1.652478
97346,-2.431855,0.900969
97347,-3.152379,1.955573
97348,-1.647948,-0.445042
97349,-1.601453,0.500000
97350,-1.574735,-0.425270
97351,-3.335148,1.191580
97352,-2.780575,0.603718
97353,-2.777479,-0.445042
97354,-3.161387,1.365341
97355,-3.484462,1.623490
97356,-2.700489,1.826239
97357,-2.717704,0.698220
97358,-2.431855,0.900969
97359,-0.207561,-0.033258
97360,-2.272552,1.320914
97361,-3.158125,1.579063
97362,-2.155959,-0.425270
97363,-1.731730,-0.277479
97364,-3.484462,1.623490
97365,-2.730682,1.365341
97366,-3.333174,1.320914
97367,-3.397582,1.449729
97368,-3.335148,1.191580
97369,-3.095692,1.320914
97370,-3.335148,1.191580
97371,0.417869,0.440071
97372,-1.284124,-0.134659
97373,-2.635719,0.400969
97374,-3.478716,2.000000
97375,-3.563623,1.781812
97376,-3.911146,1.955573
97377,-2.669008,0.988831
97378,-2.337712,0.326239
97379,-3.911146,1.955573
97380,-2.872277,1.781812
97381,-3.335148,1.191580
97382,-3.652478,1.826239
97383,-3.484462,1.623490
97384,-1.275116,0.455573
97385,-2.883745,1.030303
97386,-2.941449,0.149460
97387,-1.557314,-0.109562
97388,-3.427775,0.988831
97389,-1.703282,0.440071
97390,-3.911146,1.955573
97391,-1.461364,0.730682
97392,-3.246980,1.623490
97393,-3.822291,1.911146
97394,-2.394628,0.440071
97395,-2.883745,1.030303
97396,-0.834695,-0.425270
97397,-1.445881,-0.074730
97398,0.284793,-1.889800
97399,0.685624,0.603718
97400,-3.563623,1.781812
97401,-3.824265,1.781812
97402,-3.692957,1.652478
97403,-3.065499,1.781812
97404,-2.793116,1.623490
97405,-2.540461,0.123490
97406,-2.793116,1.623490
97407,-2.872277,1.781812
97408,-1.977662,0.988831
97409,-1.914041,-0.134659
97410,-1.088404,-0.914101
97411,-0.709622,0.099031
97412,-3.304955,1.652478
97413,-3.484462,1.623490
97414,-2.266948,-1.466104
97415,-2.706235,1.449729
97416,-3.563623,1.781812
97417,-3.911146,1.955573
97418,-1.731816,1.652478
97419,-1.154522,0.988831
97420,-1.554958,0.777479
97421,-2.060606,1.030303
97422,-2.374152,1.781812
97423,-2.098256,0.455573
97424,-3.822291,1.911146
97425,-3.304955,1.652478
97426,-3.824265,1.781812
97427,-3.152379,1.955573
97428,-2.844057,0.730682
97429,-2.641828,1.320914
97430,-0.974766,1.579063
97431,-1.849772,0.733052
97432,-1.396440,0.698220
97433,-0.735570,1.191580
97434,-1.039051,0.266948
97435,0.417869,0.440071
97436,-2.394628,0.440071
97437,-3.153395,0.440071
97438,-3.826239,1.652478
97439,-1.592048,0.093187
97440,-3.088468,0.698220
97441,-3.484462,1.623490
97442,-2.272552,1.320914
97443,-3.484462,1.623490
97444,-3.051264,1.365341
97445,-2.605388,-0.134659
97446,-3.563623,1.781812
97447,-3.650504,1.955573
97448,-3.911146,1.955573
97449,-2.563163,1.030303
97450,-2.302521,1.030303
97451,-3.246980,1.623490
97452,-2.347897,0.733052
97453,-2.563163,1.030303
97454,-3.397582,1.449729
97455,-3.563623,1.781812
97456,-1.170753,0.149460
97457,-3.462508,1.191580
97458,-3.779838,1.826239
97459,-0.938334,-0.826239
97460,0.864828,-1.400969
97461,-0.689843,0.400969
97462,-0.607038,-1.488831
97463,-2.116349,-1.634021
97464,-1.344281,-0.535628
97465,-1.637893,1.955573
97466,-1.011473,1.652478
97467,-0.771367,0.222521
97468,-0.371614,-0.623490
97469,-0.371614,-0.623490
97470,-3.123202,0.900969
97471,-2.938128,0.142820
97472,-2.518736,1.074730
97473,-3.434289,1.911146
97474,-3.623490,1.246980
97475,-2.302521,1.030303
97476,-3.650504,1.955573
97477,-3.911146,1.955573
97478,-3.397582,1.449729
97479,-3.095692,1.320914
97480,-3.658223,1.449729
97481,-3.824265,1.781812
97482,-3.866718,2.000000
97483,-2.885719,0.900969
97484,-2.461033,1.955573
97485,-3.650504,1.955573
97486,-0.709168,-0.914101
97487,-2.883745,1.030303
97488,-3.652478,1.826239
97489,-3.658223,1.449729
97490,-2.060606,1.030303
97491,-3.822291,1.911146
97492,-3.304955,1.652478
97493,-3.652478,1.826239
97494,-1.412671,0.730682
97495,-3.123202,0.900969
97496,-2.993868,1.030303
97497,-3.484462,1.623490
97498,-2.859464,-0.147791
97499,-1.734301,-1.488831
97500,-1.489885,-1.977662
97501,0.180972,-0.033258
97502,-3.158125,1.579063
97503,-2.176109,0.777479
97504,-3.335148,1.191580
97505,-2.541119,0.733052
97506,-2.793116,1.623490
97507,-1.032469,0.698220
97508,-2.873202,0.400969
97509,-3.694931,1.911146
97510,-3.911146,1.955573
97511,-2.938128,0.142820
97512,-0.521367,-0.277479
97513,-1.731816,1.652478
97514,-3.563623,1.781812
97515,-2.337712,0.326239
97516,-3.152379,1.955573
97517,-2.964384,1.191580
97518,-2.641828,1.320914
97519,-2.466259,1.191580
97520,0.106511,0.011169
97521,-3.095692,1.320914
97522,-2.316833,-1.233052
97523,-2.155959,-0.425270
97524,-3.911146,1.955573
97525,-3.826239,1.652478
97526,-2.872277,1.781812
97527,-1.507653,-1.721883
97528,-1.917063,0.093187
97529,-3.824265,1.781812
97530,-3.528889,1.579063
97531,-1.072099,0.777479
97532,-3.088468,0.698220
97533,-2.669008,0.988831
97534,-1.933731,0.900969
97535,-1.127350,1.826239
97536,-3.911146,1.955573
97537,-3.911146,1.955573
97538,-2.383160,1.191580
97539,-3.563623,1.781812
97540,-2.730682,1.365341
97541,-3.824265,1.781812
97542,-3.650504,1.955573
97543,-3.215828,0.698220
97544,-2.892753,0.440071
97545,-2.730682,1.365341
97546,-2.700489,1.826239
97547,-3.246980,1.623490
97548,-2.835050,1.320914
97549,-3.153395,0.440071
97550,-2.311457,-0.722521
97551,-3.304955,1.652478
97552,-3.326140,1.781812
97553,-3.397582,1.449729
97554,-3.326140,1.781812
97555,-2.826042,1.911146
97556,-1.088404,-0.914101
97557,-0.650969,0.099031
97558,-3.281713,1.826239
97559,-3.427775,0.988831
97560,-3.911146,1.955573
97561,-3.397582,1.449729
97562,-3.088468,0.698220
97563,-3.911146,1.955573
97564,-2.228125,1.365341
97565,-0.567329,-0.365341
97566,-3.123202,0.900969
97567,-3.955573,1.911146
97568,-2.892753,0.440071
97569,-1.811776,-1.721883
97570,-0.816833,0.266948
97571,-2.440004,0.142820
97572,-3.427775,0.988831
97573,-3.866718,2.000000
97574,-3.427775,0.988831
97575,-3.326140,1.781812
97576,-3.779838,1.826239
97577,-3.563623,1.781812
97578,-3.397582,1.449729
97579,-2.005777,-1.721883
97580,-2.706235,1.449729
97581,-3.167133,0.988831
97582,-2.730682,1.365341
97583,-3.326140,1.781812
97584,-2.874250,1.652478
97585,-2.316833,-1.233052
97586,-2.166234,-1.400969
97587,-1.921819,-1.889800
97588,-2.060606,1.030303
97589,-3.158125,1.579063
97590,-3.304955,1.652478
97591,-2.874250,1.652478
97592,-0.873502,-0.445042
97593,-0.259965,0.149460
97594,-3.911146,1.955573
97595,-3.152379,1.955573
97596,-3.658223,1.449729
97597,-1.636943,1.074730
97598,-0.710661,0.054604
97599,-1.624178,-1.488831
97600,-1.370469,-1.000000
97601,-2.717704,0.698220
97602,-2.176109,0.777479
97603,-2.349870,0.603718
97604,-1.811776,-1.721883
97605,-3.123202,0.900969
97606,-3.153395,0.440071
97607,-1.978621,0.733052
97608,-3.658223,1.449729
97609,-3.051264,1.365341
97610,-2.696708,1.652478
97611,-3.462508,1.191580
97612,-2.872277,1.781812
97613,-3.528889,1.579063
97614,-3.911146,1.955573
97615,-1.003761,1.579063
97616,-2.576901,1.579063
97617,-2.466259,1.191580
97618,-2.576901,1.579063
97619,-3.650504,1.955573
97620,-1.978621,0.733052
97621,-2.598822,-0.147791
97622,-1.210838,0.222521
97623,-1.406715,-0.277479
97624,-3.215828,0.698220
97625,-3.158125,1.579063
97626,-3.650504,1.955573
97627,-3.652478,1.826239
97628,-3.335148,1.191580
97629,-3.326140,1.781812
97630,-3.158125,1.579063
97631,-3.656250,1.579063
97632,-3.563623,1.781812
97633,-1.300576,-0.365341
97634,-2.892753,0.440071
97635,-2.181855,0.400969
97636,-0.771367,0.222521
97637,-1.926590,-0.109562
97638,-1.248319,-1.466104
97639,-2.337712,0.326239
97640,-3.074730,0.149460
97641,-3.911146,1.955573
97642,-3.088468,0.698220
97643,-3.088468,0.698220
97644,-3.123202,0.900969
97645,-3.694931,1.911146
97646,-3.397582,1.449729
97647,-0.131918,-0.033258
97648,-1.409351,-0.147791
97649,-2.311457,-0.722521
97650,-3.563623,1.781812
97651,-3.462508,1.191580
97652,-3.866718,2.000000
97653,-2.440004,0.142820
97654,-2.669008,0.988831
97655,-3.911146,1.955573
97656,-3.281713,1.826239
97657,-3.462508,1.191580
97658,-3.623490,1.246980
97659,-3.650504,1.955573
97660,-2.440004,0.142820
97661,-3.528889,1.579063
97662,-1.592048,0.093187
97663,-3.434289,1.911146
97664,-3.911146,1.955573
97665,-1.733246,0.500000
97666,-2.056191,-1.233052
97667,-1.811776,-1.721883
97668,-2.859464,-0.147791
97669,-1.978621,0.733052
97670,-1.836861,1.579063
97671,-3.652478,1.826239
97672,-3.911146,1.955573
97673,-3.822291,1.911146
97674,-3.484462,1.623490
97675,-3.658223,1.449729
97676,-2.810768,0.142820
97677,-3.652478,1.826239
97678,-3.158125,1.579063
97679,-3.822291,1.911146
97680,-2.793116,1.623490
97681,-3.215828,0.698220
97682,-3.158125,1.579063
97683,-2.349870,0.603718
97684,-2.181855,0.400969
97685,-3.333174,1.320914
97686,-3.650504,1.955573
97687,0.531149,-0.658322
97688,-0.256645,0.142820
97689,-2.208111,1.449729
97690,-3.462508,1.191580
97691,-1.847313,0.603718
97692,-1.977662,0.988831
97693,-3.623490,1.246980
97694,-1.890808,-0.955573
97695,-3.824265,1.781812
97696,-2.899457,1.449729
97697,-3.246980,1.623490
97698,-3.152379,1.955573
97699,-1.349578,0.500000
97700,-3.652478,1.826239
97701,-2.493959,1.246980
97702,-2.892753,0.440071
97703,-3.484462,1.623490
97704,-3.652478,1.826239
97705,-3.335148,1.191580
97706,-2.343556,-0.658322
97707,-2.885719,0.900969
97708,-3.484462,1.623490
97709,-3.397582,1.449729
97710,-3.650504,1.955573
97711,-3.215828,0.698220
97712,-3.824265,1.781812
97713,-3.158125,1.579063
97714,-2.654083,-0.425270
97715,-2.541119,0.733052
97716,-2.885719,0.900969
97717,-3.335148,1.191580
97718,-2.176109,0.777479
97719,-1.760035,1.320914
97720,-2.885719,0.900969
97721,-0.765763,0.730682
97722,-1.849772,0.733052
97723,-2.700489,1.826239
97724,-0.322099,-0.722521
97725,-3.397582,1.449729
97726,-3.167133,0.988831
97727,-1.462714,0.222521
97728,-1.594507,0.222521
97729,-2.964384,1.191580
97730,-3.779838,1.826239
97731,-3.397582,1.449729
97732,-3.779838,1.826239
97733,-0.553817,0.440071
97734,-3.658223,1.449729
97735,-2.859464,-0.147791
97736,-3.051264,1.365341
97737,-2.563163,1.030303
97738,-0.288010,1.911146
97739,0.449827,1.579063
97740,-3.158125,1.579063
97741,0.544427,1.911146
97742,-3.822291,1.911146
97743,-3.152379,1.955573
97744,-3.826239,1.652478
97745,-3.658223,1.449729
97746,-3.304955,1.652478
97747,-2.242359,1.781812
97748,-3.161387,1.365341
97749,-0.458468,1.320914
97750,-0.219815,0.011169
97751,-1.717542,-0.914101
97752,-2.706235,1.449729
97753,-2.228125,1.365341
97754,-3.911146,1.955573
97755,-3.065499,1.781812
97756,-2.859464,-0.147791
97757,-2.793116,1.623490
97758,-2.899457,1.449729
97759,-2.993868,1.030303
97760,-3.528889,1.579063
97761,-2.859464,-0.147791
97762,-0.911611,-1.400969
97763,-1.279149,1.191580
97764,-3.484462,1.623490
97765,-1.775215,0.326239
97766,-3.194833,1.652478
97767,-1.878417,-1.721883
97768,0.420083,1.030303
97769,-3.656250,1.579063
97770,-2.711958,1.074730
97771,0.504443,0.326239
97772,2.429650,-1.488831
97773,-1.132335,-0.826239
97774,-3.650504,1.955573
97775,-3.563623,1.781812
97776,-0.810020,1.191580
97777,-1.261910,1.320914
97778,-0.784266,0.900969
97779,-2.343556,-0.658322
97780,0.864828,-1.400969
97781,-2.883745,1.030303
97782,-3.656250,1.579063
97783,-3.658223,1.449729
97784,-2.700489,1.826239
97785,-2.780575,0.603718
97786,-1.833963,0.093187
97787,-1.762008,1.191580
97788,-1.824442,1.449729
97789,-0.472729,-0.033258
97790,0.690306,-0.277479
97791,-1.039708,-0.623490
97792,-1.006419,-1.211352
97793,-1.762008,1.191580
97794,-3.484462,1.623490
97795,-2.700489,1.826239
97796,-0.650969,0.099031
97797,-2.711958,1.074730
97798,-1.955475,-0.826239
97799,-2.100697,-0.147791
97800,-2.810768,0.142820
97801,-1.647948,-0.445042
97802,-2.343556,-0.658322
97803,-3.088468,0.698220
97804,-3.051264,1.365341
97805,-3.911146,1.955573
97806,-2.374152,1.781812
97807,-2.110972,-1.123490
97808,-2.526723,-0.425270
97809,-0.728444,-1.634021
97810,-1.074632,0.054604
97811,-3.065499,1.781812
97812,-3.911146,1.955573
97813,-3.153395,0.440071
97814,-0.666236,-1.634021
97815,-2.098256,0.455573
97816,-1.813332,-0.722521
97817,-3.074730,0.149460
97818,-0.121614,-1.123490
97819,-2.347897,0.733052
97820,-1.154522,0.988831
97821,-3.281713,1.826239
97822,-2.696708,1.652478
97823,-1.210838,0.222521
97824,-2.859464,-0.147791
97825,-3.232059,0.730682
97826,-1.727818,-1.889800
97827,-1.731816,1.652478
97828,-1.933731,0.900969
97829,-3.911146,1.955573
97830,-2.256195,-0.445042
97831,-2.430339,0.123490
97832,-2.899457,1.449729
97833,-0.607038,-1.488831
97834,-1.014727,-0.162592
97835,-2.572099,-0.722521
97836,-0.709394,0.440071
97837,-3.158125,1.579063
97838,-3.158125,1.579063
97839,-3.822291,1.911146
97840,-2.777479,-0.445042
97841,-3.652478,1.826239
97842,-3.304955,1.652478
97843,-3.650504,1.955573
97844,-1.813332,-0.722521
97845,-2.859464,-0.147791
97846,-0.669220,1.781812
97847,-3.167133,0.988831
97848,-3.065499,1.781812
97849,-3.563623,1.781812
97850,-3.563623,1.781812
97851,-3.335148,1.191580
97852,-1.978621,0.733052
97853,-0.771367,0.222521
97854,-2.098256,0.455573
97855,-3.563623,1.781812
97856,-3.158125,1.579063
97857,-2.343556,-0.658322
97858,-0.735570,1.191580
97859,-3.652478,1.826239
97860,0.089613,0.149460
97861,-1.420728,1.030303
97862,-2.696708,1.652478
97863,-3.434289,1.911146
97864,-1.133363,0.455573
97865,-1.845869,0.988831
97866,-3.397582,1.449729
97867,-3.427775,0.988831
97868,-3.911146,1.955573
97869,-3.658223,1.449729
97870,-0.967322,0.123490
97871,-3.484462,1.623490
97872,-2.641828,1.320914
97873,-0.966034,-0.162592
97874,-3.434289,1.911146
97875,-3.484462,1.623490
97876,-3.434289,1.911146
97877,-0.967322,0.123490
97878,-2.394628,0.440071
97879,-3.326140,1.781812
97880,-3.528889,1.579063
97881,-3.194833,1.652478
97882,-2.541119,0.733052
97883,-3.088468,0.698220
97884,-0.021523,0.142820
97885,-2.793116,1.623490
97886,-3.246980,1.623490
97887,-3.246980,1.623490
97888,-3.088468,0.698220
97889,-3.911146,1.955573
97890,-1.445133,0.698220
97891,-3.095692,1.320914
97892,-3.051264,1.365341
97893,-1.719513,1.246980
97894,-3.650504,1.955573
97895,-1.933731,0.900969
97896,-3.563623,1.781812
97897,-2.835050,1.320914
97898,-1.412671,0.730682
97899,-1.727818,-1.889800
97900,-3.153395,0.440071
97901,-1.703282,0.440071
97902,-1.592048,0.093187
97903,-0.272292,-0.658322
97904,-0.728444,-1.634021
97905,-1.695108,1.579063
97906,0.185991,-0.147791
97907,-2.181855,0.400969
97908,-1.977662,0.988831
97909,-1.717979,0.733052
97910,-1.280886,-1.400969
97911,-2.793116,1.623490
97912,-2.835050,1.320914
97913,-3.246980,1.623490
97914,-3.822291,1.911146
97915,-3.911146,1.955573
97916,-2.810768,0.142820
97917,-2.060606,1.030303
97918,-2.385621,1.030303
97919,-3.822291,1.911146
97920,-3.167133,0.988831
97921,-3.335148,1.191580
97922,-2.899457,1.449729
97923,-3.158125,1.579063
97924,-3.335148,1.191580
97925,-1.397882,0.603718
97926,0.339445,1.191580
97927,-3.563623,1.781812
97928,-3.326140,1.781812
97929,-2.706235,1.449729
97930,-2.366718,-1.000000
97931,-3.304955,1.652478
97932,-3.824265,1.781812
97933,-3.911146,1.955573
97934,-3.484462,1.623490
97935,-3.563623,1.781812
97936,-1.384971,1.449729
97937,-3.652478,1.826239
97938,-1.717542,-0.914101
97939,-2.605388,-0.134659
97940,-1.955475,-0.826239
97941,-3.427775,0.988831
97942,-2.168944,1.246980
97943,-3.650504,1.955573
97944,-2.461033,1.955573
97945,-3.652478,1.826239
97946,-3.658223,1.449729
97947,-3.658223,1.449729
97948,-2.873202,0.400969
97949,-3.095692,1.320914
97950,-0.317668,1.911146
97951,-4.000000,2.000000
97952,-3.822291,1.911146
97953,-0.700307,0.733052
97954,-0.650969,0.099031
97955,-3.563623,1.781812
97956,-3.694931,1.911146
97957,-3.528889,1.579063
97958,-3.123202,0.900969
97959,-1.934194,0.777479
97960,-3.650504,1.955573
97961,-2.670453,0.603718
97962,-2.056191,-1.233052
97963,-0.014576,-0.134659
97964,-2.302521,1.030303
97965,-3.246980,1.623490
97966,-3.434289,1.911146
97967,-2.870469,2.000000
97968,-3.563623,1.781812
97969,-0.186825,-0.074730
97970,-1.574293,-1.721883
97971,-0.712714,0.222521
97972,-1.864156,-0.367711
97973,-3.152379,1.955573
97974,-3.658223,1.449729
97975,-3.484462,1.623490
97976,-2.700489,1.826239
97977,-2.163198,1.623490
97978,-2.518736,1.074730
97979,-3.324167,1.911146
97980,-3.656250,1.579063
97981,-2.383160,1.191580
97982,-2.730682,1.365341
97983,-3.324167,1.911146
97984,-2.336959,1.449729
97985,-2.810768,0.142820
97986,-3.652478,1.826239
97987,-2.669008,0.988831
97988,-2.518736,1.074730
97989,-3.478716,2.000000
97990,-3.335148,1.191580
97991,-3.123202,0.900969
97992,-1.275116,0.455573
97993,-1.248319,-1.466104
97994,-3.462508,1.191580
97995,-3.434289,1.911146
97996,-3.065499,1.781812
97997,-1.845869,0.988831
97998,-3.051264,1.365341
97999,-2.576901,1.579063
98000,-0.600619,0.222521
98001,-0.445042,0.222521
98002,-2.374152,1.781812
98003,-3.652478,1.826239
98004,-3.333174,1.320914
98005,-3.563623,1.781812
98006,-3.484462,1.623490
98007,-3.304955,1.652478
98008,-3.824265,1.781812
98009,-3.326140,1.781812
98010,-3.658223,1.449729
98011,-0.861260,0.222521
98012,-2.670453,0.603718
98013,-2.518736,1.074730
98014,-2.343556,-0.658322
98015,-0.966034,-0.162592
98016,-2.993868,1.030303
98017,-2.641828,1.320914
98018,-3.824265,1.781812
98019,-2.872277,1.781812
98020,-3.326140,1.781812
98021,-1.412671,0.730682
98022,-3.427775,0.988831
98023,-2.793116,1.623490
98024,-1.349578,0.500000
98025,-0.823226,0.326239
98026,-2.874250,1.652478
98027,-3.065499,1.781812
98028,-3.158125,1.579063
98029,-3.484462,1.623490
98030,-2.181855,0.400969
98031,-0.913353,-0.365341
98032,-3.779838,1.826239
98033,-2.993868,1.030303
98034,-1.011473,1.652478
98035,-3.397582,1.449729
98036,-0.855884,0.733052
98037,-3.563623,1.781812
98038,-2.837543,1.579063
98039,-2.964384,1.191580
98040,-2.993868,1.030303
98041,-2.793116,1.623490
98042,-3.563623,1.781812
98043,-3.563623,1.781812
98044,-2.644197,-0.445042
98045,-2.837543,1.579063
98046,-3.955573,1.911146
98047,-1.681370,1.030303
98048,-3.281713,1.826239
98049,-0.275215,1.826239
98050,-3.484462,1.623490
98051,-3.692957,1.652478
98052,-3.232059,0.730682
98053,-2.563163,1.030303
98054,-2.598822,-0.147791
98055,-0.967322,0.123490
98056,-0.652478,0.326239
98057,-3.656250,1.579063
98058,-2.711958,1.074730
98059,-3.427775,0.988831
98060,-3.826239,1.652478
98061,-3.158125,1.579063
98062,-2.730682,1.365341
98063,-2.706235,1.449729
98064,-0.834695,-0.425270
98065,-1.198511,1.030303
98066,-3.650504,1.955573
98067,-2.394628,0.440071
98068,-3.911146,1.955573
98069,-1.275116,0.455573
98070,-2.793116,1.623490
98071,-2.311457,-0.722521
98072,-3.326140,1.781812
98073,-3.095692,1.320914
98074,-3.490208,1.246980
98075,-3.563623,1.781812
98076,-2.899457,1.449729
98077,-2.717704,0.698220
98078,-2.859464,-0.147791
98079,-2.155959,-0.425270
98080,-1.773241,0.455573
98081,-2.119812,-0.109562
98082,-3.095692,1.320914
98083,-2.899457,1.449729
98084,-2.700489,1.826239
98085,-3.824265,1.781812
98086,-3.161387,1.365341
98087,-2.383160,1.191580
98088,-3.427775,0.988831
98089,-0.212537,0.054604
98090,-3.490208,1.246980
98091,-2.700489,1.826239
98092,-1.945199,0.149460
98093,-3.911146,1.955573
98094,-3.335148,1.191580
98095,-3.158125,1.579063
98096,-2.334986,1.579063
98097,-2.641828,1.320914
98098,-1.384971,1.449729
98099,-0.642527,-0.914101
98100,-0.686069,-0.722521
98101,-3.563623,1.781812
98102,-2.993868,1.030303
98103,-2.870469,2.000000
98104,-3.194833,1.652478
98105,-3.911146,1.955573
98106,-3.563623,1.781812
98107,-2.518736,1.074730
98108,-3.623490,1.246980
98109,-3.658223,1.449729
98110,-3.462508,1.191580
98111,-3.153395,0.440071
98112,-2.440004,0.142820
98113,-3.397582,1.449729
98114,1.128098,0.222521
98115,-1.474108,-1.400969
98116,-3.153395,0.440071
98117,-3.650504,1.955573
98118,-2.038874,-1.400969
98119,-1.928302,-1.488831
98120,-3.955573,1.911146
98121,-3.462508,1.191580
98122,-3.462508,1.191580
98123,-2.541119,0.733052
98124,-3.866718,2.000000
98125,-3.824265,1.781812
98126,-3.088468,0.698220
98127,-0.569543,-0.955573
98128,-2.526723,-0.425270
98129,-3.528889,1.579063
98130,-2.892753,0.440071
98131,-1.928302,-1.488831
98132,-3.427775,0.988831
98133,-1.445881,-0.074730
98134,-2.892753,0.440071
98135,-2.383160,1.191580
98136,-3.152379,1.955573
98137,-2.810768,0.142820
98138,-3.152379,1.955573
98139,-3.563623,1.781812
98140,-3.088468,0.698220
98141,-2.993868,1.030303
98142,-2.106074,-0.658322
98143,-1.926590,-0.109562
98144,-2.835050,1.320914
98145,-2.051596,1.911146
98146,-3.911146,1.955573
98147,-1.801938,0.900969
98148,-2.336959,1.449729
98149,-3.065499,1.781812
98150,-3.911146,1.955573
98151,0.130578,0.142820
98152,-2.576901,1.579063
98153,-2.793116,1.623490
98154,-3.051264,1.365341
98155,-3.911146,1.955573
98156,-3.088468,0.698220
98157,-3.281713,1.826239
98158,-2.540461,0.123490
98159,-1.412671,0.730682
98160,-3.268248,1.579063
98161,-3.152379,1.955573
98162,-3.484462,1.623490
98163,-2.793116,1.623490
98164,-3.246980,1.623490
98165,-1.170753,0.149460
98166,-3.268248,1.579063
98167,-3.911146,1.955573
98168,-3.194833,1.652478
98169,-2.696708,1.652478
98170,-3.694931,1.911146
98171,-2.015156,0.455573
98172,-3.153395,0.440071
98173,-3.528889,1.579063
98174,-3.911146,1.955573
98175,-3.326140,1.781812
98176,-3.484462,1.623490
98177,-3.088468,0.698220
98178,-3.152379,1.955573
98179,-3.911146,1.955573
98180,-3.484462,1.623490
98181,-3.692957,1.652478
98182,-3.650504,1.955573
98183,-2.670453,0.603718
98184,-3.051264,1.365341
98185,-2.141244,1.191580
98186,-3.779838,1.826239
98187,-3.268248,1.579063
98188,-3.484462,1.623490
98189,-2.119812,-0.109562
98190,-3.232059,0.730682
98191,-3.326140,1.781812
98192,-1.713557,-0.535628
98193,-1.637893,1.955573
98194,0.456523,-0.425270
98195,-2.553446,0.149460
98196,-2.938128,0.142820
98197,-1.960449,1.826239
98198,-2.242359,1.781812
98199,-2.431855,0.900969
98200,-3.462508,1.191580
98201,-3.694931,1.911146
98202,-2.163198,1.623490
98203,-1.006419,-1.211352
98204,-3.158125,1.579063
98205,-2.294861,-0.367711
98206,-2.266948,-1.466104
98207,-2.572099,-0.722521
98208,-3.563623,1.781812
98209,-3.158125,1.579063
98210,-3.324167,1.911146
98211,-2.844057,0.730682
98212,-2.394628,0.440071
98213,-3.563623,1.781812
98214,-2.272552,1.320914
98215,-3.563623,1.781812
98216,-1.244415,0.988831
98217,-2.060606,1.030303
98218,-1.988459,-1.889800
98219,-1.773241,0.455573
98220,-2.641828,1.320914
98221,-2.874250,1.652478
98222,-0.011858,0.123490
98223,-1.120429,-1.721883
98224,-1.420728,1.030303
98225,-1.170844,-1.233052
98226,-3.397582,1.449729
98227,-1.507653,-1.721883
98228,-3.434289,1.911146
98229,-2.272552,1.320914
98230,-3.528889,1.579063
98231,-3.095692,1.320914
98232,-3.955573,1.911146
98233,-2.899457,1.449729
98234,-3.326140,1.781812
98235,-3.656250,1.579063
98236,-2.700489,1.826239
98237,-2.336959,1.449729
98238,-3.484462,1.623490
98239,-3.824265,1.781812
98240,-2.872277,1.781812
98241,-3.484462,1.623490
98242,-3.658223,1.449729
98243,-3.658223,1.449729
98244,-4.000000,2.000000
98245,-3.324167,1.911146
98246,-3.158125,1.579063
98247,-3.333174,1.320914
98248,-2.641828,1.320914
98249,-3.153395,0.440071
98250,-1.593993,0.988831
98251,0.850540,-0.425270
98252,-2.526723,-0.425270
98253,0.575655,0.455573
98254,-0.001041,-0.277479
98255,-2.208111,1.449729
98256,-3.779838,1.826239
98257,0.117217,-0.134659
98258,-2.065597,-0.826239
98259,-1.727818,-1.889800
98260,-2.883745,1.030303
98261,-1.492359,1.781812
98262,-1.074632,0.054604
98263,-2.493959,1.246980
98264,-3.826239,1.652478
98265,-3.335148,1.191580
98266,-2.654083,-0.425270
98267,-1.349578,0.500000
98268,-2.208111,1.449729
98269,-3.161387,1.365341
98270,-3.911146,1.955573
98271,-1.524320,-0.914101
98272,-3.102206,1.246980
98273,-3.911146,1.955573
98274,-2.696708,1.652478
98275,-1.149815,1.320914
98276,-2.336959,1.449729
98277,-3.427775,0.988831
98278,-2.572099,-0.722521
98279,-2.899457,1.449729
98280,-3.824265,1.781812
98281,-2.706235,1.449729
98282,-1.445133,0.698220
98283,-2.605388,-0.134659
98284,-2.899457,1.449729
98285,-2.576901,1.579063
98286,-2.540461,0.123490
98287,-1.062213,-0.074730
98288,-3.434289,1.911146
98289,-3.065499,1.781812
98290,-3.051264,1.365341
98291,-3.434289,1.911146
98292,-3.694931,1.911146
98293,-2.742943,1.911146
98294,-2.837543,1.579063
98295,-2.466259,1.191580
98296,-3.528889,1.579063
98297,-3.955573,1.911146
98298,-3.051264,1.365341
98299,-0.563340,0.698220
98300,-2.696708,1.652478
98301,-2.440004,0.142820
98302,-3.167133,0.988831
98303,-3.152379,1.955573
98304,-3.326140,1.781812
98305,-3.065499,1.781812
98306,-3.694931,1.911146
98307,-2.964384,1.191580
98308,-2.872277,1.781812
98309,-1.933731,0.900969
98310,-1.123325,0.054604
98311,-0.322099,-0.722521
98312,-3.167133,0.988831
98313,-2.669008,0.988831
98314,-2.730682,1.365341
98315,-3.158125,1.579063
98316,-3.158125,1.579063
98317,-2.717704,0.698220
98318,-2.002903,1.911146
98319,-2.374152,1.781812
98320,-1.475625,-0.623490
98321,-3.563623,1.781812
98322,-3.158125,1.579063
98323,-3.397582,1.449729
98324,-3.826239,1.652478
98325,-2.717704,0.698220
98326,-3.095692,1.320914
98327,-3.658223,1.449729
98328,-2.885719,0.900969
98329,-2.844057,0.730682
98330,-0.847680,1.246980
98331,-3.158125,1.579063
98332,-3.484462,1.623490
98333,-3.158125,1.579063
98334,-2.859464,-0.147791
98335,-3.215828,0.698220
98336,-2.367905,-0.134659
98337,-0.336881,-0.826239
98338,-1.492359,1.781812
98339,-3.194833,1.652478
98340,-3.955573,1.911146
98341,-1.643120,1.191580
98342,-0.926428,-1.721883
98343,-3.304955,1.652478
98344,-1.349578,0.500000
98345,-3.490208,1.246980
98346,-3.215828,0.698220
98347,-2.874250,1.652478
98348,-2.844057,0.730682
98349,-3.826239,1.652478
98350,-0.176865,-0.074730
98351,-1.168783,-0.365341
98352,-2.892753,0.440071
98353,-2.780575,0.603718
98354,-2.711958,1.074730
98355,-2.885719,0.900969
98356,-3.158125,1.579063
98357,-3.490208,1.246980
98358,-3.246980,1.623490
98359,-3.158125,1.579063
98360,-3.563623,1.781812
98361,-3.333174,1.320914
98362,-2.730682,1.365341
98363,-2.899457,1.449729
98364,-3.484462,1.623490
98365,-1.396440,0.698220
98366,-0.472729,-0.033258
98367,-0.928928,-1.233052
98368,-1.794458,-1.889800
98369,-2.669008,0.988831
98370,-2.873202,0.400969
98371,-1.396440,0.698220
98372,-3.652478,1.826239
98373,-3.652478,1.826239
98374,-1.574293,-1.721883
98375,-1.731816,1.652478
98376,-3.365341,0.730682
98377,-4.000000,2.000000
98378,-3.652478,1.826239
98379,-2.383160,1.191580
98380,-3.158125,1.579063
98381,-3.326140,1.781812
98382,-3.490208,1.246980
98383,-1.858780,0.142820
98384,-3.161387,1.365341
98385,-3.304955,1.652478
98386,-3.158125,1.579063
98387,-2.349870,0.603718
98388,-3.427775,0.988831
98389,-3.365341,0.730682
98390,-1.349578,0.500000
98391,-3.161387,1.365341
98392,-3.333174,1.320914
98393,-2.605388,-0.134659
98394,-1.022292,-0.658322
98395,-1.396440,0.698220
98396,0.299516,-1.801938
98397,-0.602063,-0.162592
98398,-3.911146,1.955573
98399,-3.528889,1.579063
98400,-1.551584,-1.634021
98401,-1.574293,-1.721883
98402,-2.056191,-1.233052
98403,-2.259209,0.777479
98404,-3.102206,1.246980
98405,-3.088468,0.698220
98406,-1.845869,0.988831
98407,-3.694931,1.911146
98408,-2.526723,-0.425270
98409,-3.779838,1.826239
98410,-0.763270,1.246980
98411,-1.917063,0.093187
98412,-2.388932,-0.955573
98413,-1.717542,-0.914101
98414,-2.696708,1.652478
98415,-3.866718,2.000000
98416,-3.397582,1.449729
98417,-3.333174,1.320914
98418,-3.692957,1.652478
98419,-3.152379,1.955573
98420,-2.964384,1.191580
98421,-3.397582,1.449729
98422,-2.938128,0.142820
98423,-3.397582,1.449729
98424,-1.771749,-1.801938
98425,-0.366526,-1.466104
98426,-3.152379,1.955573
98427,-3.095692,1.320914
98428,-3.095692,1.320914
98429,-2.938128,0.142820
98430,-1.261910,1.320914
98431,-1.233709,-0.623490
98432,-3.123202,0.900969
98433,-3.650504,1.955573
98434,-3.095692,1.320914
98435,-3.694931,1.911146
98436,-3.051264,1.365341
98437,-3.692957,1.652478
98438,-3.246980,1.623490
98439,-2.388932,-0.955573
98440,-2.576901,1.579063
98441,-3.658223,1.449729
98442,-2.011910,1.320914
98443,-3.563623,1.781812
98444,-3.268248,1.579063
98445,-2.388932,-0.955573
98446,-3.484462,1.623490
98447,-2.717704,0.698220
98448,-3.563623,1.781812
98449,-3.484462,1.623490
98450,-2.394628,0.440071
98451,-3.826239,1.652478
98452,-3.397582,1.449729
98453,-3.490208,1.246980
98454,-2.366718,-1.000000
98455,-1.534266,-1.801938
98456,-1.005460,-0.955573
98457,-2.872277,1.781812
98458,-3.167133,0.988831
98459,-3.652478,1.826239
98460,-3.427775,0.988831
98461,-3.158125,1.579063
98462,-2.641828,1.320914
98463,-2.383160,1.191580
98464,-3.652478,1.826239
98465,-2.706235,1.449729
98466,-3.326140,1.781812
98467,-3.652478,1.826239
98468,-3.335148,1.191580
98469,-3.215828,0.698220
98470,-2.899457,1.449729
98471,-2.669008,0.988831
98472,-3.158125,1.579063
98473,-3.158125,1.579063
98474,-3.158125,1.579063
98475,-3.324167,1.911146
98476,-3.911146,1.955573
98477,-3.822291,1.911146
98478,-2.700489,1.826239
98479,-2.717704,0.698220
98480,-3.304955,1.652478
98481,-2.374152,1.781812
98482,-2.430339,0.123490
98483,-2.874250,1.652478
98484,-3.158125,1.579063
98485,-1.413419,-0.914101
98486,-2.730682,1.365341
98487,-3.911146,1.955573
98488,-2.383160,1.191580
98489,-3.822291,1.911146
98490,-2.272552,1.320914
98491,-2.461033,1.955573
98492,-3.652478,1.826239
98493,-2.176109,0.777479
98494,-2.430339,0.123490
98495,-3.161387,1.365341
98496,-3.397582,1.449729
98497,-2.859464,-0.147791
98498,-3.652478,1.826239
98499,-3.123202,0.900969
98500,-3.484462,1.623490
98501,-1.185762,-1.977662
98502,-1.248319,-1.466104
98503,-2.311457,-0.722521
98504,-2.696708,1.652478
98505,-3.281713,1.826239
98506,-3.194833,1.652478
98507,-3.955573,1.911146
98508,-3.955573,1.911146
98509,-1.647948,-0.445042
98510,-3.088468,0.698220
98511,-3.246980,1.623490
98512,-3.102206,1.246980
98513,-1.760035,1.320914
98514,-3.563623,1.781812
98515,-2.964384,1.191580
98516,-2.563163,1.030303
98517,-2.526723,-0.425270
98518,-3.650504,1.955573
98519,-2.015156,0.455573
98520,-1.574735,-0.425270
98521,-2.228125,1.365341
98522,-1.960449,1.826239
98523,-1.926590,-0.109562
98524,-1.349189,0.603718
98525,-3.152379,1.955573
98526,-2.119812,-0.109562
98527,-3.335148,1.191580
98528,-1.309583,-0.955573
98529,-3.824265,1.781812
98530,-2.493959,1.246980
98531,-3.304955,1.652478
98532,-3.158125,1.579063
98533,-3.490208,1.246980
98534,-1.955475,-0.826239
98535,-3.304955,1.652478
98536,-2.885719,0.900969
98537,-2.572099,-0.722521
98538,-2.793116,1.623490
98539,-3.167133,0.988831
98540,-3.490208,1.246980
98541,-3.563623,1.781812
98542,-3.824265,1.781812
98543,-3.153395,0.440071
98544,-2.056191,-1.233052
98545,-2.572099,-0.722521
98546,-2.835050,1.320914
98547,-3.563623,1.781812
98548,-1.461364,0.730682
98549,-2.334986,1.579063
98550,-3.397582,1.449729
98551,-3.167133,0.988831
98552,-1.794458,-1.889800
98553,-1.794458,-1.889800
98554,-2.116349,-1.634021
98555,-1.466104,0.733052
98556,-1.727818,-1.889800
98557,-2.826042,1.911146
98558,-3.658223,1.449729
98559,-2.272552,1.320914
98560,-3.650504,1.955573
98561,-3.335148,1.191580
98562,-1.762918,-1.211352
98563,-2.598822,-0.147791
98564,-2.541119,0.733052
98565,-3.528889,1.579063
98566,-3.326140,1.781812
98567,-2.874250,1.652478
98568,-2.874250,1.652478
98569,-2.873202,0.400969
98570,-2.669008,0.988831
98571,-3.324167,1.911146
98572,-3.652478,1.826239
98573,-2.598822,-0.147791
98574,-1.864156,-0.367711
98575,-3.822291,1.911146
98576,-3.326140,1.781812
98577,-3.563623,1.781812
98578,-2.493959,1.246980
98579,-2.872277,1.781812
98580,-2.669008,0.988831
98581,-3.563623,1.781812
98582,-3.563623,1.781812
98583,-3.650504,1.955573
98584,-3.158125,1.579063
98585,-3.658223,1.449729
98586,-2.385621,1.030303
98587,-3.826239,1.652478
98588,-3.167133,0.988831
98589,-3.822291,1.911146
98590,-2.461033,1.955573
98591,-2.598822,-0.147791
98592,-3.563623,1.781812
98593,-2.383160,1.191580
98594,-2.941449,0.149460
98595,-3.095692,1.320914
98596,-3.822291,1.911146
98597,-0.001669,-0.445042
98598,-1.123325,0.054604
98599,-3.911146,1.955573
98600,-2.964384,1.191580
98601,-3.658223,1.449729
98602,-3.563623,1.781812
98603,-3.095692,1.320914
98604,-2.706235,1.449729
98605,-3.563623,1.781812
98606,0.130578,0.142820
98607,-2.826042,1.911146
98608,-3.158125,1.579063
98609,-1.977662,0.988831
98610,-3.563623,1.781812
98611,-2.334986,1.579063
98612,-2.810768,0.142820
98613,-3.692957,1.652478
98614,-3.462508,1.191580
98615,-3.397582,1.449729
98616,-3.051264,1.365341
98617,-2.576901,1.579063
98618,-2.388932,-0.955573
98619,-1.574735,-0.425270
98620,-1.180804,0.266948
98621,-2.706235,1.449729
98622,-0.764573,0.326239
98623,-2.015156,0.455573
98624,-1.214222,1.449729
98625,-2.394628,0.440071
98626,-1.254687,0.698220
98627,-2.149460,1.074730
98628,-3.232059,0.730682
98629,-2.228125,1.365341
98630,-2.261572,-0.955573
98631,-1.652210,-0.658322
98632,-2.873202,0.400969
98633,-2.993868,1.030303
98634,-3.194833,1.652478
98635,-3.824265,1.781812
98636,-3.528889,1.579063
98637,-3.397582,1.449729
98638,-3.658223,1.449729
98639,-3.563623,1.781812
98640,-3.692957,1.652478
98641,-3.123202,0.900969
98642,-3.563623,1.781812
98643,-3.167133,0.988831
98644,-3.232059,0.730682
98645,-3.484462,1.623490
98646,-3.563623,1.781812
98647,-0.643478,-0.033258
98648,-1.225625,-1.123490
98649,-1.568917,-1.211352
98650,-1.745664,-1.466104
98651,0.388447,0.326239
98652,-1.062213,-0.074730
98653,-3.779838,1.826239
98654,-3.779838,1.826239
98655,-2.872277,1.781812
98656,-2.136480,0.698220
98657,-1.123325,0.054604
98658,-2.430339,0.123490
98659,-3.153395,0.440071
98660,-2.106074,-0.658322
98661,-2.261572,-0.955573
98662,-1.231001,-1.634021
98663,-1.811776,-1.721883
98664,-0.831764,-0.535628
98665,-3.365341,0.730682
98666,-3.158125,1.579063
98667,-3.123202,0.900969
98668,-1.945199,0.149460
98669,-2.669008,0.988831
98670,-0.801938,0.400969
98671,-0.427724,0.054604
98672,-1.690819,-1.488831
98673,-2.730682,1.365341
98674,-2.311457,-0.722521
98675,-2.440004,0.142820
98676,-3.824265,1.781812
98677,-2.440004,0.142820
98678,-2.518736,1.074730
98679,-1.121986,-0.722521
98680,-1.775215,0.326239
98681,-3.427775,0.988831
98682,-3.153395,0.440071
98683,-3.658223,1.449729
98684,-3.281713,1.826239
98685,-1.474108,-1.400969
98686,-0.490512,-1.721883
98687,-1.592048,0.093187
98688,-0.044056,0.054604
98689,-2.259209,0.777479
98690,-3.694931,1.911146
98691,-3.563623,1.781812
98692,-2.598822,-0.147791
98693,-3.824265,1.781812
98694,-3.088468,0.698220
98695,-1.229693,-1.889800
98696,-2.563163,1.030303
98697,-2.576901,1.579063
98698,-3.623490,1.246980
98699,-2.526723,-0.425270
98700,-3.955573,1.911146
98701,-2.964384,1.191580
98702,-2.015156,0.455573
98703,-3.326140,1.781812
98704,-2.141244,1.191580
98705,-0.709622,0.099031
98706,-3.095692,1.320914
98707,-1.507653,-1.721883
98708,-2.669008,0.988831
98709,-2.641828,1.320914
98710,-0.828197,0.988831
98711,-2.993868,1.030303
98712,-3.650504,1.955573
98713,-2.540461,0.123490
98714,-2.015156,0.455573
98715,-2.793116,1.623490
98716,-3.658223,1.449729
98717,-3.427775,0.988831
98718,-3.694931,1.911146
98719,-2.184738,-0.367711
98720,-0.823226,0.326239
98721,-1.933731,0.900969
98722,-2.899457,1.449729
98723,-3.563623,1.781812
98724,-2.163198,1.623490
98725,-2.374152,1.781812
98726,-3.866718,2.000000
98727,-2.892753,0.440071
98728,-3.563623,1.781812
98729,-3.152379,1.955573
98730,-3.779838,1.826239
98731,-2.110972,-1.123490
98732,-2.964384,1.191580
98733,-1.775215,0.326239
98734,-2.181855,0.400969
98735,-3.911146,1.955573
98736,-1.648630,-0.277479
98737,-1.878417,-1.721883
98738,-3.427775,0.988831
98739,-2.717704,0.698220
98740,-2.654083,-0.425270
98741,-2.885719,0.900969
98742,-1.988459,-1.889800
98743,-1.210838,0.222521
98744,-2.835050,1.320914
98745,-3.123202,0.900969
98746,-3.528889,1.579063
98747,-3.650504,1.955573
98748,-3.779838,1.826239
98749,-2.518736,1.074730
98750,-2.272552,1.320914
98751,-3.824265,1.781812
98752,-3.528889,1.579063
98753,-3.232059,0.730682
98754,-3.563623,1.781812
98755,-3.123202,0.900969
98756,-1.873490,-1.123490
98757,0.489821,0.123490
98758,0.289016,-0.134659
98759,-2.430339,0.123490
98760,-2.181855,0.400969
98761,-2.859464,-0.147791
98762,-2.717704,0.698220
98763,-2.060606,1.030303
98764,-2.605388,-0.134659
98765,-3.658223,1.449729
98766,-3.427775,0.988831
98767,-2.431855,0.900969
98768,-3.246980,1.623490
98769,-3.652478,1.826239
98770,-3.822291,1.911146
98771,-3.656250,1.579063
98772,-3.123202,0.900969
98773,-2.837543,1.579063
98774,-3.658223,1.449729
98775,-2.993868,1.030303
98776,-0.666236,-1.634021
98777,-0.088566,-1.634021
98778,-3.652478,1.826239
98779,-2.242359,1.781812
98780,-3.656250,1.579063
98781,-3.215828,0.698220
98782,-3.167133,0.988831
98783,-2.261572,-0.955573
98784,-1.370469,-1.000000
98785,0.504443,0.326239
98786,-0.493902,-1.211352
98787,-2.343556,-0.658322
98788,-1.703282,0.440071
98789,-0.880142,0.440071
98790,-2.005777,-1.721883
98791,-1.978716,-1.000000
98792,-3.650504,1.955573
98793,-3.779838,1.826239
98794,-0.801938,0.400969
98795,-2.181855,0.400969
98796,-0.447247,0.730682
98797,-3.866718,2.000000
98798,-2.015156,0.455573
98799,-3.281713,1.826239
98800,-3.779838,1.826239
98801,-3.462508,1.191580
98802,-3.692957,1.652478
98803,-2.644197,-0.445042
98804,-2.670453,0.603718
98805,-3.268248,1.579063
98806,-3.434289,1.911146
98807,-3.095692,1.320914
98808,-1.593993,0.988831
98809,-3.528889,1.579063
98810,-3.694931,1.911146
98811,-3.194833,1.652478
98812,-3.326140,1.781812
98813,-3.911146,1.955573
98814,-1.824442,1.449729
98815,-1.906779,-0.535628
98816,-2.100697,-0.147791
98817,-2.343556,-0.658322
98818,-3.694931,1.911146
98819,-3.281713,1.826239
98820,-0.643478,-0.033258
98821,-2.899457,1.449729
98822,-1.000000,0.500000
98823,-2.466259,1.191580
98824,-3.397582,1.449729
98825,-3.434289,1.911146
98826,-3.123202,0.900969
98827,-2.742943,1.911146
98828,-3.123202,0.900969
98829,-3.462508,1.191580
98830,-3.462508,1.191580
98831,-3.692957,1.652478
98832,-3.051264,1.365341
98833,-2.005777,-1.721883
98834,-1.442336,-1.211352
98835,-1.634892,-0.826239
98836,-1.643120,1.191580
98837,-1.906779,-0.535628
98838,-2.228125,1.365341
98839,-3.658223,1.449729
98840,-0.496901,0.326239
98841,-1.574735,-0.425270
98842,-2.011910,1.320914
98843,-1.224190,2.000000
98844,-3.434289,1.911146
98845,-2.553446,0.149460
98846,-2.572099,-0.722521
98847,-1.169803,1.911146
98848,-2.837543,1.579063
98849,-3.824265,1.781812
98850,-3.333174,1.320914
98851,-3.102206,1.246980
98852,-3.779838,1.826239
98853,-2.572099,-0.722521
98854,-3.167133,0.988831
98855,-1.849772,0.733052
98856,-2.899457,1.449729
98857,-1.801938,0.900969
98858,-1.636943,1.074730
98859,-3.153395,0.440071
98860,-2.208111,1.449729
98861,-1.574293,-1.721883
98862,-3.167133,0.988831
98863,-1.934194,0.777479
98864,-3.333174,1.320914
98865,-2.149460,1.074730
98866,-2.100697,-0.147791
98867,-2.168944,1.246980
98868,-3.563623,1.781812
98869,-3.652478,1.826239
98870,-3.484462,1.623490
98871,-1.554958,0.777479
98872,-3.333174,1.320914
98873,-3.152379,1.955573
98874,-1.733246,0.500000
98875,-2.316833,-1.233052
98876,-2.394628,0.440071
98877,-3.123202,0.900969
98878,-3.158125,1.579063
98879,-3.304955,1.652478
98880,-2.056191,-1.233052
98881,-1.070127,-0.826239
98882,-2.208111,1.449729
98883,-2.493959,1.246980
98884,-3.490208,1.246980
98885,-2.349870,0.603718
98886,-2.367905,-0.134659
98887,-3.652478,1.826239
98888,-2.883745,1.030303
98889,-1.207436,0.603718
98890,-3.123202,0.900969
98891,-1.214222,1.449729
98892,-1.690819,-1.488831
98893,-2.155959,-0.425270
98894,-2.777479,-0.445042
98895,-3.656250,1.579063
98896,-2.892753,0.440071
98897,-0.771367,0.222521
98898,-3.484462,1.623490
98899,-3.152379,1.955573
98900,-2.899457,1.449729
98901,-2.899457,1.449729
98902,-2.100697,-0.147791
98903,-0.842470,-1.889800
98904,-2.844057,0.730682
98905,-3.335148,1.191580
98906,-3.304955,1.652478
98907,-3.304955,1.652478
98908,-3.652478,1.826239
98909,-3.824265,1.781812
98910,-3.335148,1.191580
98911,-3.692957,1.652478
98912,-3.911146,1.955573
98913,-2.938128,0.142820
98914,-3.051264,1.365341
98915,-1.050429,1.652478
98916,-1.719513,1.246980
98917,-3.694931,1.911146
98918,-3.088468,0.698220
98919,-3.623490,1.246980
98920,-1.917063,0.093187
98921,-3.123202,0.900969
98922,-3.281713,1.826239
98923,-3.694931,1.911146
98924,-2.526723,-0.425270
98925,-3.326140,1.781812
98926,-2.388932,-0.955573
98927,-3.153395,0.440071
98928,-3.528889,1.579063
98929,-2.742943,1.911146
98930,-3.658223,1.449729
98931,-2.964384,1.191580
98932,-2.056191,-1.233052
98933,-3.623490,1.246980
98934,-3.563623,1.781812
98935,-3.650504,1.955573
98936,-2.872277,1.781812
98937,-2.431855,0.900969
98938,-3.911146,1.955573
98939,-3.153395,0.440071
98940,-1.466104,0.733052
98941,-3.088468,0.698220
98942,-3.462508,1.191580
98943,-3.650504,1.955573
98944,-3.088468,0.698220
98945,-3.167133,0.988831
98946,-3.911146,1.955573
98947,-2.837543,1.579063
98948,-3.462508,1.191580
98949,-2.964384,1.191580
98950,-3.694931,1.911146
98951,-2.541119,0.733052
98952,-3.095692,1.320914
98953,-3.650504,1.955573
98954,-3.650504,1.955573
98955,-1.118740,0.142820
98956,-3.427775,0.988831
98957,-3.955573,1.911146
98958,-3.246980,1.623490
98959,-3.232059,0.730682
98960,-3.955573,1.911146
98961,-3.268248,1.579063
98962,-1.760035,1.320914
98963,-3.152379,1.955573
98964,-3.051264,1.365341
98965,-3.694931,1.911146
98966,-2.742943,1.911146
98967,-3.528889,1.579063
98968,-0.427724,0.054604
98969,-3.088468,0.698220
98970,-3.095692,1.320914
98971,-2.116349,-1.634021
98972,-1.727818,-1.889800
98973,-1.727818,-1.889800
98974,-2.793116,1.623490
98975,-3.167133,0.988831
98976,-3.563623,1.781812
98977,-3.158125,1.579063
98978,-2.349870,0.603718
98979,-2.883745,1.030303
98980,-0.260824,0.093187
98981,-3.656250,1.579063
98982,-3.326140,1.781812
98983,-2.835050,1.320914
98984,-2.793116,1.623490
98985,-3.123202,0.900969
98986,-3.822291,1.911146
98987,-3.397582,1.449729
98988,-2.294861,-0.367711
98989,-1.413198,1.623490
98990,-2.810768,0.142820
98991,-1.801938,0.900969
98992,-3.397582,1.449729
98993,-2.256195,-0.445042
98994,-2.572099,-0.722521
98995,-1.734301,-1.488831
98996,-3.158125,1.579063
98997,-2.654083,-0.425270
98998,-3.161387,1.365341
98999,-2.717704,0.698220
99000,-3.152379,1.955573
99001,-1.661706,-1.634021
99002,-1.441541,-1.466104
99003,-2.119812,-0.109562
99004,-2.706235,1.449729
99005,-2.337712,0.326239
99006,-2.343556,-0.658322
99007,-3.694931,1.911146
99008,-2.336959,1.449729
99009,-3.824265,1.781812
99010,-3.650504,1.955573
99011,-3.650504,1.955573
99012,-1.648630,-0.277479
99013,-1.681370,1.030303
99014,-3.484462,1.623490
99015,-2.259209,0.777479
99016,-1.890808,-0.955573
99017,-1.574735,-0.425270
99018,-1.847313,0.603718
99019,-3.095692,1.320914
99020,-2.644197,-0.445042
99021,-3.268248,1.579063
99022,-1.231001,-1.634021
99023,-2.163198,1.623490
99024,-3.268248,1.579063
99025,-2.394628,0.440071
99026,-2.563163,1.030303
99027,-2.347897,0.733052
99028,-2.116349,-1.634021
99029,0.175738,1.623490
99030,-1.801938,0.900969
99031,-3.650504,1.955573
99032,-1.000000,0.500000
99033,-2.859464,-0.147791
99034,-3.656250,1.579063
99035,-3.822291,1.911146
99036,-3.490208,1.246980
99037,-3.824265,1.781812
99038,-2.700489,1.826239
99039,-3.158125,1.579063
99040,-3.822291,1.911146
99041,-3.563623,1.781812
99042,-0.831764,-0.535628
99043,-2.541119,0.733052
99044,-2.883745,1.030303
99045,-2.706235,1.449729
99046,-1.933731,0.900969
99047,-3.397582,1.449729
99048,-3.658223,1.449729
99049,-2.155959,-0.425270
99050,-0.298846,-0.722521
99051,-2.780575,0.603718
99052,-2.383160,1.191580
99053,-3.158125,1.579063
99054,-2.654083,-0.425270
99055,-2.899457,1.449729
99056,-3.490208,1.246980
99057,-3.490208,1.246980
99058,-1.116526,0.733052
99059,-2.835050,1.320914
99060,-2.810768,0.142820
99061,-2.541119,0.733052
99062,-2.394628,0.440071
99063,0.196404,0.011169
99064,-0.926428,-1.721883
99065,-2.256195,-0.445042
99066,-2.572099,-0.722521
99067,-3.826239,1.652478
99068,-3.658223,1.449729
99069,-3.652478,1.826239
99070,-3.324167,1.911146
99071,-3.152379,1.955573
99072,-3.246980,1.623490
99073,-1.978621,0.733052
99074,-2.635719,0.400969
99075,-2.780575,0.603718
99076,-3.397582,1.449729
99077,-3.304955,1.652478
99078,-3.650504,1.955573
99079,-2.941449,0.149460
99080,-3.304955,1.652478
99081,-2.641828,1.320914
99082,-2.337712,0.326239
99083,-2.605388,-0.134659
99084,-3.304955,1.652478
99085,-2.098256,0.455573
99086,-3.826239,1.652478
99087,-2.367905,-0.134659
99088,-3.911146,1.955573
99089,-2.717704,0.698220
99090,-3.822291,1.911146
99091,-2.347897,0.733052
99092,-3.484462,1.623490
99093,-3.822291,1.911146
99094,-3.065499,1.781812
99095,-3.824265,1.781812
99096,-3.095692,1.320914
99097,-3.158125,1.579063
99098,-3.658223,1.449729
99099,-0.131918,-0.033258
99100,-2.116349,-1.634021
99101,-0.087490,0.011169
99102,-2.730682,1.365341
99103,-3.652478,1.826239
99104,-3.490208,1.246980
99105,-3.161387,1.365341
99106,-3.333174,1.320914
99107,-1.588247,1.365341
99108,-2.826042,1.911146
99109,-2.334986,1.579063
99110,-3.563623,1.781812
99111,-2.899457,1.449729
99112,-2.700489,1.826239
99113,-3.911146,1.955573
99114,-3.822291,1.911146
99115,-3.822291,1.911146
99116,-3.563623,1.781812
99117,-2.383160,1.191580
99118,-1.554958,0.777479
99119,-3.304955,1.652478
99120,-0.332437,2.000000
99121,-3.095692,1.320914
99122,-2.885719,0.900969
99123,-3.822291,1.911146
99124,-2.242359,1.781812
99125,-3.215828,0.698220
99126,-3.281713,1.826239
99127,-2.461033,1.955573
99128,-3.955573,1.911146
99129,-3.911146,1.955573
99130,-2.576901,1.579063
99131,-3.268248,1.579063
99132,-3.692957,1.652478
99133,-3.484462,1.623490
99134,-2.993868,1.030303
99135,-2.106074,-0.658322
99136,0.269318,-0.134659
99137,-1.308725,-1.123490
99138,-3.326140,1.781812
99139,-3.153395,0.440071
99140,-2.141244,1.191580
99141,-2.526723,-0.425270
99142,-1.210838,0.222521
99143,-2.892753,0.440071
99144,0.000371,0.099031
99145,-1.072099,0.777479
99146,-0.589531,0.730682
99147,-3.650504,1.955573
99148,-3.658223,1.449729
99149,-2.540461,0.123490
99150,-2.184738,-0.367711
99151,-3.650504,1.955573
99152,-2.336959,1.449729
99153,-2.964384,1.191580
99154,-0.447472,-0.425270
99155,-0.700307,0.733052
99156,-2.141244,1.191580
99157,-2.208111,1.449729
99158,-2.272552,1.320914
99159,-2.374152,1.781812
99160,0.001651,0.440071
99161,-1.637893,1.955573
99162,-3.955573,1.911146
99163,-3.824265,1.781812
99164,-3.095692,1.320914
99165,-1.960449,1.826239
99166,-3.528889,1.579063
99167,-3.074730,0.149460
99168,-2.109756,0.123490
99169,-2.208111,1.449729
99170,-1.926590,-0.109562
99171,-1.906779,-0.535628
99172,-3.397582,1.449729
99173,-1.254687,0.698220
99174,-2.870469,2.000000
99175,-3.528889,1.579063
99176,-2.993868,1.030303
99177,-2.272552,1.320914
99178,-3.326140,1.781812
99179,-3.167133,0.988831
99180,-3.326140,1.781812
99181,-3.623490,1.246980
99182,-3.397582,1.449729
99183,-1.568917,-1.211352
99184,-2.141244,1.191580
99185,-2.669008,0.988831
99186,-2.644197,-0.445042
99187,-2.993868,1.030303
99188,-3.528889,1.579063
99189,-1.775215,0.326239
99190,-2.316833,-1.233052
99191,-3.911146,1.955573
99192,-3.528889,1.579063
99193,-3.246980,1.623490
99194,-2.337712,0.326239
99195,-3.065499,1.781812
99196,-3.866718,2.000000
99197,-3.692957,1.652478
99198,-3.484462,1.623490
99199,-3.484462,1.623490
99200,-3.779838,1.826239
99201,-3.102206,1.246980
99202,-2.605388,-0.134659
99203,-2.541119,0.733052
99204,-2.641828,1.320914
99205,-1.420728,1.030303
99206,-3.824265,1.781812
99207,-3.528889,1.579063
99208,-3.563623,1.781812
99209,-3.911146,1.955573
99210,-2.870469,2.000000
99211,-3.623490,1.246980
99212,-3.824265,1.781812
99213,-3.281713,1.826239
99214,-3.152379,1.955573
99215,-2.837543,1.579063
99216,-3.528889,1.579063
99217,-2.598822,-0.147791
99218,-2.109756,0.123490
99219,-1.762918,-1.211352
99220,-1.554958,0.777479
99221,-2.872277,1.781812
99222,-2.793116,1.623490
99223,1.726167,1.449729
99224,-1.873490,-1.123490
99225,-2.056191,-1.233052
99226,-2.572099,-0.722521
99227,-2.938128,0.142820
99228,-3.824265,1.781812
99229,-3.484462,1.623490
99230,-0.296416,-0.074730
99231,-3.911146,1.955573
99232,-2.941449,0.149460
99233,-2.899457,1.449729
99234,-1.557314,-0.109562
99235,-3.065499,1.781812
99236,-3.158125,1.579063
99237,-0.143651,0.123490
99238,-1.039708,-0.623490
99239,-0.873667,-0.955573
99240,-2.015156,0.455573
99241,-2.163198,1.623490
99242,-1.789708,1.246980
99243,-3.911146,1.955573
99244,-3.563623,1.781812
99245,-1.847313,0.603718
99246,-1.703282,0.440071
99247,-2.149460,1.074730
99248,-3.528889,1.579063
99249,-3.462508,1.191580
99250,-3.088468,0.698220
99251,-3.088468,0.698220
99252,-2.964384,1.191580
99253,-3.194833,1.652478
99254,-2.605388,-0.134659
99255,-0.447472,-0.425270
99256,-2.110972,-1.123490
99257,-1.409351,-0.147791
99258,-0.354198,-0.658322
99259,-2.526723,-0.425270
99260,-0.560521,1.449729
99261,-3.484462,1.623490
99262,-2.605388,-0.134659
99263,-2.837543,1.579063
99264,-3.152379,1.955573
99265,-3.658223,1.449729
99266,-3.051264,1.365341
99267,-3.074730,0.149460
99268,-2.440004,0.142820
99269,-3.167133,0.988831
99270,-3.528889,1.579063
99271,-3.281713,1.826239
99272,-3.232059,0.730682
99273,-1.960449,1.826239
99274,-3.911146,1.955573
99275,-3.333174,1.320914
99276,-2.899457,1.449729
99277,-3.658223,1.449729
99278,-3.911146,1.955573
99279,-3.658223,1.449729
99280,-3.281713,1.826239
99281,-3.484462,1.623490
99282,-2.144490,0.326239
99283,-1.801938,0.900969
99284,-3.152379,1.955573
99285,-2.440004,0.142820
99286,-2.440004,0.142820
99287,-3.692957,1.652478
99288,-3.528889,1.579063
99289,-3.528889,1.579063
99290,-1.170753,0.149460
99291,-3.102206,1.246980
99292,-3.623490,1.246980
99293,-3.955573,1.911146
99294,-3.658223,1.449729
99295,-3.095692,1.320914
99296,-3.434289,1.911146
99297,-3.167133,0.988831
99298,-1.394005,0.455573
99299,-3.866718,2.000000
99300,-3.123202,0.900969
99301,-1.349189,0.603718
99302,-3.779838,1.826239
99303,-3.658223,1.449729
99304,-1.420728,1.030303
99305,-1.027479,-0.277479
99306,0.897395,-1.466104
99307,-2.899457,1.449729
99308,-3.824265,1.781812
99309,-2.563163,1.030303
99310,-3.692957,1.652478
99311,-2.563163,1.030303
99312,-3.232059,0.730682
99313,-3.268248,1.579063
99314,-3.095692,1.320914
99315,-3.563623,1.781812
99316,-3.955573,1.911146
99317,-3.955573,1.911146
99318,-2.964384,1.191580
99319,-3.528889,1.579063
99320,-3.167133,0.988831
99321,-3.692957,1.652478
99322,-3.779838,1.826239
99323,-3.824265,1.781812
99324,-2.526723,-0.425270
99325,-3.563623,1.781812
99326,-3.246980,1.623490
99327,-3.563623,1.781812
99328,-3.232059,0.730682
99329,-3.824265,1.781812
99330,-3.563623,1.781812
99331,-3.866718,2.000000
99332,-1.462714,0.222521
99333,-2.873202,0.400969
99334,-3.427775,0.988831
99335,-3.095692,1.320914
99336,-2.993868,1.030303
99337,-3.563623,1.781812
99338,-3.528889,1.579063
99339,-1.594507,0.222521
99340,-3.074730,0.149460
99341,-2.163198,1.623490
99342,-3.462508,1.191580
99343,-1.254687,0.698220
99344,-3.281713,1.826239
99345,-1.210838,0.222521
99346,-1.601453,0.500000
99347,-2.837543,1.579063
99348,-3.563623,1.781812
99349,-2.051596,1.911146
99350,-3.911146,1.955573
99351,-0.816833,0.266948
99352,-3.694931,1.911146
99353,-2.461033,1.955573
99354,-3.563623,1.781812
99355,-3.326140,1.781812
99356,-3.779838,1.826239
99357,-3.326140,1.781812
99358,-3.623490,1.246980
99359,-1.214222,1.449729
99360,-2.228125,1.365341
99361,-2.100697,-0.147791
99362,-3.528889,1.579063
99363,-3.911146,1.955573
99364,-3.268248,1.579063
99365,-1.849772,0.733052
99366,-3.088468,0.698220
99367,-3.692957,1.652478
99368,-3.824265,1.781812
99369,-2.109756,0.123490
99370,-3.281713,1.826239
99371,-3.563623,1.781812
99372,-2.374152,1.781812
99373,-3.281713,1.826239
99374,-3.281713,1.826239
99375,-1.695108,1.579063
99376,-3.462508,1.191580
99377,-2.938128,0.142820
99378,-3.563623,1.781812
99379,-3.650504,1.955573
99380,-2.056191,-1.233052
99381,-3.692957,1.652478
99382,-3.955573,1.911146
99383,-3.074730,0.149460
99384,-1.594507,0.222521
99385,-2.311457,-0.722521
99386,-3.281713,1.826239
99387,-3.462508,1.191580
99388,-3.167133,0.988831
99389,-3.246980,1.623490
99390,-3.563623,1.781812
99391,-0.756100,1.955573
99392,-2.184738,-0.367711
99393,-2.641828,1.320914
99394,-2.349870,0.603718
99395,-3.563623,1.781812
99396,0.239354,-0.074730
99397,-2.706235,1.449729
99398,-3.304955,1.652478
99399,-3.246980,1.623490
99400,-2.717704,0.698220
99401,-2.793116,1.623490
99402,-2.144490,0.326239
99403,-2.367905,-0.134659
99404,-1.955475,-0.826239
99405,-2.184738,-0.367711
99406,-3.397582,1.449729
99407,-0.538874,0.099031
99408,-0.563340,0.698220
99409,-3.281713,1.826239
99410,-1.375695,-1.211352
99411,-3.335148,1.191580
99412,-2.810768,0.142820
99413,-2.430339,0.123490
99414,-2.541119,0.733052
99415,-3.215828,0.698220
99416,-0.121146,-0.425270
99417,-1.928302,-1.488831
99418,-2.541119,0.733052
99419,-2.374152,1.781812
99420,-3.167133,0.988831
99421,-1.789708,1.246980
99422,-3.397582,1.449729
99423,-3.563623,1.781812
99424,-1.394005,0.455573
99425,-3.281713,1.826239
99426,-3.102206,1.246980
99427,-2.859464,-0.147791
99428,-2.176109,0.777479
99429,-3.484462,1.623490
99430,-2.883745,1.030303
99431,-2.873202,0.400969
99432,-2.717704,0.698220
99433,-3.656250,1.579063
99434,-3.658223,1.449729
99435,-3.656250,1.579063
99436,-3.822291,1.911146
99437,-2.272552,1.320914
99438,-3.335148,1.191580
99439,-0.285640,0.142820
99440,-1.801938,0.900969
99441,-1.225625,-1.123490
99442,0.262522,-0.425270
99443,-2.430339,0.123490
99444,-1.965750,-1.801938
99445,-2.526723,-0.425270
99446,-2.576901,1.579063
99447,-2.242359,1.781812
99448,-2.109756,0.123490
99449,-2.430339,0.123490
99450,-3.123202,0.900969
99451,-3.652478,1.826239
99452,-2.261572,-0.955573
99453,-2.844057,0.730682
99454,-3.153395,0.440071
99455,-0.938334,-0.826239
99456,-1.551584,-1.634021
99457,-2.367905,-0.134659
99458,-3.167133,0.988831
99459,-3.051264,1.365341
99460,-3.333174,1.320914
99461,-2.835050,1.320914
99462,-3.528889,1.579063
99463,-0.689843,0.400969
99464,-0.686458,-0.826239
99465,-1.574293,-1.721883
99466,-2.366718,-1.000000
99467,-2.711958,1.074730
99468,-0.437586,-0.445042
99469,-3.484462,1.623490
99470,-3.335148,1.191580
99471,-1.833963,0.093187
99472,-3.153395,0.440071
99473,-2.899457,1.449729
99474,-3.650504,1.955573
99475,-3.158125,1.579063
99476,-2.261572,-0.955573
99477,-2.256195,-0.445042
99478,-3.335148,1.191580
99479,-3.333174,1.320914
99480,-2.700489,1.826239
99481,-2.430339,0.123490
99482,-3.822291,1.911146
99483,-1.978621,0.733052
99484,-1.384971,1.449729
99485,-0.864659,-0.365341
99486,-0.983709,-1.123490
99487,-3.528889,1.579063
99488,-3.692957,1.652478
99489,-2.885719,0.900969
99490,-2.110972,-1.123490
99491,-1.713557,-0.535628
99492,-3.152379,1.955573
99493,-2.598822,-0.147791
99494,-3.167133,0.988831
99495,-3.427775,0.988831
99496,-3.911146,1.955573
99497,-3.824265,1.781812
99498,-3.088468,0.698220
99499,-1.978716,-1.000000
99500,-3.866718,2.000000
99501,-2.431855,0.900969
99502,-3.427775,0.988831
99503,-2.272552,1.320914
99504,-3.911146,1.955573
99505,-2.964384,1.191580
99506,-3.232059,0.730682
99507,-3.167133,0.988831
99508,-0.589531,0.730682
99509,-3.563623,1.781812
99510,-3.955573,1.911146
99511,-3.397582,1.449729
99512,-2.993868,1.030303
99513,-2.899457,1.449729
99514,-3.281713,1.826239
99515,-2.793116,1.623490
99516,-2.005777,-1.721883
99517,0.194373,0.099031
99518,-1.965750,-1.801938
99519,-1.762008,1.191580
99520,-2.242359,1.781812
99521,-1.207436,0.603718
99522,-1.534266,-1.801938
99523,-3.911146,1.955573
99524,-3.563623,1.781812
99525,-3.911146,1.955573
99526,-0.938334,-0.826239
99527,0.417869,0.440071
99528,-3.167133,0.988831
99529,-0.226309,-0.914101
99530,-3.158125,1.579063
99531,-3.650504,1.955573
99532,-3.095692,1.320914
99533,-3.215828,0.698220
99534,-3.152379,1.955573
99535,-1.794458,-1.889800
99536,-2.598822,-0.147791
99537,-3.824265,1.781812
99538,-3.692957,1.652478
99539,-3.427775,0.988831
99540,-3.434289,1.911146
99541,-3.268248,1.579063
99542,-3.866718,2.000000
99543,-3.658223,1.449729
99544,-3.281713,1.826239
99545,-2.440004,0.142820
99546,-2.706235,1.449729
99547,-2.835050,1.320914
99548,-2.964384,1.191580
99549,-3.779838,1.826239
99550,0.938944,0.988831
99551,-1.466104,0.733052
99552,-3.397582,1.449729
99553,-3.650504,1.955573
99554,-3.866718,2.000000
99555,-3.281713,1.826239
99556,-2.885719,0.900969
99557,-3.824265,1.781812
99558,-3.692957,1.652478
99559,-3.658223,1.449729
99560,-2.235810,0.730682
99561,-3.694931,1.911146
99562,-3.484462,1.623490
99563,-3.866718,2.000000
99564,-1.977662,0.988831
99565,-2.641828,1.320914
99566,-3.268248,1.579063
99567,-2.410859,1.246980
99568,-3.167133,0.988831
99569,-2.885719,0.900969
99570,-3.065499,1.781812
99571,-1.934194,0.777479
99572,-3.051264,1.365341
99573,-2.644197,-0.445042
99574,-1.624178,-1.488831
99575,-1.233709,-0.623490
99576,-3.563623,1.781812
99577,-2.706235,1.449729
99578,-3.462508,1.191580
99579,-2.635719,0.400969
99580,-3.153395,0.440071
99581,-2.410859,1.246980
99582,-3.779838,1.826239
99583,-2.011910,1.320914
99584,-2.993868,1.030303
99585,-3.563623,1.781812
99586,-3.095692,1.320914
99587,-3.528889,1.579063
99588,-0.867905,1.365341
99589,-3.911146,1.955573
99590,-1.934194,0.777479
99591,-3.281713,1.826239
99592,-3.484462,1.623490
99593,-3.102206,1.246980
99594,-3.779838,1.826239
99595,-3.326140,1.781812
99596,-3.051264,1.365341
99597,-3.779838,1.826239
99598,-3.563623,1.781812
99599,-3.281713,1.826239
99600,-3.095692,1.320914
99601,-2.576901,1.579063
99602,-0.913353,-0.365341
99603,-0.044541,-0.074730
99604,0.972600,-0.074730
99605,-2.717704,0.698220
99606,-1.855707,-1.634021
99607,-1.607199,0.123490
99608,-3.652478,1.826239
99609,-3.427775,0.988831
99610,-3.324167,1.911146
99611,-3.158125,1.579063
99612,-3.563623,1.781812
99613,-2.493959,1.246980
99614,-1.185762,-1.977662
99615,-1.022292,-0.658322
99616,-1.917063,0.093187
99617,-3.650504,1.955573
99618,-3.694931,1.911146
99619,-3.102206,1.246980
99620,-2.526723,-0.425270
99621,-2.163198,1.623490
99622,-3.088468,0.698220
99623,-3.779838,1.826239
99624,-1.719513,1.246980
99625,-2.899457,1.449729
99626,-1.978621,0.733052
99627,-3.779838,1.826239
99628,-3.153395,0.440071
99629,-2.885719,0.900969
99630,-2.343556,-0.658322
99631,-0.250000,-1.000000
99632,0.219124,-0.109562
99633,-3.123202,0.900969
99634,-3.652478,1.826239
99635,-3.490208,1.246980
99636,-3.656250,1.579063
99637,-2.885719,0.900969
99638,-3.652478,1.826239
99639,-3.911146,1.955573
99640,-2.711958,1.074730
99641,-3.161387,1.365341
99642,-1.088404,-0.914101
99643,-1.734301,-1.488831
99644,-3.656250,1.579063
99645,-1.771749,-1.801938
99646,-2.065597,-0.826239
99647,-3.281713,1.826239
99648,-2.208111,1.449729
99649,-3.194833,1.652478
99650,-2.644197,-0.445042
99651,-3.095692,1.320914
99652,-2.576901,1.579063
99653,-2.899457,1.449729
99654,-2.669008,0.988831
99655,-3.088468,0.698220
99656,-0.087490,0.011169
99657,-1.652210,-0.658322
99658,-0.296416,-0.074730
99659,-3.658223,1.449729
99660,-3.563623,1.781812
99661,-3.152379,1.955573
99662,-3.434289,1.911146
99663,-3.694931,1.911146
99664,-3.650504,1.955573
99665,-3.658223,1.449729
99666,-2.899457,1.449729
99667,-2.015156,0.455573
99668,-2.872277,1.781812
99669,-2.641828,1.320914
99670,-2.294861,-0.367711
99671,-1.507653,-1.721883
99672,-3.866718,2.000000
99673,-3.658223,1.449729
99674,-3.779838,1.826239
99675,-3.528889,1.579063
99676,-3.102206,1.246980
99677,-2.670453,0.603718
99678,-3.246980,1.623490
99679,-1.492359,1.781812
99680,-1.955475,-0.826239
99681,-2.383160,1.191580
99682,-3.822291,1.911146
99683,-2.641828,1.320914
99684,-2.874250,1.652478
99685,-3.161387,1.365341
99686,-3.911146,1.955573
99687,-2.872277,1.781812
99688,-3.490208,1.246980
99689,-2.874250,1.652478
99690,-1.762008,1.191580
99691,-3.656250,1.579063
99692,-2.835050,1.320914
99693,-2.899457,1.449729
99694,-3.822291,1.911146
99695,-3.326140,1.781812
99696,-3.822291,1.911146
99697,-3.911146,1.955573
99698,-3.427775,0.988831
99699,-3.824265,1.781812
99700,-3.324167,1.911146
99701,-2.892753,0.440071
99702,-2.730682,1.365341
99703,-3.822291,1.911146
99704,-3.652478,1.826239
99705,-2.385621,1.030303
99706,-2.654083,-0.425270
99707,-3.123202,0.900969
99708,-2.493959,1.246980
99709,-2.155959,-0.425270
99710,-2.873202,0.400969
99711,-2.874250,1.652478
99712,-2.383160,1.191580
99713,-2.826042,1.911146
99714,-1.384971,1.449729
99715,-3.167133,0.988831
99716,-2.110972,-1.123490
99717,-3.335148,1.191580
99718,-3.246980,1.623490
99719,-3.215828,0.698220
99720,-3.335148,1.191580
99721,-2.717704,0.698220
99722,-1.652210,-0.658322
99723,-3.563623,1.781812
99724,-3.158125,1.579063
99725,-3.826239,1.652478
99726,-3.652478,1.826239
99727,-3.822291,1.911146
99728,-2.844057,0.730682
99729,-3.563623,1.781812
99730,-3.158125,1.579063
99731,-2.430339,0.123490
99732,-3.153395,0.440071
99733,-0.088566,-1.634021
99734,0.707448,0.455573
99735,-3.563623,1.781812
99736,-3.563623,1.781812
99737,-3.528889,1.579063
99738,-0.534124,-0.134659
99739,-2.388932,-0.955573
99740,-3.333174,1.320914
99741,-2.163198,1.623490
99742,-1.914041,-0.134659
99743,-2.835050,1.320914
99744,-3.563623,1.781812
99745,-0.349031,0.400969
99746,-3.779838,1.826239
99747,-2.706235,1.449729
99748,-0.712635,-0.074730
99749,-1.921819,-1.889800
99750,-2.563163,1.030303
99751,-3.333174,1.320914
99752,-0.354198,-0.658322
99753,-0.521367,-0.277479
99754,-1.607199,0.123490
99755,-0.159449,-0.109562
99756,-2.885719,0.900969
99757,-3.397582,1.449729
99758,-3.658223,1.449729
99759,-2.576901,1.579063
99760,-2.343556,-0.658322
99761,-3.692957,1.652478
99762,-3.232059,0.730682
99763,-3.866718,2.000000
99764,-3.281713,1.826239
99765,-3.051264,1.365341
99766,-3.563623,1.781812
99767,-3.911146,1.955573
99768,-2.394628,0.440071
99769,-3.051264,1.365341
99770,-2.711958,1.074730
99771,-3.152379,1.955573
99772,-3.333174,1.320914
99773,-3.194833,1.652478
99774,-3.427775,0.988831
99775,-3.484462,1.623490
99776,-2.242359,1.781812
99777,-2.576901,1.579063
99778,-0.771367,0.222521
99779,-0.121146,-0.425270
99780,-2.311457,-0.722521
99781,-3.304955,1.652478
99782,0.508862,-1.466104
99783,-0.966034,-0.162592
99784,-2.540461,0.123490
99785,-2.964384,1.191580
99786,-2.859464,-0.147791
99787,-3.152379,1.955573
99788,-1.550062,0.900969
99789,-3.824265,1.781812
99790,-1.466104,0.733052
99791,-2.302521,1.030303
99792,-1.801938,0.900969
99793,-3.692957,1.652478
99794,-3.281713,1.826239
99795,-1.568917,-1.211352
99796,-3.215828,0.698220
99797,-0.860591,0.400969
99798,-0.864659,-0.365341
99799,-1.308725,-1.123490
99800,-3.694931,1.911146
99801,-3.246980,1.623490
99802,-2.576901,1.579063
99803,-3.326140,1.781812
99804,-1.727818,-1.889800
99805,-2.541119,0.733052
99806,-0.621791,-0.955573
99807,-2.181855,0.400969
99808,-3.304955,1.652478
99809,-2.149460,1.074730
99810,-3.822291,1.911146
99811,-2.349870,0.603718
99812,-2.343556,-0.658322
99813,-2.208111,1.449729
99814,-2.793116,1.623490
99815,-3.333174,1.320914
99816,-3.484462,1.623490
99817,-3.326140,1.781812
99818,-3.822291,1.911146
99819,-2.874250,1.652478
99820,-3.658223,1.449729
99821,-2.717704,0.698220
99822,-1.873040,-1.211352
99823,-2.654083,-0.425270
99824,-2.700489,1.826239
99825,-2.793116,1.623490
99826,-3.333174,1.320914
99827,-0.734763,-0.722521
99828,-1.928302,-1.488831
99829,-3.158125,1.579063
99830,-2.541119,0.733052
99831,-3.152379,1.955573
99832,-3.333174,1.320914
99833,-3.652478,1.826239
99834,-3.911146,1.955573
99835,-2.431855,0.900969
99836,-1.588247,1.365341
99837,-3.397582,1.449729
99838,-3.333174,1.320914
99839,-1.551938,0.400969
99840,0.050350,0.123490
99841,-2.316833,-1.233052
99842,-0.913353,-0.365341
99843,-1.648630,-0.277479
99844,-1.855707,-1.634021
99845,-0.928928,-1.233052
99846,-2.810768,0.142820
99847,-2.810768,0.142820
99848,-3.304955,1.652478
99849,-2.168944,1.246980
99850,-3.656250,1.579063
99851,-3.911146,1.955573
99852,-0.266837,-0.445042
99853,-2.553446,0.149460
99854,-2.993868,1.030303
99855,-3.866718,2.000000
99856,-2.259209,0.777479
99857,-3.692957,1.652478
99858,-2.116349,-1.634021
99859,-2.110972,-1.123490
99860,-2.873202,0.400969
99861,-2.383160,1.191580
99862,-3.563623,1.781812
99863,-3.822291,1.911146
99864,-3.826239,1.652478
99865,-2.294861,-0.367711
99866,-1.864156,-0.367711
99867,-3.123202,0.900969
99868,-2.163198,1.623490
99869,-3.656250,1.579063
99870,-3.158125,1.579063
99871,-2.100697,-0.147791
99872,-3.658223,1.449729
99873,0.215734,0.400969
99874,-2.883745,1.030303
99875,-3.911146,1.955573
99876,-0.117905,-0.134659
99877,-0.821489,0.440071
99878,-3.161387,1.365341
99879,-3.167133,0.988831
99880,-3.822291,1.911146
99881,-1.594507,0.222521
99882,-3.822291,1.911146
99883,-2.872277,1.781812
99884,-2.844057,0.730682
99885,-1.703282,0.440071
99886,-1.419626,-1.123490
99887,0.501583,0.603718
99888,-3.478716,2.000000
99889,-3.484462,1.623490
99890,-0.131104,1.365341
99891,-2.669008,0.988831
99892,-3.652478,1.826239
99893,-0.669220,1.781812
99894,-2.394628,0.440071
99895,-3.158125,1.579063
99896,-2.844057,0.730682
99897,-3.161387,1.365341
99898,-3.158125,1.579063
99899,-0.721721,-0.367711
99900,-0.604474,-1.123490
99901,-0.816833,0.266948
99902,-1.169803,1.911146
99903,-2.964384,1.191580
99904,-2.394628,0.440071
99905,-2.644197,-0.445042
99906,-2.670453,0.603718
99907,-3.051264,1.365341
99908,-3.779838,1.826239
99909,-2.302521,1.030303
99910,1.505663,1.191580
99911,-3.123202,0.900969
99912,-3.528889,1.579063
99913,-2.885719,0.900969
99914,-3.623490,1.246980
99915,-1.214222,1.449729
99916,0.556302,0.222521
99917,-0.642527,-0.914101
99918,-1.534266,-1.801938
99919,-2.337712,0.326239
99920,-3.822291,1.911146
99921,-3.490208,1.246980
99922,-2.885719,0.900969
99923,-2.181855,0.400969
99924,-2.883745,1.030303
99925,-2.256195,-0.445042
99926,-3.652478,1.826239
99927,-3.563623,1.781812
99928,-3.335148,1.191580
99929,-3.824265,1.781812
99930,-3.650504,1.955573
99931,-2.892753,0.440071
99932,-0.864659,-0.365341
99933,-2.941449,0.149460
99934,-3.397582,1.449729
99935,-3.824265,1.781812
99936,-3.153395,0.440071
99937,-3.824265,1.781812
99938,-3.158125,1.579063
99939,-1.594507,0.222521
99940,-2.669008,0.988831
99941,-2.208111,1.449729
99942,-1.466104,0.733052
99943,-3.333174,1.320914
99944,-2.349870,0.603718
99945,-3.656250,1.579063
99946,-3.656250,1.579063
99947,-0.784266,0.900969
99948,-2.144490,0.326239
99949,-2.149460,1.074730
99950,-1.762008,1.191580
99951,0.102598,0.123490
99952,-0.179571,1.191580
99953,-2.837543,1.579063
99954,-1.960449,1.826239
99955,-3.563623,1.781812
99956,-2.872277,1.781812
99957,-2.899457,1.449729
99958,-3.911146,1.955573
99959,-2.837543,1.579063
99960,-3.153395,0.440071
99961,-1.794458,-1.889800
99962,-2.385621,1.030303
99963,-3.652478,1.826239
99964,-3.215828,0.698220
99965,-1.396440,0.698220
99966,-1.845869,0.988831
99967,-2.518736,1.074730
99968,-3.304955,1.652478
99969,-3.478716,2.000000
99970,-4.000000,2.000000
99971,-3.427775,0.988831
99972,-3.158125,1.579063
99973,-3.824265,1.781812
99974,-2.461033,1.955573
99975,-2.168944,1.246980
99976,-2.461033,1.955573
99977,-2.598822,-0.147791
99978,-0.567329,-0.365341
99979,-2.181855,0.400969
99980,-2.644197,-0.445042
99981,-3.434289,1.911146
99982,-2.272552,1.320914
99983,-3.051264,1.365341
99984,-3.692957,1.652478
99985,-2.859464,-0.147791
99986,-3.281713,1.826239
99987,-0.492457,-0.826239
99988,-2.892753,0.440071
99989,-3.650504,1.955573
99990,-3.326140,1.781812
99991,-3.232059,0.730682
99992,-3.333174,1.320914
99993,-2.526723,-0.425270
99994,-2.793116,1.623490
99995,-2.208111,1.449729
99996,-2.109756,0.123490
99997,-2.563163,1.030303
99998,-1.462714,0.222521
99999,-1.361599,-0.367711
100000,-2.993868,1.030303
